polygon_id,Forest_t0,Agriculture_t0,Other_t0,Area_Total_t0,forest_sp_t0,agriculture_sp_t0,generalist_sp_t0,Sp_Total_t0,Forest_t1,Agriculture_t1,Other_t1,Area_Total_t1,forest_sp_t1,agriculture_sp_t1,generalist_sp_t1,Sp_Total_t1,delta_Forest,delta_Agriculture,delta_Other,delta_Area_Total,delta_forest_sp,delta_agriculture_sp,delta_generalist_sp,delta_Sp_Total
1_001,147070000,292150000,2050920000,2490140000,21,25,67,113,124760000,247110000,2118270000,2490140000,23,21,75,119,-22310000,-45040000,67350000,0,2,-4,8,6
1_002,172980000,395020000,1630040000,2198040000,20,24,65,109,145150000,388660000,1664230000,2198040000,16,22,61,99,-27830000,-6360000,34190000,0,-4,-2,-4,-10
1_003,175890000,1257450000,1066660000,2500000000,26,28,69,123,181440000,1195730000,1122830000,2500000000,22,21,67,110,5550000,-61720000,56170000,0,-4,-7,-2,-13
1_004,619460000,781250000,1099290000,2500000000,23,24,60,107,477670000,685220000,1337110000,2500000000,23,27,62,112,-141790000,-96030000,237820000,0,0,3,2,5
1_005,565210000,517030000,1417760000,2500000000,26,27,73,126,346850000,449720000,1703430000,2500000000,25,28,73,126,-218360000,-67310000,285670000,0,-1,1,0,0
1_006,248050000,1979790000,272160000,2500000000,21,29,61,111,167350000,1758200000,574450000,2500000000,21,30,72,123,-80700000,-221590000,302290000,0,0,1,11,12
1_007,991010000,445190000,1063800000,2500000000,20,26,67,113,696300000,498280000,1305420000,2500000000,22,18,60,100,-294710000,53090000,241620000,0,2,-8,-7,-13
1_008,597140000,1807380000,95480000,2500000000,21,29,70,120,200940000,1827710000,471350000,2500000000,23,28,74,125,-396200000,20330000,375870000,0,2,-1,4,5
1_009,469440000,1897980000,132580000,2500000000,23,30,65,118,309660000,1837590000,352750000,2500000000,23,32,82,137,-159780000,-60390000,220170000,0,0,2,17,19
1_010,597850000,1300620000,601530000,2500000000,22,26,68,116,507050000,1229450000,763500000,2500000000,25,26,75,126,-90800000,-71170000,161970000,0,3,0,7,10
1_011,719640000,1444340000,336020000,2500000000,22,28,72,122,610450000,1457110000,432440000,2500000000,24,28,78,130,-109190000,12770000,96420000,0,2,0,6,8
1_012,1221380000,659120000,619500000,2500000000,24,21,58,103,690250000,557200000,1252550000,2500000000,25,16,66,107,-531130000,-101920000,633050000,0,1,-5,8,4
1_013,1340190000,1046150000,113660000,2500000000,24,26,71,121,1195260000,1019350000,285390000,2500000000,25,22,67,114,-144930000,-26800000,171730000,0,1,-4,-4,-7
1_014,922150000,855170000,722680000,2500000000,21,25,67,113,867320000,811630000,821050000,2500000000,18,24,65,107,-54830000,-43540000,98370000,0,-3,-1,-2,-6
1_015,1456990000,358370000,684640000,2500000000,25,20,59,104,727390000,344930000,1427680000,2500000000,25,13,58,96,-729600000,-13440000,743040000,0,0,-7,-1,-8
1_016,148730000,854620000,1496650000,2500000000,25,31,73,129,122960000,800110000,1576930000,2500000000,22,28,77,127,-25770000,-54510000,80280000,0,-3,-3,4,-2
1_017,845680000,604670000,1049650000,2500000000,28,26,72,126,428910000,710430000,1360660000,2500000000,23,26,58,107,-416770000,105760000,311010000,0,-5,0,-14,-19
1_018,414280000,744400000,1341320000,2500000000,25,29,76,130,268670000,836450000,1394880000,2500000000,26,32,82,140,-145610000,92050000,53560000,0,1,3,6,10
1_019,439840000,1858190000,201970000,2500000000,22,28,67,117,247410000,1806490000,446100000,2500000000,24,27,76,127,-192430000,-51700000,244130000,0,2,-1,9,10
1_020,466820000,1356390000,676790000,2500000000,28,29,74,131,380690000,1471040000,648270000,2500000000,26,25,76,127,-86130000,114650000,-28520000,0,-2,-4,2,-4
1_021,380550000,2010980000,108470000,2500000000,18,28,67,113,168510000,1698900000,632590000,2500000000,18,26,69,113,-212040000,-312080000,524120000,0,0,-2,2,0
1_022,122230000,1766120000,611650000,2500000000,31,36,76,143,123410000,1844420000,532170000,2500000000,33,31,86,150,1180000,78300000,-79480000,0,2,-5,10,7
1_023,786170000,983310000,730520000,2500000000,26,26,68,120,367440000,968540000,1164020000,2500000000,25,24,71,120,-418730000,-14770000,433500000,0,-1,-2,3,0
1_024,484080000,1091590000,924330000,2500000000,33,34,80,147,267670000,1074310000,1158020000,2500000000,29,28,78,135,-216410000,-17280000,233690000,0,-4,-6,-2,-12
1_025,50250000,783370000,1666380000,2500000000,23,40,92,155,39860000,768310000,1691830000,2500000000,26,41,100,167,-10390000,-15060000,25450000,0,3,1,8,12
1_026,15130000,55280000,1668920000,1739330000,20,33,75,128,15690000,31970000,1691670000,1739330000,20,27,75,122,560000,-23310000,22750000,0,0,-6,0,-6
1_027,688730000,741300000,1069970000,2500000000,31,25,77,133,572660000,767310000,1160030000,2500000000,27,28,76,131,-116070000,26010000,90060000,0,-4,3,-1,-2
1_028,505860000,1099070000,895070000,2500000000,16,16,54,86,902670000,960240000,637090000,2500000000,18,17,56,91,396810000,-138830000,-257980000,0,2,1,2,5
1_029,283010000,1637100000,579890000,2500000000,24,25,68,117,306960000,1560060000,632980000,2500000000,27,26,70,123,23950000,-77040000,53090000,0,3,1,2,6
1_030,64010000,904160000,1531830000,2500000000,26,33,78,137,83550000,927110000,1489340000,2500000000,28,31,80,139,19540000,22950000,-42490000,0,2,-2,2,2
1_031,133870000,1985160000,380970000,2500000000,25,36,77,138,106360000,1936770000,456870000,2500000000,30,31,92,153,-27510000,-48390000,75900000,0,5,-5,15,15
1_032,96380000,1353660000,1049960000,2500000000,27,34,79,140,105550000,1452780000,941670000,2500000000,32,31,90,153,9170000,99120000,-108290000,0,5,-3,11,13
1_033,219170000,163890000,1886850000,2269910000,11,16,46,73,221930000,150110000,1897870000,2269910000,15,12,47,74,2760000,-13780000,11020000,0,4,-4,1,1
1_034,462900000,289980000,1631840000,2384720000,16,19,59,94,378310000,291380000,1715030000,2384720000,19,24,65,108,-84590000,1400000,83190000,0,3,5,6,14
1_035,594330000,1031150000,874520000,2500000000,21,16,50,87,393800000,1022140000,1084060000,2500000000,26,17,59,102,-200530000,-9010000,209540000,0,5,1,9,15
1_036,1017820000,635340000,846840000,2500000000,24,18,54,96,717870000,615100000,1167030000,2500000000,23,14,57,94,-299950000,-20240000,320190000,0,-1,-4,3,-2
1_037,748630000,529020000,1222350000,2500000000,21,20,68,109,790910000,449450000,1259640000,2500000000,25,21,70,116,42280000,-79570000,37290000,0,4,1,2,7
1_038,616790000,665380000,1217830000,2500000000,24,21,65,110,395660000,676390000,1427950000,2500000000,17,17,65,99,-221130000,11010000,210120000,0,-7,-4,0,-11
1_039,602590000,694890000,1202520000,2500000000,23,26,68,117,939720000,490910000,1069370000,2500000000,27,20,72,119,337130000,-203980000,-133150000,0,4,-6,4,2
1_040,445530000,474580000,1579890000,2500000000,26,25,78,129,368620000,461670000,1669710000,2500000000,26,17,69,112,-76910000,-12910000,89820000,0,0,-8,-9,-17
1_041,771040000,1126010000,602950000,2500000000,17,24,61,102,880200000,904580000,715220000,2500000000,21,21,62,104,109160000,-221430000,112270000,0,4,-3,1,2
1_042,993420000,751790000,754790000,2500000000,21,23,63,107,1020590000,641400000,838010000,2500000000,21,25,72,118,27170000,-110390000,83220000,0,0,2,9,11
1_043,632550000,1133560000,733890000,2500000000,18,18,56,92,959760000,1026110000,514130000,2500000000,19,18,60,97,327210000,-107450000,-219760000,0,1,0,4,5
1_044,481470000,784390000,1234140000,2500000000,25,21,61,107,330930000,781840000,1387230000,2500000000,26,19,74,119,-150540000,-2550000,153090000,0,1,-2,13,12
1_045,510000000,769190000,1220810000,2500000000,36,31,78,145,426730000,772570000,1300700000,2500000000,29,23,70,122,-83270000,3380000,79890000,0,-7,-8,-8,-23
1_046,367300000,1209360000,923340000,2500000000,24,22,56,102,231880000,1226180000,1041940000,2500000000,29,19,71,119,-135420000,16820000,118600000,0,5,-3,15,17
1_047,401060000,986000000,1112940000,2500000000,23,25,59,107,300270000,1008810000,1190920000,2500000000,25,19,64,108,-100790000,22810000,77980000,0,2,-6,5,1
1_048,240340000,1373610000,886050000,2500000000,31,31,69,131,136740000,1328340000,1034920000,2500000000,33,24,75,132,-103600000,-45270000,148870000,0,2,-7,6,1
1_049,117380000,1164760000,1217860000,2500000000,33,32,83,148,97310000,1087810000,1314880000,2500000000,33,25,76,134,-20070000,-76950000,97020000,0,0,-7,-7,-14
1_050,398500000,721480000,1380020000,2500000000,25,29,72,126,658310000,631120000,1210570000,2500000000,31,26,80,137,259810000,-90360000,-169450000,0,6,-3,8,11
1_051,363420000,1231180000,905400000,2500000000,31,28,75,134,289820000,1128300000,1081880000,2500000000,27,22,75,124,-73600000,-102880000,176480000,0,-4,-6,0,-10
1_052,286230000,1301070000,912700000,2500000000,30,27,77,134,278760000,1309910000,911330000,2500000000,31,19,77,127,-7470000,8840000,-1370000,0,1,-8,0,-7
1_053,443140000,1173540000,883320000,2500000000,21,20,66,107,936380000,973730000,589890000,2500000000,19,18,61,98,493240000,-199810000,-293430000,0,-2,-2,-5,-9
1_054,932070000,543190000,1024740000,2500000000,30,23,73,126,932320000,351770000,1215910000,2500000000,30,21,71,122,250000,-191420000,191170000,0,0,-2,-2,-4
1_055,858840000,549600000,1091560000,2500000000,17,21,54,92,962640000,422910000,1114450000,2500000000,18,19,49,86,103800000,-126690000,22890000,0,1,-2,-5,-6
1_056,606810000,682430000,1210760000,2500000000,36,30,80,146,593010000,669810000,1237180000,2500000000,35,30,87,152,-13800000,-12620000,26420000,0,-1,0,7,6
1_057,303540000,1296320000,900140000,2500000000,32,29,72,133,86650000,1243240000,1170110000,2500000000,32,30,84,146,-216890000,-53080000,269970000,0,0,1,12,13
1_058,220280000,1427780000,851940000,2500000000,35,37,86,158,138430000,1375380000,986190000,2500000000,30,31,71,132,-81850000,-52400000,134250000,0,-5,-6,-15,-26
1_059,666910000,1084110000,748980000,2500000000,31,28,72,131,324290000,883140000,1292570000,2500000000,33,28,80,141,-342620000,-200970000,543590000,0,2,0,8,10
1_060,582370000,136120000,1781510000,2500000000,29,18,59,106,663010000,186100000,1650890000,2500000000,33,21,72,126,80640000,49980000,-130620000,0,4,3,13,20
1_061,1120680000,441330000,937990000,2500000000,27,27,67,121,887670000,241270000,1371060000,2500000000,34,22,72,128,-233010000,-200060000,433070000,0,7,-5,5,7
1_062,5310000,35110000,1799620000,1840040000,13,30,64,107,9570000,28480000,1801990000,1840040000,7,24,51,82,4260000,-6630000,2370000,0,-6,-6,-13,-25
1_063,58030000,57560000,2221560000,2337150000,15,26,63,104,88650000,24020000,2224480000,2337150000,9,19,47,75,30620000,-33540000,2920000,0,-6,-7,-16,-29
1_064,37110000,112050000,2350840000,2500000000,19,27,69,115,40170000,64350000,2395480000,2500000000,15,17,54,86,3060000,-47700000,44640000,0,-4,-10,-15,-29
1_065,27670000,84540000,2387790000,2500000000,10,21,54,85,32590000,143050000,2324360000,2500000000,17,21,52,90,4920000,58510000,-63430000,0,7,0,-2,5
1_066,119890000,190870000,2189240000,2500000000,10,19,47,76,168700000,319410000,2011890000,2500000000,16,22,52,90,48810000,128540000,-177350000,0,6,3,5,14
1_067,32620000,163980000,2303400000,2500000000,18,25,63,106,85680000,250090000,2164230000,2500000000,11,21,52,84,53060000,86110000,-139170000,0,-7,-4,-11,-22
1_068,23120000,113910000,2356180000,2493210000,13,26,58,97,27190000,115700000,2350320000,2493210000,15,22,60,97,4070000,1790000,-5860000,0,2,-4,2,0
1_069,112360000,353130000,2034510000,2500000000,17,28,57,102,125210000,176200000,2198590000,2500000000,17,27,54,98,12850000,-176930000,164080000,0,0,-1,-3,-4
1_070,36010000,117270000,2282530000,2435810000,17,29,70,116,59540000,148750000,2227520000,2435810000,13,22,50,85,23530000,31480000,-55010000,0,-4,-7,-20,-31
1_071,70190000,171530000,2258280000,2500000000,16,27,61,104,83130000,213150000,2203720000,2500000000,15,23,58,96,12940000,41620000,-54560000,0,-1,-4,-3,-8
1_072,173250000,328050000,1998700000,2500000000,19,30,53,102,249280000,174700000,2076020000,2500000000,16,20,51,87,76030000,-153350000,77320000,0,-3,-10,-2,-15
1_073,184890000,326790000,1988320000,2500000000,20,31,56,107,186730000,371930000,1941340000,2500000000,17,29,50,96,1840000,45140000,-46980000,0,-3,-2,-6,-11
1_074,10730000,71200000,2256140000,2338070000,20,30,68,118,11450000,79630000,2246990000,2338070000,14,29,63,106,720000,8430000,-9150000,0,-6,-1,-5,-12
1_075,185500000,543890000,1770610000,2500000000,16,22,59,97,185020000,222810000,2092170000,2500000000,16,13,47,76,-480000,-321080000,321560000,0,0,-9,-12,-21
1_076,35240000,442590000,2022170000,2500000000,13,18,50,81,33070000,204340000,2262590000,2500000000,12,16,54,82,-2170000,-238250000,240420000,0,-1,-2,4,1
1_077,86140000,386000000,2007460000,2479600000,15,22,58,95,96250000,261300000,2122050000,2479600000,15,18,58,91,10110000,-124700000,114590000,0,0,-4,0,-4
1_078,39890000,143120000,2316990000,2500000000,16,20,54,90,111540000,91740000,2296720000,2500000000,14,17,54,85,71650000,-51380000,-20270000,0,-2,-3,0,-5
1_079,134840000,317640000,2047520000,2500000000,15,20,51,86,194690000,186900000,2118410000,2500000000,16,21,50,87,59850000,-130740000,70890000,0,1,1,-1,1
1_080,121150000,308250000,2070600000,2500000000,16,21,53,90,225980000,165120000,2108900000,2500000000,12,16,51,79,104830000,-143130000,38300000,0,-4,-5,-2,-11
1_081,28230000,101980000,2369790000,2500000000,16,27,57,100,66160000,70720000,2363120000,2500000000,16,25,50,91,37930000,-31260000,-6670000,0,0,-2,-7,-9
1_082,106350000,117800000,2275850000,2500000000,17,21,50,88,93020000,103460000,2303520000,2500000000,18,15,45,78,-13330000,-14340000,27670000,0,1,-6,-5,-10
1_083,33710000,159810000,2306480000,2500000000,19,24,61,104,39980000,175990000,2284030000,2500000000,13,23,55,91,6270000,16180000,-22450000,0,-6,-1,-6,-13
1_084,41040000,161160000,2247530000,2449730000,19,28,65,112,66270000,129390000,2254070000,2449730000,16,27,61,104,25230000,-31770000,6540000,0,-3,-1,-4,-8
1_085,64280000,106160000,2329560000,2500000000,18,29,63,110,57760000,83090000,2359150000,2500000000,12,23,54,89,-6520000,-23070000,29590000,0,-6,-6,-9,-21
1_086,365890000,1479860000,654250000,2500000000,25,34,82,141,427510000,1482570000,589920000,2500000000,31,32,90,153,61620000,2710000,-64330000,0,6,-2,8,12
1_087,239430000,421440000,1839130000,2500000000,18,28,66,112,331760000,278140000,1890100000,2500000000,20,23,66,109,92330000,-143300000,50970000,0,2,-5,0,-3
1_088,70130000,664930000,1764940000,2500000000,15,25,64,104,94130000,438020000,1967850000,2500000000,17,17,53,87,24000000,-226910000,202910000,0,2,-8,-11,-17
1_089,53260000,288930000,2157810000,2500000000,16,25,55,96,117750000,243400000,2138850000,2500000000,16,19,50,85,64490000,-45530000,-18960000,0,0,-6,-5,-11
1_090,25630000,615480000,1858890000,2500000000,18,24,67,109,32940000,533740000,1933320000,2500000000,16,20,64,100,7310000,-81740000,74430000,0,-2,-4,-3,-9
1_091,131530000,2240000,2366230000,2500000000,22,27,65,114,147650000,0,2352350000,2500000000,19,25,58,102,16120000,-2240000,-13880000,0,-3,-2,-7,-12
1_092,279420000,1510530000,710050000,2500000000,32,32,90,154,577890000,1255140000,666970000,2500000000,31,35,89,155,298470000,-255390000,-43080000,0,-1,3,-1,1
1_093,177720000,1765650000,556630000,2500000000,22,30,63,115,159010000,1779690000,561300000,2500000000,20,31,68,119,-18710000,14040000,4670000,0,-2,1,5,4
1_094,350550000,1022860000,1126590000,2500000000,29,30,76,135,308990000,990360000,1200650000,2500000000,33,33,89,155,-41560000,-32500000,74060000,0,4,3,13,20
1_095,48390000,1637350000,814260000,2500000000,28,34,82,144,49430000,1677780000,772790000,2500000000,28,33,89,150,1040000,40430000,-41470000,0,0,-1,7,6
1_096,314940000,1306160000,878900000,2500000000,33,33,86,152,347420000,1258790000,893790000,2500000000,35,37,105,177,32480000,-47370000,14890000,0,2,4,19,25
1_097,305690000,1269610000,924700000,2500000000,27,29,71,127,386470000,1199360000,914170000,2500000000,29,31,81,141,80780000,-70250000,-10530000,0,2,2,10,14
1_098,104330000,64350000,1905610000,2074290000,24,18,57,99,132320000,42870000,1899100000,2074290000,24,21,61,106,27990000,-21480000,-6510000,0,0,3,4,7
1_099,114180000,1325100000,1060720000,2500000000,29,31,80,140,117970000,1122780000,1259250000,2500000000,32,37,89,158,3790000,-202320000,198530000,0,3,6,9,18
1_100,20010000,2390150000,89840000,2500000000,25,30,69,124,14980000,2381280000,103740000,2500000000,17,27,63,107,-5030000,-8870000,13900000,0,-8,-3,-6,-17
1_101,98340000,1959360000,442300000,2500000000,25,32,77,134,79960000,1949090000,470950000,2500000000,31,31,82,144,-18380000,-10270000,28650000,0,6,-1,5,10
1_102,484810000,1199410000,815780000,2500000000,25,24,55,104,597340000,1217810000,684850000,2500000000,27,24,62,113,112530000,18400000,-130930000,0,2,0,7,9
1_103,461670000,762440000,1275890000,2500000000,29,25,69,123,495730000,836660000,1167610000,2500000000,30,31,77,138,34060000,74220000,-108280000,0,1,6,8,15
1_104,316930000,922020000,1261050000,2500000000,27,34,75,136,391010000,1080370000,1028620000,2500000000,26,30,68,124,74080000,158350000,-232430000,0,-1,-4,-7,-12
1_105,182410000,1916400000,401190000,2500000000,27,29,81,137,270240000,1802550000,427210000,2500000000,31,35,88,154,87830000,-113850000,26020000,0,4,6,7,17
1_106,225940000,778480000,1495580000,2500000000,31,30,70,131,218760000,663520000,1617720000,2500000000,31,32,80,143,-7180000,-114960000,122140000,0,0,2,10,12
1_107,136790000,750710000,1612500000,2500000000,27,27,71,125,162640000,583640000,1753720000,2500000000,28,28,82,138,25850000,-167070000,141220000,0,1,1,11,13
1_108,243730000,1931720000,324550000,2500000000,22,22,61,105,206750000,1913800000,379450000,2500000000,27,24,62,113,-36980000,-17920000,54900000,0,5,2,1,8
1_109,177050000,1994850000,328100000,2500000000,28,29,67,124,144930000,1989240000,365830000,2500000000,30,31,77,138,-32120000,-5610000,37730000,0,2,2,10,14
1_110,244300000,1492620000,763080000,2500000000,31,26,71,128,204330000,1515170000,780500000,2500000000,29,29,71,129,-39970000,22550000,17420000,0,-2,3,0,1
1_111,486270000,918480000,1095250000,2500000000,26,29,67,122,446810000,900080000,1153110000,2500000000,28,28,67,123,-39460000,-18400000,57860000,0,2,-1,0,1
1_112,115310000,1762410000,622280000,2500000000,24,34,66,124,246000000,1700290000,553710000,2500000000,26,29,63,118,130690000,-62120000,-68570000,0,2,-5,-3,-6
1_113,16930000,2052630000,430440000,2500000000,23,32,68,123,74790000,1985290000,439920000,2500000000,26,33,86,145,57860000,-67340000,9480000,0,3,1,18,22
1_114,58830000,457090000,1984080000,2500000000,27,31,78,136,95100000,428510000,1976390000,2500000000,25,27,83,135,36270000,-28580000,-7690000,0,-2,-4,5,-1
1_115,498960000,1372050000,628990000,2500000000,31,26,67,124,479700000,1153680000,866620000,2500000000,29,27,66,122,-19260000,-218370000,237630000,0,-2,1,-1,-2
1_116,580420000,709350000,1210230000,2500000000,23,26,57,106,643000000,684390000,1172610000,2500000000,27,24,59,110,62580000,-24960000,-37620000,0,4,-2,2,4
1_117,333500000,1458870000,707630000,2500000000,22,25,56,103,366020000,1394490000,739490000,2500000000,25,22,52,99,32520000,-64380000,31860000,0,3,-3,-4,-4
1_118,310490000,1387510000,802000000,2500000000,18,33,65,116,587690000,1228040000,684270000,2500000000,27,32,67,126,277200000,-159470000,-117730000,0,9,-1,2,10
1_119,729220000,196780000,1574000000,2500000000,32,22,66,120,798820000,199300000,1501880000,2500000000,28,22,69,119,69600000,2520000,-72120000,0,-4,0,3,-1
1_120,73210000,1241440000,1185350000,2500000000,25,30,76,131,125380000,1131410000,1243210000,2500000000,24,31,87,142,52170000,-110030000,57860000,0,-1,1,11,11
1_121,307800000,1374150000,818050000,2500000000,22,23,61,106,424860000,1273470000,801670000,2500000000,28,27,68,123,117060000,-100680000,-16380000,0,6,4,7,17
1_122,135390000,1658220000,706390000,2500000000,28,33,89,150,169180000,1389290000,941530000,2500000000,24,36,95,155,33790000,-268930000,235140000,0,-4,3,6,5
1_123,527380000,1449160000,523460000,2500000000,29,23,61,113,732110000,1314550000,453340000,2500000000,27,23,59,109,204730000,-134610000,-70120000,0,-2,0,-2,-4
1_124,538780000,1018480000,942740000,2500000000,28,24,67,119,475490000,881890000,1142620000,2500000000,29,24,69,122,-63290000,-136590000,199880000,0,1,0,2,3
1_125,465950000,762500000,1271550000,2500000000,28,23,61,112,637290000,661610000,1201100000,2500000000,29,32,68,129,171340000,-100890000,-70450000,0,1,9,7,17
1_126,772010000,471320000,1256670000,2500000000,26,22,62,110,1009100000,289830000,1201070000,2500000000,33,24,70,127,237090000,-181490000,-55600000,0,7,2,8,17
1_127,739550000,581680000,1178770000,2500000000,32,25,72,129,1031050000,465970000,1002980000,2500000000,31,23,74,128,291500000,-115710000,-175790000,0,-1,-2,2,-1
1_128,209990000,901850000,1388160000,2500000000,29,25,66,120,404490000,583170000,1512340000,2500000000,29,26,82,137,194500000,-318680000,124180000,0,0,1,16,17
1_129,56430000,987090000,1456480000,2500000000,28,32,87,147,64350000,830940000,1604710000,2500000000,27,33,98,158,7920000,-156150000,148230000,0,-1,1,11,11
1_130,46080000,1244970000,1208950000,2500000000,30,29,77,136,80850000,1113790000,1305360000,2500000000,29,29,83,141,34770000,-131180000,96410000,0,-1,0,6,5
1_131,457390000,956260000,1086350000,2500000000,35,30,81,146,536490000,688490000,1275020000,2500000000,30,28,85,143,79100000,-267770000,188670000,0,-5,-2,4,-3
1_132,378300000,508300000,1613400000,2500000000,36,27,86,149,463330000,428390000,1608280000,2500000000,35,29,84,148,85030000,-79910000,-5120000,0,-1,2,-2,-1
1_133,201010000,1774140000,524850000,2500000000,36,40,81,157,103080000,1743410000,653510000,2500000000,29,34,81,144,-97930000,-30730000,128660000,0,-7,-6,0,-13
1_134,626350000,1255410000,618240000,2500000000,31,37,81,149,579300000,880160000,1040540000,2500000000,33,34,84,151,-47050000,-375250000,422300000,0,2,-3,3,2
1_135,363600000,386730000,1749670000,2500000000,37,32,79,148,449190000,340460000,1710350000,2500000000,36,30,82,148,85590000,-46270000,-39320000,0,-1,-2,3,0
1_136,568290000,406610000,1525100000,2500000000,37,31,81,149,915490000,273480000,1311030000,2500000000,34,27,81,142,347200000,-133130000,-214070000,0,-3,-4,0,-7
1_137,143580000,2241420000,115000000,2500000000,27,31,77,135,159370000,2185960000,154670000,2500000000,31,34,73,138,15790000,-55460000,39670000,0,4,3,-4,3
1_138,147220000,1940430000,412350000,2500000000,31,32,76,139,142120000,1847340000,510540000,2500000000,31,34,78,143,-5100000,-93090000,98190000,0,0,2,2,4
1_139,770250000,1411350000,318400000,2500000000,30,28,64,122,977820000,1298490000,223690000,2500000000,32,34,74,140,207570000,-112860000,-94710000,0,2,6,10,18
1_140,383340000,1412210000,704450000,2500000000,34,33,79,146,434690000,1393530000,671780000,2500000000,33,34,85,152,51350000,-18680000,-32670000,0,-1,1,6,6
1_141,46580000,2372500000,80920000,2500000000,22,31,70,123,55150000,2375850000,69000000,2500000000,23,33,73,129,8570000,3350000,-11920000,0,1,2,3,6
1_142,103080000,2300680000,96240000,2500000000,26,31,75,132,133050000,2230510000,136440000,2500000000,29,32,70,131,29970000,-70170000,40200000,0,3,1,-5,-1
1_143,119490000,2226540000,153970000,2500000000,29,33,78,140,143210000,2192690000,164100000,2500000000,26,35,75,136,23720000,-33850000,10130000,0,-3,2,-3,-4
1_144,256750000,1871490000,371760000,2500000000,29,29,79,137,383530000,1736940000,379530000,2500000000,30,32,75,137,126780000,-134550000,7770000,0,1,3,-4,0
1_145,1131830000,125560000,1242610000,2500000000,35,23,71,129,839510000,96120000,1564370000,2500000000,39,23,76,138,-292320000,-29440000,321760000,0,4,0,5,9
1_146,849210000,1068750000,582040000,2500000000,34,31,80,145,956870000,975960000,567170000,2500000000,32,32,82,146,107660000,-92790000,-14870000,0,-2,1,2,1
1_147,982080000,73350000,1444570000,2500000000,36,24,75,135,820760000,115610000,1563630000,2500000000,36,23,75,134,-161320000,42260000,119060000,0,0,-1,0,-1
1_148,585080000,1475130000,439790000,2500000000,40,28,81,149,696900000,1343060000,460040000,2500000000,37,31,82,150,111820000,-132070000,20250000,0,-3,3,1,1
1_149,294280000,141930000,1803590000,2239800000,19,18,63,100,280640000,283700000,1675460000,2239800000,26,22,64,112,-13640000,141770000,-128130000,0,7,4,1,12
1_150,55750000,47410000,1576970000,1680130000,25,25,61,111,58320000,47850000,1573960000,1680130000,25,23,66,114,2570000,440000,-3010000,0,0,-2,5,3
1_151,206050000,970110000,1323840000,2500000000,34,31,85,150,437510000,776500000,1285990000,2500000000,35,32,95,162,231460000,-193610000,-37850000,0,1,1,10,12
1_152,410630000,1336870000,752500000,2500000000,30,26,72,128,622660000,1291730000,585610000,2500000000,33,32,80,145,212030000,-45140000,-166890000,0,3,6,8,17
1_153,507360000,279410000,1713230000,2500000000,37,32,84,153,868580000,287810000,1343610000,2500000000,37,32,90,159,361220000,8400000,-369620000,0,0,0,6,6
1_154,572850000,865400000,1061750000,2500000000,32,28,71,131,703900000,725510000,1070590000,2500000000,35,30,78,143,131050000,-139890000,8840000,0,3,2,7,12
1_155,345510000,1177800000,976690000,2500000000,35,31,79,145,501120000,1002970000,995910000,2500000000,35,33,87,155,155610000,-174830000,19220000,0,0,2,8,10
1_156,126200000,2127250000,246550000,2500000000,30,31,75,136,150420000,2086200000,263380000,2500000000,32,29,77,138,24220000,-41050000,16830000,0,2,-2,2,2
1_157,215360000,2062410000,222230000,2500000000,31,32,71,134,303870000,1960750000,235380000,2500000000,31,30,78,139,88510000,-101660000,13150000,0,0,-2,7,5
1_158,1226790000,681080000,592130000,2500000000,35,29,82,146,1168880000,554840000,776280000,2500000000,40,30,84,154,-57910000,-126240000,184150000,0,5,1,2,8
1_159,824830000,1161830000,513340000,2500000000,35,28,85,148,1049210000,999090000,451700000,2500000000,33,27,75,135,224380000,-162740000,-61640000,0,-2,-1,-10,-13
1_160,713600000,232730000,1553670000,2500000000,25,27,80,132,709120000,229390000,1561490000,2500000000,38,32,80,150,-4480000,-3340000,7820000,0,13,5,0,18
1_161,484210000,1076310000,939480000,2500000000,28,29,84,141,593520000,1011830000,894650000,2500000000,35,30,80,145,109310000,-64480000,-44830000,0,7,1,-4,4
1_162,925920000,477670000,1096410000,2500000000,30,25,77,132,1027430000,489380000,983190000,2500000000,37,27,83,147,101510000,11710000,-113220000,0,7,2,6,15
1_163,527230000,1293730000,679040000,2500000000,33,32,83,148,686820000,1247940000,565240000,2500000000,35,30,81,146,159590000,-45790000,-113800000,0,2,-2,-2,-2
1_164,12350000,94040000,1891610000,1998000000,16,28,69,113,15250000,89270000,1893480000,1998000000,16,23,66,105,2900000,-4770000,1870000,0,0,-5,-3,-8
1_165,150350000,519740000,1824840000,2494930000,27,29,81,137,174950000,495480000,1824500000,2494930000,27,30,77,134,24600000,-24260000,-340000,0,0,1,-4,-3
1_166,404410000,1610740000,484850000,2500000000,31,28,70,129,536750000,1318270000,644980000,2500000000,32,29,85,146,132340000,-292470000,160130000,0,1,1,15,17
1_167,1179840000,563530000,756630000,2500000000,32,26,72,130,1394690000,463320000,641990000,2500000000,30,23,73,126,214850000,-100210000,-114640000,0,-2,-3,1,-4
1_168,405160000,1218250000,876590000,2500000000,27,30,66,123,527850000,1092820000,879330000,2500000000,31,31,73,135,122690000,-125430000,2740000,0,4,1,7,12
1_169,690450000,1197540000,612010000,2500000000,27,31,71,129,868980000,894100000,736920000,2500000000,32,29,77,138,178530000,-303440000,124910000,0,5,-2,6,9
1_170,1091690000,611850000,796460000,2500000000,24,27,62,113,1156540000,439770000,903690000,2500000000,25,26,65,116,64850000,-172080000,107230000,0,1,-1,3,3
1_171,1170060000,519070000,810870000,2500000000,37,30,83,150,1122100000,428440000,949460000,2500000000,36,28,85,149,-47960000,-90630000,138590000,0,-1,-2,2,-1
1_172,1165950000,632560000,701490000,2500000000,38,28,77,143,1368200000,537980000,593820000,2500000000,34,30,80,144,202250000,-94580000,-107670000,0,-4,2,3,1
1_173,383700000,1356340000,759960000,2500000000,39,36,91,166,394660000,1167240000,938100000,2500000000,36,34,84,154,10960000,-189100000,178140000,0,-3,-2,-7,-12
1_174,373670000,1367310000,759020000,2500000000,33,27,75,135,483180000,1254650000,762170000,2500000000,33,32,80,145,109510000,-112660000,3150000,0,0,5,5,10
1_175,1174710000,66370000,1258920000,2500000000,31,26,74,131,1521090000,202060000,776850000,2500000000,32,29,86,147,346380000,135690000,-482070000,0,1,3,12,16
1_176,631160000,1491310000,377530000,2500000000,35,32,90,157,703080000,1359370000,437550000,2500000000,38,35,100,173,71920000,-131940000,60020000,0,3,3,10,16
1_177,1275870000,27680000,1196450000,2500000000,37,26,79,142,1461240000,61680000,977080000,2500000000,34,25,79,138,185370000,34000000,-219370000,0,-3,-1,0,-4
1_178,693310000,1299470000,507220000,2500000000,38,34,92,164,785680000,1205050000,509270000,2500000000,38,32,88,158,92370000,-94420000,2050000,0,0,-2,-4,-6
1_179,43680000,639190000,1817130000,2500000000,24,34,82,140,45480000,611760000,1842760000,2500000000,25,34,83,142,1800000,-27430000,25630000,0,1,0,1,2
1_180,237000000,1144870000,1118130000,2500000000,26,37,87,150,297240000,1115780000,1086980000,2500000000,29,30,82,141,60240000,-29090000,-31150000,0,3,-7,-5,-9
1_181,4690000,88740000,2022620000,2116050000,17,30,75,122,6830000,83910000,2025310000,2116050000,22,29,75,126,2140000,-4830000,2690000,0,5,-1,0,4
1_182,263480000,1636930000,599590000,2500000000,27,31,83,141,283020000,1612810000,604170000,2500000000,25,25,77,127,19540000,-24120000,4580000,0,-2,-6,-6,-14
1_183,40760000,926270000,1532970000,2500000000,19,38,85,142,48540000,905470000,1545990000,2500000000,25,43,91,159,7780000,-20800000,13020000,0,6,5,6,17
1_184,487610000,954170000,1058220000,2500000000,25,21,63,109,645630000,832900000,1021470000,2500000000,29,26,67,122,158020000,-121270000,-36750000,0,4,5,4,13
1_185,179570000,1788640000,531790000,2500000000,26,33,72,131,260690000,1646900000,592410000,2500000000,29,34,75,138,81120000,-141740000,60620000,0,3,1,3,7
1_186,131700000,1965880000,402420000,2500000000,31,37,87,155,171150000,1840960000,487890000,2500000000,30,41,93,164,39450000,-124920000,85470000,0,-1,4,6,9
1_187,196100000,1695170000,608730000,2500000000,33,34,78,145,222340000,1590760000,686900000,2500000000,33,36,87,156,26240000,-104410000,78170000,0,0,2,9,11
1_188,499460000,1443880000,556660000,2500000000,35,33,82,150,639090000,1333590000,527320000,2500000000,35,34,93,162,139630000,-110290000,-29340000,0,0,1,11,12
1_189,1164500000,229800000,1105700000,2500000000,42,29,84,155,1273600000,181390000,1045010000,2500000000,36,22,74,132,109100000,-48410000,-60690000,0,-6,-7,-10,-23
1_190,625470000,1248390000,626140000,2500000000,40,32,88,160,759080000,1106920000,634000000,2500000000,39,36,90,165,133610000,-141470000,7860000,0,-1,4,2,5
1_191,1044700000,457090000,998210000,2500000000,40,24,82,146,1066360000,449310000,984330000,2500000000,37,25,77,139,21660000,-7780000,-13880000,0,-3,1,-5,-7
1_192,1237830000,364860000,897310000,2500000000,39,25,79,143,1437220000,305300000,757480000,2500000000,41,25,88,154,199390000,-59560000,-139830000,0,2,0,9,11
1_193,650180000,53060000,1487660000,2190900000,22,18,63,103,474780000,64510000,1651610000,2190900000,28,18,72,118,-175400000,11450000,163950000,0,6,0,9,15
1_194,595070000,510110000,1361560000,2466740000,27,23,81,131,536810000,499490000,1430440000,2466740000,32,28,87,147,-58260000,-10620000,68880000,0,5,5,6,16
1_195,1710380000,455660000,333960000,2500000000,23,16,64,103,626940000,497610000,1375450000,2500000000,29,23,65,117,-1083440000,41950000,1041490000,0,6,7,1,14
1_196,595790000,1609260000,294950000,2500000000,29,21,78,128,556690000,1587300000,356010000,2500000000,30,25,77,132,-39100000,-21960000,61060000,0,1,4,-1,4
1_197,268400000,2860000,1473440000,1744700000,21,20,67,108,263280000,1740000,1479680000,1744700000,27,23,71,121,-5120000,-1120000,6240000,0,6,3,4,13
1_198,271530000,12310000,1603620000,1887460000,21,19,66,106,249130000,11390000,1626940000,1887460000,21,17,67,105,-22400000,-920000,23320000,0,0,-2,1,-1
1_199,711380000,499790000,1288830000,2500000000,27,30,81,138,868560000,469190000,1162250000,2500000000,30,25,83,138,157180000,-30600000,-126580000,0,3,-5,2,0
1_200,95670000,131240000,1948770000,2175680000,25,31,81,137,124150000,118150000,1933380000,2175680000,23,34,84,141,28480000,-13090000,-15390000,0,-2,3,3,4
1_201,67030000,11850000,1508570000,1587450000,19,20,66,105,134070000,10370000,1443010000,1587450000,21,21,62,104,67040000,-1480000,-65560000,0,2,1,-4,-1
1_202,293760000,1712970000,493270000,2500000000,24,35,85,144,292300000,1659970000,547730000,2500000000,27,40,90,157,-1460000,-53000000,54460000,0,3,5,5,13
1_203,334950000,1135200000,1029850000,2500000000,25,23,79,127,484060000,1109660000,906280000,2500000000,25,34,90,149,149110000,-25540000,-123570000,0,0,11,11,22
1_204,102240000,1881020000,516740000,2500000000,26,36,78,140,107100000,1830190000,562710000,2500000000,25,22,78,125,4860000,-50830000,45970000,0,-1,-14,0,-15
1_205,40580000,625090000,1834330000,2500000000,26,40,91,157,41810000,608100000,1850090000,2500000000,25,40,90,155,1230000,-16990000,15760000,0,-1,0,-1,-2
1_206,144570000,1729910000,625520000,2500000000,27,27,76,130,146690000,1710800000,642510000,2500000000,29,24,82,135,2120000,-19110000,16990000,0,2,-3,6,5
1_207,122150000,1965140000,412710000,2500000000,23,31,81,135,122810000,1940420000,436770000,2500000000,26,31,80,137,660000,-24720000,24060000,0,3,0,-1,2
1_208,172030000,1724640000,603330000,2500000000,27,28,82,137,179490000,1739370000,581140000,2500000000,25,23,78,126,7460000,14730000,-22190000,0,-2,-5,-4,-11
1_209,86690000,1586510000,826800000,2500000000,28,35,85,148,91760000,1554270000,853970000,2500000000,29,38,89,156,5070000,-32240000,27170000,0,1,3,4,8
1_210,135830000,1352160000,1012010000,2500000000,28,30,82,140,141850000,1340220000,1017930000,2500000000,28,31,87,146,6020000,-11940000,5920000,0,0,1,5,6
1_211,129650000,1703280000,667070000,2500000000,28,26,75,129,131340000,1655790000,712870000,2500000000,29,28,84,141,1690000,-47490000,45800000,0,1,2,9,12
1_212,810760000,523760000,1165480000,2500000000,31,24,70,125,1048150000,311990000,1139860000,2500000000,32,23,70,125,237390000,-211770000,-25620000,0,1,-1,0,0
1_213,105690000,2070470000,323840000,2500000000,21,32,71,124,130440000,1971240000,398320000,2500000000,28,34,77,139,24750000,-99230000,74480000,0,7,2,6,15
1_214,476550000,1254270000,769180000,2500000000,38,38,102,178,548870000,1245710000,705420000,2500000000,37,34,88,159,72320000,-8560000,-63760000,0,-1,-4,-14,-19
1_215,181910000,1949230000,368860000,2500000000,26,35,81,142,181450000,1915610000,402940000,2500000000,26,32,77,135,-460000,-33620000,34080000,0,0,-3,-4,-7
1_216,832090000,589140000,1078770000,2500000000,40,26,81,147,838190000,567890000,1093920000,2500000000,42,21,79,142,6100000,-21250000,15150000,0,2,-5,-2,-5
1_217,873500000,159330000,1467170000,2500000000,43,27,82,152,1027320000,141850000,1330830000,2500000000,41,26,86,153,153820000,-17480000,-136340000,0,-2,-1,4,1
1_218,449870000,1535440000,514690000,2500000000,24,17,68,109,477980000,1449260000,572760000,2500000000,26,22,74,122,28110000,-86180000,58070000,0,2,5,6,13
1_219,1371640000,761720000,366640000,2500000000,22,16,68,106,1215910000,737520000,546570000,2500000000,28,19,68,115,-155730000,-24200000,179930000,0,6,3,0,9
1_220,261140000,2068690000,170170000,2500000000,27,25,81,133,258990000,2033450000,207560000,2500000000,26,29,79,134,-2150000,-35240000,37390000,0,-1,4,-2,1
1_221,536380000,1595500000,368120000,2500000000,27,20,72,119,668630000,1570250000,261120000,2500000000,27,18,73,118,132250000,-25250000,-107000000,0,0,-2,1,-1
1_222,274950000,1777050000,448000000,2500000000,27,27,69,123,276380000,1748040000,475580000,2500000000,32,28,84,144,1430000,-29010000,27580000,0,5,1,15,21
1_223,586180000,1239560000,674260000,2500000000,31,29,83,143,590890000,1233970000,675140000,2500000000,28,29,87,144,4710000,-5590000,880000,0,-3,0,4,1
1_224,524930000,1607940000,367130000,2500000000,31,32,83,146,517110000,1589080000,393810000,2500000000,34,32,90,156,-7820000,-18860000,26680000,0,3,0,7,10
1_225,29850000,260420000,2209730000,2500000000,17,25,64,106,24740000,397660000,2077600000,2500000000,22,24,65,111,-5110000,137240000,-132130000,0,5,-1,1,5
1_226,158680000,443870000,1897450000,2500000000,24,28,72,124,122420000,681520000,1696060000,2500000000,24,24,63,111,-36260000,237650000,-201390000,0,0,-4,-9,-13
1_227,48050000,147670000,2044810000,2240530000,20,26,65,111,32180000,339550000,1868800000,2240530000,20,21,59,100,-15870000,191880000,-176010000,0,0,-5,-6,-11
1_228,5370000,75550000,1704520000,1785440000,19,24,57,100,15360000,65020000,1705060000,1785440000,22,22,60,104,9990000,-10530000,540000,0,3,-2,3,4
1_229,1890000,78430000,2264330000,2344650000,22,33,73,128,19470000,137360000,2187820000,2344650000,24,30,65,119,17580000,58930000,-76510000,0,2,-3,-8,-9
1_230,41330000,115520000,2343150000,2500000000,13,28,56,97,39010000,86620000,2374370000,2500000000,14,26,61,101,-2320000,-28900000,31220000,0,1,-2,5,4
1_231,22110000,225070000,2252490000,2499670000,15,22,58,95,28440000,199220000,2272010000,2499670000,13,25,56,94,6330000,-25850000,19520000,0,-2,3,-2,-1
1_232,323120000,29270000,2147610000,2500000000,16,30,55,101,343600000,1770000,2154630000,2500000000,13,20,51,84,20480000,-27500000,7020000,0,-3,-10,-4,-17
1_233,199420000,68520000,2232060000,2500000000,18,32,65,115,205810000,70210000,2223980000,2500000000,27,29,76,132,6390000,1690000,-8080000,0,9,-3,11,17
1_234,248470000,44640000,2206890000,2500000000,24,31,82,137,251290000,47160000,2201550000,2500000000,22,24,69,115,2820000,2520000,-5340000,0,-2,-7,-13,-22
1_235,29600000,653710000,1816690000,2500000000,19,30,75,124,35330000,632450000,1832220000,2500000000,21,26,67,114,5730000,-21260000,15530000,0,2,-4,-8,-10
1_236,20640000,319350000,2157660000,2497650000,17,33,76,126,25450000,312910000,2159290000,2497650000,20,27,75,122,4810000,-6440000,1630000,0,3,-6,-1,-4
1_237,89290000,317310000,2092380000,2498980000,28,29,75,132,80320000,481030000,1937630000,2498980000,27,22,73,122,-8970000,163720000,-154750000,0,-1,-7,-2,-10
1_238,59970000,94990000,2345040000,2500000000,18,20,55,93,61820000,166480000,2271700000,2500000000,22,22,61,105,1850000,71490000,-73340000,0,4,2,6,12
1_239,238490000,391710000,1869800000,2500000000,23,25,67,115,196740000,828050000,1475210000,2500000000,25,19,62,106,-41750000,436340000,-394590000,0,2,-6,-5,-9
1_240,127850000,348440000,2023710000,2500000000,22,27,68,117,121820000,368040000,2010140000,2500000000,28,28,71,127,-6030000,19600000,-13570000,0,6,1,3,10
1_241,163000000,622920000,1714080000,2500000000,25,30,69,124,168850000,839830000,1491320000,2500000000,26,27,73,126,5850000,216910000,-222760000,0,1,-3,4,2
1_242,234730000,43550000,2221720000,2500000000,27,32,71,130,256290000,12520000,2231190000,2500000000,26,23,66,115,21560000,-31030000,9470000,0,-1,-9,-5,-15
1_243,98800000,148360000,2252840000,2500000000,28,28,69,125,135240000,68570000,2296190000,2500000000,29,32,71,132,36440000,-79790000,43350000,0,1,4,2,7
1_244,181070000,142980000,2175950000,2500000000,27,26,63,116,190250000,236680000,2073070000,2500000000,30,31,63,124,9180000,93700000,-102880000,0,3,5,0,8
1_245,345770000,249810000,1904420000,2500000000,28,30,64,122,346070000,146770000,2007160000,2500000000,30,28,67,125,300000,-103040000,102740000,0,2,-2,3,3
1_246,40370000,86040000,2373590000,2500000000,30,32,78,140,31830000,17750000,2450420000,2500000000,32,36,86,154,-8540000,-68290000,76830000,0,2,4,8,14
1_247,251040000,21230000,2226700000,2498970000,29,30,66,125,217060000,20470000,2261440000,2498970000,29,25,65,119,-33980000,-760000,34740000,0,0,-5,-1,-6
1_248,255310000,200550000,2044140000,2500000000,28,29,59,116,196220000,142730000,2161050000,2500000000,31,30,73,134,-59090000,-57820000,116910000,0,3,1,14,18
1_249,279510000,238040000,1982450000,2500000000,27,28,64,119,232460000,149730000,2117810000,2500000000,30,24,67,121,-47050000,-88310000,135360000,0,3,-4,3,2
1_250,31280000,92960000,2133260000,2257500000,17,34,63,114,22290000,128890000,2106320000,2257500000,22,35,75,132,-8990000,35930000,-26940000,0,5,1,12,18
1_251,239010000,48330000,2212660000,2500000000,26,38,78,142,249730000,189050000,2061220000,2500000000,23,28,78,129,10720000,140720000,-151440000,0,-3,-10,0,-13
1_252,99170000,85770000,2315060000,2500000000,24,33,67,124,118950000,275020000,2106030000,2500000000,25,32,71,128,19780000,189250000,-209030000,0,1,-1,4,4
1_253,127920000,41760000,2330320000,2500000000,31,40,88,159,165070000,53390000,2281540000,2500000000,25,31,77,133,37150000,11630000,-48780000,0,-6,-9,-11,-26
1_254,224000000,185240000,2090760000,2500000000,20,29,59,108,231640000,157000000,2111360000,2500000000,24,32,66,122,7640000,-28240000,20600000,0,4,3,7,14
1_255,575620000,31050000,1893330000,2500000000,18,27,54,99,529380000,59880000,1910740000,2500000000,25,27,57,109,-46240000,28830000,17410000,0,7,0,3,10
1_256,250110000,354660000,1895230000,2500000000,22,33,80,135,272820000,255550000,1971630000,2500000000,26,30,64,120,22710000,-99110000,76400000,0,4,-3,-16,-15
1_257,572300000,84040000,1843660000,2500000000,27,27,70,124,480800000,180150000,1839050000,2500000000,24,29,62,115,-91500000,96110000,-4610000,0,-3,2,-8,-9
1_258,248590000,1450540000,800870000,2500000000,24,27,76,127,241410000,1437030000,821560000,2500000000,27,27,70,124,-7180000,-13510000,20690000,0,3,0,-6,-3
1_259,179460000,1777030000,543510000,2500000000,21,22,70,113,189500000,1743080000,567420000,2500000000,25,26,72,123,10040000,-33950000,23910000,0,4,4,2,10
1_260,275310000,1923330000,301360000,2500000000,24,23,72,119,289190000,1883750000,327060000,2500000000,26,22,62,110,13880000,-39580000,25700000,0,2,-1,-10,-9
1_261,414640000,1735990000,349370000,2500000000,21,17,62,100,443590000,1708900000,347510000,2500000000,24,20,58,102,28950000,-27090000,-1860000,0,3,3,-4,2
1_262,20580000,251810000,1733900000,2006290000,19,17,71,107,20690000,234060000,1751540000,2006290000,19,21,70,110,110000,-17750000,17640000,0,0,4,-1,3
1_263,50220000,886460000,1563320000,2500000000,26,31,82,139,81020000,807190000,1611790000,2500000000,24,30,72,126,30800000,-79270000,48470000,0,-2,-1,-10,-13
1_264,133680000,1431710000,934610000,2500000000,22,28,68,118,148310000,1259370000,1092320000,2500000000,28,25,69,122,14630000,-172340000,157710000,0,6,-3,1,4
1_265,546400000,796600000,1157000000,2500000000,22,24,67,113,468300000,397840000,1633860000,2500000000,28,27,73,128,-78100000,-398760000,476860000,0,6,3,6,15
1_266,274340000,803340000,1422320000,2500000000,29,32,77,138,270150000,616090000,1613760000,2500000000,30,33,83,146,-4190000,-187250000,191440000,0,1,1,6,8
1_267,144350000,1518890000,836760000,2500000000,21,26,65,112,192330000,1451660000,856010000,2500000000,27,24,66,117,47980000,-67230000,19250000,0,6,-2,1,5
1_268,242580000,596450000,1660970000,2500000000,28,29,67,124,287400000,780810000,1431790000,2500000000,29,33,79,141,44820000,184360000,-229180000,0,1,4,12,17
1_269,67990000,1693800000,738210000,2500000000,19,27,64,110,74350000,1360080000,1065570000,2500000000,24,28,65,117,6360000,-333720000,327360000,0,5,1,1,7
1_270,91710000,1563310000,844980000,2500000000,22,27,64,113,112670000,1322400000,1064930000,2500000000,28,31,73,132,20960000,-240910000,219950000,0,6,4,9,19
1_271,82590000,746650000,1670760000,2500000000,21,32,63,116,69230000,876870000,1553900000,2500000000,25,30,62,117,-13360000,130220000,-116860000,0,4,-2,-1,1
1_272,165690000,1306140000,1028170000,2500000000,24,29,68,121,174820000,1234590000,1090590000,2500000000,30,26,68,124,9130000,-71550000,62420000,0,6,-3,0,3
1_273,111030000,300620000,2088350000,2500000000,29,30,72,131,107270000,356310000,2036420000,2500000000,31,33,73,137,-3760000,55690000,-51930000,0,2,3,1,6
1_274,84830000,1081890000,1333280000,2500000000,23,28,69,120,81590000,969300000,1449110000,2500000000,29,30,76,135,-3240000,-112590000,115830000,0,6,2,7,15
1_275,19100000,116490000,2364410000,2500000000,29,34,67,130,22920000,93830000,2383250000,2500000000,32,36,80,148,3820000,-22660000,18840000,0,3,2,13,18
1_276,99950000,173440000,2226610000,2500000000,24,32,63,119,94700000,111290000,2294010000,2500000000,30,33,70,133,-5250000,-62150000,67400000,0,6,1,7,14
1_277,161150000,180450000,2158400000,2500000000,26,29,67,122,130090000,145910000,2224000000,2500000000,32,31,70,133,-31060000,-34540000,65600000,0,6,2,3,11
1_278,126330000,117510000,2256160000,2500000000,27,32,62,121,138670000,226980000,2134350000,2500000000,25,30,66,121,12340000,109470000,-121810000,0,-2,-2,4,0
1_279,128390000,11990000,2359620000,2500000000,26,33,64,123,137380000,17590000,2345030000,2500000000,28,36,77,141,8990000,5600000,-14590000,0,2,3,13,18
1_280,68440000,907180000,1524380000,2500000000,26,30,74,130,72880000,695710000,1731410000,2500000000,30,34,86,150,4440000,-211470000,207030000,0,4,4,12,20
1_281,70810000,1202010000,1227180000,2500000000,21,32,75,128,96550000,1159340000,1244110000,2500000000,30,32,81,143,25740000,-42670000,16930000,0,9,0,6,15
1_282,617570000,208680000,1673750000,2500000000,28,29,64,121,544490000,176450000,1779060000,2500000000,22,24,63,109,-73080000,-32230000,105310000,0,-6,-5,-1,-12
1_283,32470000,520130000,1681270000,2233870000,26,31,77,134,43220000,440410000,1750240000,2233870000,30,34,84,148,10750000,-79720000,68970000,0,4,3,7,14
1_284,152250000,1353300000,994450000,2500000000,24,26,79,129,160210000,1328430000,1011360000,2500000000,26,23,74,123,7960000,-24870000,16910000,0,2,-3,-5,-6
1_285,220320000,1882950000,396730000,2500000000,24,18,64,106,246360000,1866660000,386980000,2500000000,28,16,60,104,26040000,-16290000,-9750000,0,4,-2,-4,-2
1_286,137100000,1356850000,1006050000,2500000000,28,23,84,135,136910000,1342230000,1020860000,2500000000,28,29,79,136,-190000,-14620000,14810000,0,0,6,-5,1
1_287,300490000,1704090000,495420000,2500000000,26,18,68,112,308600000,1679690000,511710000,2500000000,27,23,77,127,8110000,-24400000,16290000,0,1,5,9,15
1_288,18270000,218650000,2263080000,2500000000,26,31,85,142,19360000,215980000,2264660000,2500000000,22,26,74,122,1090000,-2670000,1580000,0,-4,-5,-11,-20
1_289,211880000,560130000,1727990000,2500000000,29,33,76,138,195660000,362290000,1942050000,2500000000,29,33,76,138,-16220000,-197840000,214060000,0,0,0,0,0
1_290,100990000,445880000,1760260000,2307130000,21,25,69,115,89230000,360970000,1856930000,2307130000,27,32,76,135,-11760000,-84910000,96670000,0,6,7,7,20
1_291,41860000,1828100000,630040000,2500000000,23,24,63,110,47670000,1393130000,1059200000,2500000000,24,26,63,113,5810000,-434970000,429160000,0,1,2,0,3
1_292,178840000,1710420000,610740000,2500000000,23,25,60,108,179710000,1260380000,1059910000,2500000000,25,32,69,126,870000,-450040000,449170000,0,2,7,9,18
1_293,214450000,899940000,1385610000,2500000000,25,28,69,122,172180000,582850000,1744970000,2500000000,29,28,73,130,-42270000,-317090000,359360000,0,4,0,4,8
1_294,109590000,1481330000,909080000,2500000000,22,31,70,123,114010000,1372130000,1013860000,2500000000,27,31,74,132,4420000,-109200000,104780000,0,5,0,4,9
1_295,36860000,1559950000,903190000,2500000000,20,25,67,112,39740000,1257560000,1202700000,2500000000,22,30,67,119,2880000,-302390000,299510000,0,2,5,0,7
1_296,48890000,2257940000,193170000,2500000000,18,25,62,105,54380000,2177850000,267770000,2500000000,19,31,68,118,5490000,-80090000,74600000,0,1,6,6,13
1_297,74690000,2035210000,390100000,2500000000,20,28,70,118,88160000,1851680000,560160000,2500000000,23,32,71,126,13470000,-183530000,170060000,0,3,4,1,8
1_298,52700000,2089500000,357800000,2500000000,26,27,63,116,57410000,1848760000,593830000,2500000000,26,35,74,135,4710000,-240740000,236030000,0,0,8,11,19
1_299,118870000,1742210000,638920000,2500000000,23,31,78,132,116670000,1632300000,751030000,2500000000,27,35,76,138,-2200000,-109910000,112110000,0,4,4,-2,6
1_300,74940000,2000780000,424280000,2500000000,15,24,58,97,78720000,1990880000,430400000,2500000000,20,30,66,116,3780000,-9900000,6120000,0,5,6,8,19
1_301,222060000,982270000,1295670000,2500000000,23,33,73,129,239850000,816940000,1443210000,2500000000,29,34,75,138,17790000,-165330000,147540000,0,6,1,2,9
1_302,104700000,1307400000,1087900000,2500000000,33,37,81,151,107510000,1338480000,1054010000,2500000000,28,29,77,134,2810000,31080000,-33890000,0,-5,-8,-4,-17
1_303,160620000,1698020000,641360000,2500000000,30,25,74,129,160740000,1683170000,656090000,2500000000,27,21,71,119,120000,-14850000,14730000,0,-3,-4,-3,-10
1_304,158520000,968580000,1372900000,2500000000,31,24,73,128,164850000,1023110000,1312040000,2500000000,32,22,76,130,6330000,54530000,-60860000,0,1,-2,3,2
1_305,137920000,1237830000,1124250000,2500000000,30,25,77,132,146360000,1229350000,1124290000,2500000000,29,24,76,129,8440000,-8480000,40000,0,-1,-1,-1,-3
1_306,41770000,298870000,2127400000,2468040000,24,39,81,144,42400000,303720000,2121920000,2468040000,26,37,84,147,630000,4850000,-5480000,0,2,-2,3,3
1_307,71800000,784060000,1644140000,2500000000,25,33,77,135,75480000,822390000,1602130000,2500000000,28,29,71,128,3680000,38330000,-42010000,0,3,-4,-6,-7
1_308,18020000,478440000,1784580000,2281040000,25,35,85,145,17900000,480040000,1783100000,2281040000,27,33,81,141,-120000,1600000,-1480000,0,2,-2,-4,-4
1_309,189150000,1187060000,1123790000,2500000000,30,26,72,128,199450000,1215700000,1084850000,2500000000,26,23,67,116,10300000,28640000,-38940000,0,-4,-3,-5,-12
1_310,353710000,1031730000,1114560000,2500000000,34,22,76,132,367630000,1047260000,1085110000,2500000000,30,23,69,122,13920000,15530000,-29450000,0,-4,1,-7,-10
1_311,334790000,1120310000,1044900000,2500000000,29,22,74,125,335340000,1117900000,1046760000,2500000000,27,26,75,128,550000,-2410000,1860000,0,-2,4,1,3
1_312,284210000,15030000,2200760000,2500000000,23,28,66,117,386850000,1830000,2111320000,2500000000,21,30,57,108,102640000,-13200000,-89440000,0,-2,2,-9,-9
1_313,317960000,16760000,2165280000,2500000000,22,32,72,126,319150000,1600000,2179250000,2500000000,20,24,54,98,1190000,-15160000,13970000,0,-2,-8,-18,-28
1_314,243870000,5100000,2251030000,2500000000,26,31,62,119,306480000,1920000,2191600000,2500000000,23,29,58,110,62610000,-3180000,-59430000,0,-3,-2,-4,-9
1_315,92800000,1880000,2405320000,2500000000,17,26,53,96,91360000,2880000,2405760000,2500000000,21,29,62,112,-1440000,1000000,440000,0,4,3,9,16
1_316,121610000,10600000,2367790000,2500000000,23,29,61,113,133030000,3450000,2363520000,2500000000,28,27,56,111,11420000,-7150000,-4270000,0,5,-2,-5,-2
1_317,357390000,18840000,2123770000,2500000000,28,28,63,119,389670000,2990000,2107340000,2500000000,25,24,57,106,32280000,-15850000,-16430000,0,-3,-4,-6,-13
1_318,13100000,1550000,2441400000,2456050000,17,26,58,101,20100000,1990000,2433960000,2456050000,20,31,67,118,7000000,440000,-7440000,0,3,5,9,17
1_319,86400000,1910000,2411690000,2500000000,16,27,59,102,87980000,2620000,2409400000,2500000000,22,30,65,117,1580000,710000,-2290000,0,6,3,6,15
1_320,263370000,42880000,2193750000,2500000000,27,33,66,126,334490000,4900000,2160610000,2500000000,26,30,66,122,71120000,-37980000,-33140000,0,-1,-3,0,-4
1_321,366320000,337580000,1796100000,2500000000,26,32,67,125,413290000,218660000,1868050000,2500000000,28,33,72,133,46970000,-118920000,71950000,0,2,1,5,8
1_322,305960000,765190000,1428850000,2500000000,24,33,66,123,369780000,587390000,1542830000,2500000000,29,32,76,137,63820000,-177800000,113980000,0,5,-1,10,14
1_323,493280000,381280000,1625440000,2500000000,25,35,81,141,522470000,327900000,1649630000,2500000000,29,33,78,140,29190000,-53380000,24190000,0,4,-2,-3,-1
1_324,163570000,14880000,2321550000,2500000000,27,35,70,132,213540000,10140000,2276320000,2500000000,31,33,64,128,49970000,-4740000,-45230000,0,4,-2,-6,-4
1_325,557430000,297160000,1645410000,2500000000,23,31,72,126,616180000,285580000,1598240000,2500000000,28,32,77,137,58750000,-11580000,-47170000,0,5,1,5,11
1_326,209010000,49380000,2241610000,2500000000,24,31,59,114,291150000,2840000,2206010000,2500000000,32,31,72,135,82140000,-46540000,-35600000,0,8,0,13,21
1_327,156150000,1840000,2342010000,2500000000,19,31,73,123,131490000,0,2368510000,2500000000,22,30,62,114,-24660000,-1840000,26500000,0,3,-1,-11,-9
1_328,363840000,75840000,2060320000,2500000000,22,29,62,113,359220000,83220000,2057560000,2500000000,26,32,72,130,-4620000,7380000,-2760000,0,4,3,10,17
1_329,163200000,79670000,2257130000,2500000000,13,34,67,114,145390000,34300000,2320310000,2500000000,21,33,75,129,-17810000,-45370000,63180000,0,8,-1,8,15
1_330,8440000,8000000,2279000000,2295440000,13,29,67,109,7750000,3280000,2284410000,2295440000,12,22,54,88,-690000,-4720000,5410000,0,-1,-7,-13,-21
1_331,0,3460000,2419160000,2422620000,11,31,64,106,0,38070000,2384550000,2422620000,9,29,57,95,0,34610000,-34610000,0,-2,-2,-7,-11
1_332,498310000,1391960000,609730000,2500000000,31,26,75,132,711110000,1279340000,509550000,2500000000,33,25,72,130,212800000,-112620000,-100180000,0,2,-1,-3,-2
1_333,87260000,927460000,1481540000,2496260000,29,28,84,141,129530000,739350000,1627380000,2496260000,28,31,89,148,42270000,-188110000,145840000,0,-1,3,5,7
1_334,432410000,1518100000,549490000,2500000000,29,35,78,142,493660000,1299530000,706810000,2500000000,30,34,85,149,61250000,-218570000,157320000,0,1,-1,7,7
1_335,721560000,1181000000,597440000,2500000000,33,28,76,137,807600000,1062060000,630340000,2500000000,34,27,83,144,86040000,-118940000,32900000,0,1,-1,7,7
1_336,787760000,788790000,923450000,2500000000,33,31,83,147,994020000,711370000,794610000,2500000000,35,30,81,146,206260000,-77420000,-128840000,0,2,-1,-2,-1
1_337,119500000,2124240000,256260000,2500000000,31,39,82,152,131970000,2088700000,279330000,2500000000,32,39,90,161,12470000,-35540000,23070000,0,1,0,8,9
1_338,857570000,825600000,816830000,2500000000,37,21,74,132,865650000,793500000,840850000,2500000000,38,24,84,146,8080000,-32100000,24020000,0,1,3,10,14
1_339,799770000,56840000,1643390000,2500000000,41,24,76,141,949140000,55470000,1495390000,2500000000,39,20,74,133,149370000,-1370000,-148000000,0,-2,-4,-2,-8
1_340,588660000,1743570000,167770000,2500000000,23,16,65,104,531340000,1722430000,246230000,2500000000,26,15,71,112,-57320000,-21140000,78460000,0,3,-1,6,8
1_341,335090000,1866830000,298080000,2500000000,18,14,62,94,336210000,1866370000,297420000,2500000000,26,15,69,110,1120000,-460000,-660000,0,8,1,7,16
1_342,753320000,1445200000,301480000,2500000000,28,16,69,113,764230000,1392840000,342930000,2500000000,24,20,71,115,10910000,-52360000,41450000,0,-4,4,2,2
1_343,494210000,1771290000,234500000,2500000000,22,15,63,100,470920000,1731240000,297840000,2500000000,24,19,73,116,-23290000,-40050000,63340000,0,2,4,10,16
1_344,524660000,1577950000,397390000,2500000000,31,28,81,140,517270000,1550340000,432390000,2500000000,32,27,78,137,-7390000,-27610000,35000000,0,1,-1,-3,-3
1_345,789680000,1507410000,202910000,2500000000,24,19,71,114,789830000,1481470000,228700000,2500000000,29,19,73,121,150000,-25940000,25790000,0,5,0,2,7
1_346,571150000,1465850000,463000000,2500000000,32,30,75,137,681520000,1301950000,516530000,2500000000,33,30,75,138,110370000,-163900000,53530000,0,1,0,0,1
1_347,1230000,270240000,1773730000,2045200000,27,37,92,156,1840000,266140000,1777220000,2045200000,29,32,93,154,610000,-4100000,3490000,0,2,-5,1,-2
1_348,377830000,1082940000,1039230000,2500000000,29,24,70,123,563220000,986670000,950110000,2500000000,31,25,72,128,185390000,-96270000,-89120000,0,2,1,2,5
1_349,851910000,435350000,1212740000,2500000000,42,26,84,152,1126160000,349890000,1023950000,2500000000,44,24,78,146,274250000,-85460000,-188790000,0,2,-2,-6,-6
1_350,192080000,1950050000,357870000,2500000000,30,37,76,143,244000000,1854860000,401140000,2500000000,32,40,85,157,51920000,-95190000,43270000,0,2,3,9,14
1_351,1308340000,266900000,924760000,2500000000,41,22,78,141,1721220000,197960000,580820000,2500000000,40,22,82,144,412880000,-68940000,-343940000,0,-1,0,4,3
1_352,952400000,976260000,571340000,2500000000,41,22,77,140,957550000,948090000,594360000,2500000000,39,24,80,143,5150000,-28170000,23020000,0,-2,2,3,3
1_353,827670000,38910000,1633420000,2500000000,40,24,77,141,931620000,26290000,1542090000,2500000000,40,17,71,128,103950000,-12620000,-91330000,0,0,-7,-6,-13
1_354,726960000,1221090000,551950000,2500000000,36,22,82,140,732680000,1200480000,566840000,2500000000,41,25,79,145,5720000,-20610000,14890000,0,5,3,-3,5
1_355,851500000,75740000,1572760000,2500000000,40,19,76,135,884480000,51110000,1564410000,2500000000,41,19,73,133,32980000,-24630000,-8350000,0,1,0,-3,-2
1_356,154910000,2159130000,185960000,2500000000,26,18,75,119,153900000,2138810000,207290000,2500000000,24,21,76,121,-1010000,-20320000,21330000,0,-2,3,1,2
1_357,166470000,2096320000,237210000,2500000000,22,13,70,105,167320000,2098450000,234230000,2500000000,30,14,73,117,850000,2130000,-2980000,0,8,1,3,12
1_358,422080000,1818480000,259440000,2500000000,32,20,80,132,421940000,1754020000,324040000,2500000000,31,19,83,133,-140000,-64460000,64600000,0,-1,-1,3,1
1_359,156220000,1899420000,444360000,2500000000,24,18,74,116,157450000,1767660000,574890000,2500000000,31,19,87,137,1230000,-131760000,130530000,0,7,1,13,21
1_360,1129760000,995940000,374300000,2500000000,30,19,70,119,1137430000,977240000,385330000,2500000000,32,20,76,128,7670000,-18700000,11030000,0,2,1,6,9
1_361,478240000,1709850000,311910000,2500000000,23,15,66,104,484850000,1692100000,323050000,2500000000,27,18,74,119,6610000,-17750000,11140000,0,4,3,8,15
1_362,1102720000,807920000,589360000,2500000000,33,23,77,133,1105730000,789050000,605220000,2500000000,35,16,73,124,3010000,-18870000,15860000,0,2,-7,-4,-9
1_363,1042150000,875510000,582340000,2500000000,33,16,70,119,1036870000,868640000,594490000,2500000000,31,16,69,116,-5280000,-6870000,12150000,0,-2,0,-1,-3
1_364,697500000,834140000,968360000,2500000000,32,24,80,136,716470000,815380000,968150000,2500000000,30,19,78,127,18970000,-18760000,-210000,0,-2,-5,-2,-9
1_365,1129970000,1054290000,315740000,2500000000,27,18,68,113,1114930000,1010740000,374330000,2500000000,29,16,70,115,-15040000,-43550000,58590000,0,2,-2,2,2
1_366,769590000,624260000,1106150000,2500000000,32,22,75,129,793600000,599960000,1106440000,2500000000,32,22,75,129,24010000,-24300000,290000,0,0,0,0,0
1_367,661150000,1034520000,804330000,2500000000,33,16,76,125,654540000,1005430000,840030000,2500000000,32,20,77,129,-6610000,-29090000,35700000,0,-1,4,1,4
1_368,561200000,1688760000,250040000,2500000000,32,26,80,138,565280000,1669170000,265550000,2500000000,30,27,89,146,4080000,-19590000,15510000,0,-2,1,9,8
1_369,266730000,1233270000,1000000000,2500000000,28,24,76,128,277820000,1228390000,993790000,2500000000,34,25,93,152,11090000,-4880000,-6210000,0,6,1,17,24
1_370,540120000,1150530000,809350000,2500000000,35,34,90,159,548580000,1160240000,791180000,2500000000,32,35,89,156,8460000,9710000,-18170000,0,-3,1,-1,-3
1_371,351710000,942120000,1206170000,2500000000,33,23,78,134,361210000,931060000,1207730000,2500000000,30,22,77,129,9500000,-11060000,1560000,0,-3,-1,-1,-5
1_372,521550000,1484550000,493900000,2500000000,32,28,82,142,520100000,1472350000,507550000,2500000000,30,27,80,137,-1450000,-12200000,13650000,0,-2,-1,-2,-5
1_373,491790000,1602110000,406100000,2500000000,30,24,79,133,491950000,1589620000,418430000,2500000000,29,29,83,141,160000,-12490000,12330000,0,-1,5,4,8
1_374,634110000,1666350000,199540000,2500000000,31,30,84,145,649440000,1607040000,243520000,2500000000,31,29,90,150,15330000,-59310000,43980000,0,0,-1,6,5
1_375,542570000,1675510000,281920000,2500000000,30,28,85,143,564230000,1668670000,267100000,2500000000,31,29,87,147,21660000,-6840000,-14820000,0,1,1,2,4
1_376,276920000,254530000,1941410000,2472860000,28,31,82,141,340400000,171910000,1960550000,2472860000,32,24,82,138,63480000,-82620000,19140000,0,4,-7,0,-3
1_377,1251520000,417660000,830820000,2500000000,40,27,85,152,1495910000,280100000,723990000,2500000000,42,25,85,152,244390000,-137560000,-106830000,0,2,-2,0,0
1_378,983580000,418360000,1098060000,2500000000,43,29,85,157,1034420000,410180000,1055400000,2500000000,41,23,77,141,50840000,-8180000,-42660000,0,-2,-6,-8,-16
1_379,1117860000,806570000,575570000,2500000000,34,24,75,133,1328510000,614660000,556830000,2500000000,34,23,76,133,210650000,-191910000,-18740000,0,0,-1,1,0
1_380,1451260000,699010000,349730000,2500000000,41,29,87,157,1674820000,557190000,267990000,2500000000,40,25,83,148,223560000,-141820000,-81740000,0,-1,-4,-4,-9
1_381,1131530000,448860000,919610000,2500000000,33,24,83,140,1425120000,315340000,759540000,2500000000,36,21,77,134,293590000,-133520000,-160070000,0,3,-3,-6,-6
1_382,685130000,1407390000,407480000,2500000000,40,17,78,135,699210000,1373170000,427620000,2500000000,37,21,82,140,14080000,-34220000,20140000,0,-3,4,4,5
1_383,1271600000,164910000,1063490000,2500000000,40,24,77,141,1284700000,154460000,1060840000,2500000000,41,23,81,145,13100000,-10450000,-2650000,0,1,-1,4,4
1_384,499850000,1188240000,811910000,2500000000,29,32,90,151,515710000,1155830000,828460000,2500000000,36,34,96,166,15860000,-32410000,16550000,0,7,2,6,15
1_385,675100000,949320000,875580000,2500000000,43,36,98,177,682640000,898420000,918940000,2500000000,40,39,99,178,7540000,-50900000,43360000,0,-3,3,1,1
1_386,556010000,1516970000,427020000,2500000000,31,19,79,129,564530000,1500100000,435370000,2500000000,32,20,78,130,8520000,-16870000,8350000,0,1,1,-1,1
1_387,547050000,1647520000,305430000,2500000000,35,17,78,130,541690000,1599820000,358490000,2500000000,34,20,84,138,-5360000,-47700000,53060000,0,-1,3,6,8
1_388,723070000,1268450000,508480000,2500000000,33,21,76,130,731760000,1259680000,508560000,2500000000,37,23,74,134,8690000,-8770000,80000,0,4,2,-2,4
1_389,1471600000,361560000,666840000,2500000000,37,19,78,134,1481660000,350130000,668210000,2500000000,37,17,74,128,10060000,-11430000,1370000,0,0,-2,-4,-6
1_390,1011580000,532610000,955810000,2500000000,30,15,71,116,1013620000,537770000,948610000,2500000000,31,16,74,121,2040000,5160000,-7200000,0,1,1,3,5
1_391,698740000,1029040000,772220000,2500000000,31,20,73,124,700850000,1025500000,773650000,2500000000,34,19,78,131,2110000,-3540000,1430000,0,3,-1,5,7
1_392,639620000,466590000,1393790000,2500000000,34,20,74,128,639070000,467750000,1393180000,2500000000,32,23,82,137,-550000,1160000,-610000,0,-2,3,8,9
1_393,710520000,748850000,1040630000,2500000000,29,21,75,125,703000000,737600000,1059400000,2500000000,35,20,75,130,-7520000,-11250000,18770000,0,6,-1,0,5
1_394,1194440000,300530000,1005030000,2500000000,34,22,78,134,1211450000,313360000,975190000,2500000000,35,18,72,125,17010000,12830000,-29840000,0,1,-4,-6,-9
1_395,1394060000,236240000,869700000,2500000000,34,17,75,126,1410360000,250770000,838870000,2500000000,34,18,75,127,16300000,14530000,-30830000,0,0,1,0,1
1_396,791000000,502050000,1206950000,2500000000,34,18,76,128,804090000,519320000,1176590000,2500000000,38,23,75,136,13090000,17270000,-30360000,0,4,5,-1,8
1_397,661960000,214510000,1623530000,2500000000,33,20,71,124,670770000,223410000,1605820000,2500000000,37,23,80,140,8810000,8900000,-17710000,0,4,3,9,16
1_398,322190000,1320190000,857620000,2500000000,29,25,85,139,339740000,1327600000,832660000,2500000000,28,26,88,142,17550000,7410000,-24960000,0,-1,1,3,3
1_399,461530000,856040000,1182430000,2500000000,35,29,83,147,458270000,859000000,1182730000,2500000000,33,27,85,145,-3260000,2960000,300000,0,-2,-2,2,-2
1_400,466830000,915310000,1117860000,2500000000,30,26,84,140,472460000,935810000,1091730000,2500000000,30,23,90,143,5630000,20500000,-26130000,0,0,-3,6,3
1_401,347390000,690000000,1462610000,2500000000,34,29,84,147,353230000,697750000,1449020000,2500000000,33,20,80,133,5840000,7750000,-13590000,0,-1,-9,-4,-14
1_402,1414640000,834220000,251140000,2500000000,32,30,91,153,1450670000,812020000,237310000,2500000000,31,29,87,147,36030000,-22200000,-13830000,0,-1,-1,-4,-6
1_403,750100000,1489740000,260160000,2500000000,30,28,76,134,772680000,1444500000,282820000,2500000000,28,27,88,143,22580000,-45240000,22660000,0,-2,-1,12,9
1_404,704190000,1274380000,521430000,2500000000,32,26,92,150,715870000,1274080000,510050000,2500000000,32,27,88,147,11680000,-300000,-11380000,0,0,1,-4,-3
1_405,427590000,1546770000,525640000,2500000000,30,24,76,130,433540000,1533630000,532830000,2500000000,28,27,93,148,5950000,-13140000,7190000,0,-2,3,17,18
1_406,24940000,420900000,1916540000,2362380000,32,33,91,156,43270000,382630000,1936480000,2362380000,32,29,86,147,18330000,-38270000,19940000,0,0,-4,-5,-9
1_407,18690000,479480000,1723290000,2221460000,21,36,89,146,18990000,461990000,1740480000,2221460000,25,38,93,156,300000,-17490000,17190000,0,4,2,4,10
1_408,705660000,1168600000,625740000,2500000000,35,34,91,160,748800000,1132880000,618320000,2500000000,37,27,94,158,43140000,-35720000,-7420000,0,2,-7,3,-2
1_409,1151010000,648730000,700260000,2500000000,37,27,87,151,1215140000,620990000,663870000,2500000000,35,22,79,136,64130000,-27740000,-36390000,0,-2,-5,-8,-15
1_410,142980000,724790000,1632230000,2500000000,27,40,95,162,181810000,675690000,1642500000,2500000000,27,35,100,162,38830000,-49100000,10270000,0,0,-5,5,0
1_411,906950000,501840000,1091210000,2500000000,37,21,81,139,911590000,516830000,1071580000,2500000000,35,26,78,139,4640000,14990000,-19630000,0,-2,5,-3,0
1_412,930900000,436570000,1132530000,2500000000,40,30,79,149,961840000,449860000,1088300000,2500000000,45,27,83,155,30940000,13290000,-44230000,0,5,-3,4,6
1_413,797000000,494210000,1208790000,2500000000,37,23,82,142,827450000,493930000,1178620000,2500000000,41,24,85,150,30450000,-280000,-30170000,0,4,1,3,8
1_414,1428620000,185730000,885650000,2500000000,42,24,78,144,1486890000,184370000,828740000,2500000000,43,19,77,139,58270000,-1360000,-56910000,0,1,-5,-1,-5
1_415,598640000,1093220000,808140000,2500000000,37,25,85,147,609670000,1065450000,824880000,2500000000,38,25,84,147,11030000,-27770000,16740000,0,1,0,-1,0
1_416,1031490000,608620000,859890000,2500000000,37,26,81,144,1054540000,604890000,840570000,2500000000,35,22,87,144,23050000,-3730000,-19320000,0,-2,-4,6,0
1_417,841730000,414350000,1243920000,2500000000,37,28,91,156,858520000,401040000,1240440000,2500000000,40,33,99,172,16790000,-13310000,-3480000,0,3,5,8,16
1_418,1119000000,573430000,807570000,2500000000,36,21,82,139,1132360000,562260000,805380000,2500000000,38,29,91,158,13360000,-11170000,-2190000,0,2,8,9,19
1_419,512750000,629370000,1357880000,2500000000,31,24,90,145,527640000,643190000,1329170000,2500000000,30,24,89,143,14890000,13820000,-28710000,0,-1,0,-1,-2
1_420,341160000,940950000,1217890000,2500000000,33,24,88,145,342880000,953820000,1203300000,2500000000,29,22,86,137,1720000,12870000,-14590000,0,-4,-2,-2,-8
1_421,535040000,418570000,1546390000,2500000000,33,23,88,144,546480000,417540000,1535980000,2500000000,30,22,84,136,11440000,-1030000,-10410000,0,-3,-1,-4,-8
1_422,365680000,389820000,1744500000,2500000000,29,22,75,126,372200000,387170000,1740630000,2500000000,33,27,90,150,6520000,-2650000,-3870000,0,4,5,15,24
1_423,764770000,1371370000,363860000,2500000000,32,26,88,146,767680000,1359990000,372330000,2500000000,30,19,84,133,2910000,-11380000,8470000,0,-2,-7,-4,-13
1_424,822590000,805210000,872200000,2500000000,29,22,89,140,830650000,802460000,866890000,2500000000,30,26,89,145,8060000,-2750000,-5310000,0,1,4,0,5
1_425,827590000,1166230000,506180000,2500000000,32,19,78,129,824530000,1164690000,510780000,2500000000,31,20,84,135,-3060000,-1540000,4600000,0,-1,1,6,6
1_426,1132470000,213300000,1154230000,2500000000,32,19,82,133,1133620000,216710000,1149670000,2500000000,31,20,76,127,1150000,3410000,-4560000,0,-1,1,-6,-6
1_427,684060000,1234460000,581480000,2500000000,30,29,85,144,685490000,1198510000,616000000,2500000000,26,26,82,134,1430000,-35950000,34520000,0,-4,-3,-3,-10
1_428,74070000,1017520000,1408410000,2500000000,25,44,96,165,74270000,993400000,1432330000,2500000000,26,42,96,164,200000,-24120000,23920000,0,1,-2,0,-1
1_429,813500000,1239960000,446540000,2500000000,40,32,92,164,835800000,1209310000,454890000,2500000000,40,24,85,149,22300000,-30650000,8350000,0,0,-8,-7,-15
1_430,348420000,731130000,1420450000,2500000000,25,34,89,148,330160000,666530000,1503310000,2500000000,29,39,98,166,-18260000,-64600000,82860000,0,4,5,9,18
1_431,1204550000,559560000,735890000,2500000000,39,19,90,148,1241600000,546590000,711810000,2500000000,41,19,88,148,37050000,-12970000,-24080000,0,2,0,-2,0
1_432,974390000,878890000,646720000,2500000000,34,26,89,149,998590000,845720000,655690000,2500000000,35,22,87,144,24200000,-33170000,8970000,0,1,-4,-2,-5
1_433,1121080000,861760000,517160000,2500000000,48,20,92,160,1133300000,848930000,517770000,2500000000,49,26,92,167,12220000,-12830000,610000,0,1,6,0,7
1_434,1113230000,867100000,519670000,2500000000,40,25,82,147,1144530000,867030000,488440000,2500000000,42,23,82,147,31300000,-70000,-31230000,0,2,-2,0,0
1_435,412460000,900200000,1187340000,2500000000,32,29,89,150,414870000,871720000,1213410000,2500000000,38,28,95,161,2410000,-28480000,26070000,0,6,-1,6,11
1_436,844380000,824040000,831580000,2500000000,38,20,77,135,849420000,788760000,861820000,2500000000,42,24,81,147,5040000,-35280000,30240000,0,4,4,4,12
1_437,625400000,1261060000,613540000,2500000000,41,33,97,171,612710000,1217910000,669380000,2500000000,43,34,103,180,-12690000,-43150000,55840000,0,2,1,6,9
1_438,696810000,1372750000,430440000,2500000000,39,21,85,145,691430000,1321580000,486990000,2500000000,42,29,83,154,-5380000,-51170000,56550000,0,3,8,-2,9
1_439,581700000,719750000,1198550000,2500000000,32,28,89,149,593710000,706560000,1199730000,2500000000,36,27,94,157,12010000,-13190000,1180000,0,4,-1,5,8
1_440,668570000,822040000,1009390000,2500000000,33,22,81,136,668950000,804020000,1027030000,2500000000,36,32,90,158,380000,-18020000,17640000,0,3,10,9,22
1_441,581990000,1267850000,650160000,2500000000,37,27,90,154,583440000,1240690000,675870000,2500000000,36,25,93,154,1450000,-27160000,25710000,0,-1,-2,3,0
1_442,691320000,1033130000,775550000,2500000000,39,28,90,157,693850000,1020110000,786040000,2500000000,44,31,100,175,2530000,-13020000,10490000,0,5,3,10,18
1_443,1069140000,1030120000,400740000,2500000000,30,19,83,132,1069750000,1034570000,395680000,2500000000,31,18,73,122,610000,4450000,-5060000,0,1,-1,-10,-10
1_444,788910000,781320000,929770000,2500000000,32,21,83,136,790170000,780640000,929190000,2500000000,32,21,86,139,1260000,-680000,-580000,0,0,0,3,3
1_445,873450000,1160330000,466220000,2500000000,30,23,80,133,873390000,1148750000,477860000,2500000000,33,23,82,138,-60000,-11580000,11640000,0,3,0,2,5
1_446,725310000,1288770000,485920000,2500000000,28,23,87,138,712680000,1262280000,525040000,2500000000,36,27,95,158,-12630000,-26490000,39120000,0,8,4,8,20
1_447,105270000,54640000,2012330000,2172240000,29,20,75,124,94730000,35600000,2041910000,2172240000,27,18,75,120,-10540000,-19040000,29580000,0,-2,-2,0,-4
1_448,1088700000,811490000,599810000,2500000000,41,32,92,165,1120260000,799420000,580320000,2500000000,40,24,87,151,31560000,-12070000,-19490000,0,-1,-8,-5,-14
1_449,1177680000,717870000,604450000,2500000000,35,30,89,154,1151500000,661670000,686830000,2500000000,32,27,87,146,-26180000,-56200000,82380000,0,-3,-3,-2,-8
1_450,1182650000,266250000,1051100000,2500000000,46,22,84,152,1195970000,261440000,1042590000,2500000000,47,21,84,152,13320000,-4810000,-8510000,0,1,-1,0,0
1_451,1122500000,545770000,831730000,2500000000,45,25,82,152,1156930000,546160000,796910000,2500000000,46,23,85,154,34430000,390000,-34820000,0,1,-2,3,2
1_452,1084700000,780220000,635080000,2500000000,43,25,92,160,1087380000,762680000,649940000,2500000000,44,27,90,161,2680000,-17540000,14860000,0,1,2,-2,1
1_453,1118820000,598190000,782990000,2500000000,43,24,89,156,1126870000,563680000,809450000,2500000000,47,20,86,153,8050000,-34510000,26460000,0,4,-4,-3,-3
1_454,1320280000,404490000,775230000,2500000000,45,26,83,154,1324310000,398270000,777420000,2500000000,47,25,89,161,4030000,-6220000,2190000,0,2,-1,6,7
1_455,1096980000,599850000,803170000,2500000000,46,23,81,150,1097080000,576280000,826640000,2500000000,48,24,93,165,100000,-23570000,23470000,0,2,1,12,15
1_456,982430000,918280000,599290000,2500000000,32,25,82,139,973480000,914980000,611540000,2500000000,34,22,90,146,-8950000,-3300000,12250000,0,2,-3,8,7
1_457,1078720000,745450000,675830000,2500000000,37,22,81,140,1092550000,743160000,664290000,2500000000,41,24,92,157,13830000,-2290000,-11540000,0,4,2,11,17
1_458,403720000,1217580000,878700000,2500000000,30,26,76,132,418530000,1222930000,858540000,2500000000,28,21,71,120,14810000,5350000,-20160000,0,-2,-5,-5,-12
1_459,397580000,1367530000,734890000,2500000000,30,26,75,131,403310000,1364070000,732620000,2500000000,30,25,77,132,5730000,-3460000,-2270000,0,0,-1,2,1
1_460,345130000,1932740000,222130000,2500000000,30,26,74,130,345260000,1926680000,228060000,2500000000,27,20,76,123,130000,-6060000,5930000,0,-3,-6,2,-7
1_461,254060000,2117850000,128090000,2500000000,28,24,73,125,252770000,2112530000,134700000,2500000000,29,26,72,127,-1290000,-5320000,6610000,0,1,2,-1,2
1_462,357080000,1041620000,1101300000,2500000000,30,39,90,159,357620000,1020320000,1122060000,2500000000,27,36,86,149,540000,-21300000,20760000,0,-3,-3,-4,-10
1_463,412650000,969230000,1118120000,2500000000,29,24,71,124,431130000,980800000,1088070000,2500000000,29,23,66,118,18480000,11570000,-30050000,0,0,-1,-5,-6
1_464,581230000,1215880000,702890000,2500000000,30,27,80,137,584670000,1194500000,720830000,2500000000,28,35,80,143,3440000,-21380000,17940000,0,-2,8,0,6
1_465,527000000,1657840000,315160000,2500000000,28,23,71,122,527480000,1634260000,338260000,2500000000,26,24,72,122,480000,-23580000,23100000,0,-2,1,1,0
1_466,63380000,713050000,1522450000,2298880000,19,23,66,108,63180000,705630000,1530070000,2298880000,24,23,64,111,-200000,-7420000,7620000,0,5,0,-2,3
1_467,292750000,1121130000,1086120000,2500000000,28,31,80,139,296090000,1129620000,1074290000,2500000000,26,25,76,127,3340000,8490000,-11830000,0,-2,-6,-4,-12
1_468,335080000,1196660000,968260000,2500000000,29,32,79,140,278910000,839480000,1381610000,2500000000,28,32,75,135,-56170000,-357180000,413350000,0,-1,0,-4,-5
1_469,125620000,283230000,1832060000,2240910000,28,37,78,143,88480000,202570000,1949860000,2240910000,25,32,72,129,-37140000,-80660000,117800000,0,-3,-5,-6,-14
1_470,111680000,935580000,1452740000,2500000000,27,32,83,142,99760000,787050000,1613190000,2500000000,24,34,75,133,-11920000,-148530000,160450000,0,-3,2,-8,-9
1_471,53760000,2148770000,297470000,2500000000,29,32,76,137,60450000,1960910000,478640000,2500000000,24,36,74,134,6690000,-187860000,181170000,0,-5,4,-2,-3
1_472,80530000,1478900000,940570000,2500000000,25,30,77,132,64570000,1210400000,1225030000,2500000000,28,34,72,134,-15960000,-268500000,284460000,0,3,4,-5,2
1_473,45670000,899370000,1517670000,2462710000,29,40,84,153,61970000,782360000,1618380000,2462710000,28,37,78,143,16300000,-117010000,100710000,0,-1,-3,-6,-10
1_474,9450000,335180000,2115680000,2460310000,18,27,59,104,9980000,298230000,2152100000,2460310000,17,31,65,113,530000,-36950000,36420000,0,-1,4,6,9
1_475,162070000,2035810000,302120000,2500000000,31,38,83,152,191190000,1912840000,395970000,2500000000,32,38,83,153,29120000,-122970000,93850000,0,1,0,0,1
1_476,49310000,721000000,1479450000,2249760000,28,34,80,142,60010000,615100000,1574650000,2249760000,24,34,81,139,10700000,-105900000,95200000,0,-4,0,1,-3
1_477,112570000,2108030000,279400000,2500000000,31,40,84,155,115500000,1807610000,576890000,2500000000,27,33,72,132,2930000,-300420000,297490000,0,-4,-7,-12,-23
1_478,588180000,1571210000,340610000,2500000000,28,25,74,127,582400000,1559040000,358560000,2500000000,33,28,83,144,-5780000,-12170000,17950000,0,5,3,9,17
1_479,436710000,1811520000,251770000,2500000000,31,24,80,135,426660000,1762880000,310460000,2500000000,33,30,78,141,-10050000,-48640000,58690000,0,2,6,-2,6
1_480,798960000,1148650000,552390000,2500000000,32,25,83,140,795090000,1102670000,602240000,2500000000,34,29,88,151,-3870000,-45980000,49850000,0,2,4,5,11
1_481,430230000,1820940000,248830000,2500000000,32,26,80,138,437150000,1800920000,261930000,2500000000,32,26,81,139,6920000,-20020000,13100000,0,0,0,1,1
1_482,351160000,1592880000,555960000,2500000000,27,25,70,122,349980000,1591790000,558230000,2500000000,26,23,72,121,-1180000,-1090000,2270000,0,-1,-2,2,-1
1_483,638260000,1519500000,342240000,2500000000,30,27,85,142,641890000,1501060000,357050000,2500000000,34,25,86,145,3630000,-18440000,14810000,0,4,-2,1,3
1_484,141090000,828340000,1526660000,2496090000,32,41,96,169,137940000,831840000,1526310000,2496090000,31,41,91,163,-3150000,3500000,-350000,0,-1,0,-5,-6
1_485,298590000,1753850000,447560000,2500000000,29,29,81,139,300600000,1767600000,431800000,2500000000,27,25,75,127,2010000,13750000,-15760000,0,-2,-4,-6,-12
1_486,107860000,1820420000,571720000,2500000000,25,26,75,126,109600000,1778680000,611720000,2500000000,25,29,72,126,1740000,-41740000,40000000,0,0,3,-3,0
1_487,145440000,2112010000,242550000,2500000000,24,29,79,132,145330000,2086380000,268290000,2500000000,29,30,80,139,-110000,-25630000,25740000,0,5,1,1,7
1_488,55830000,802280000,1627840000,2485950000,30,36,87,153,58510000,793100000,1634340000,2485950000,29,37,87,153,2680000,-9180000,6500000,0,-1,1,0,0
1_489,63180000,2062850000,373970000,2500000000,25,33,80,138,64990000,2020230000,414780000,2500000000,29,40,84,153,1810000,-42620000,40810000,0,4,7,4,15
1_490,19350000,414310000,1552140000,1985800000,18,30,75,123,24440000,345990000,1615370000,1985800000,20,32,71,123,5090000,-68320000,63230000,0,2,2,-4,0
1_491,402680000,1918660000,178660000,2500000000,29,26,77,132,406470000,1901560000,191970000,2500000000,31,30,87,148,3790000,-17100000,13310000,0,2,4,10,16
1_492,636840000,1672470000,190690000,2500000000,33,28,90,151,649260000,1655660000,195080000,2500000000,33,24,85,142,12420000,-16810000,4390000,0,0,-4,-5,-9
1_493,232160000,2074300000,193540000,2500000000,30,28,77,135,217830000,2061840000,220330000,2500000000,29,28,83,140,-14330000,-12460000,26790000,0,-1,0,6,5
1_494,785700000,1412910000,301390000,2500000000,29,25,81,135,788380000,1402180000,309440000,2500000000,30,29,86,145,2680000,-10730000,8050000,0,1,4,5,10
1_495,738790000,1431280000,329930000,2500000000,31,34,85,150,743540000,1417980000,338480000,2500000000,31,31,87,149,4750000,-13300000,8550000,0,0,-3,2,-1
1_496,547500000,1700210000,252290000,2500000000,27,20,68,115,552540000,1692020000,255440000,2500000000,29,24,78,131,5040000,-8190000,3150000,0,2,4,10,16
1_497,317550000,1916500000,265950000,2500000000,31,33,85,149,324070000,1895270000,280660000,2500000000,29,25,88,142,6520000,-21230000,14710000,0,-2,-8,3,-7
1_498,485860000,1806370000,207770000,2500000000,30,29,83,142,504120000,1791320000,204560000,2500000000,29,27,82,138,18260000,-15050000,-3210000,0,-1,-2,-1,-4
1_499,201650000,1555510000,742840000,2500000000,30,31,81,142,216930000,1508320000,774750000,2500000000,31,32,85,148,15280000,-47190000,31910000,0,1,1,4,6
1_500,140740000,2025420000,333840000,2500000000,24,26,80,130,142190000,2024170000,333640000,2500000000,29,29,79,137,1450000,-1250000,-200000,0,5,3,-1,7
1_501,375320000,1069370000,1055310000,2500000000,31,26,73,130,388770000,1069500000,1041730000,2500000000,34,28,82,144,13450000,130000,-13580000,0,3,2,9,14
1_502,476980000,939490000,1083530000,2500000000,34,25,78,137,478330000,952950000,1068720000,2500000000,34,28,86,148,1350000,13460000,-14810000,0,0,3,8,11
1_503,59620000,1336750000,1103630000,2500000000,25,38,86,149,61750000,1315680000,1122570000,2500000000,33,41,89,163,2130000,-21070000,18940000,0,8,3,3,14
1_504,51250000,1557310000,891440000,2500000000,24,27,73,124,51660000,1524720000,923620000,2500000000,32,29,80,141,410000,-32590000,32180000,0,8,2,7,17
1_505,94560000,1310090000,1095350000,2500000000,28,39,86,153,97840000,1262810000,1139350000,2500000000,37,43,91,171,3280000,-47280000,44000000,0,9,4,5,18
1_506,23970000,124570000,2045710000,2194250000,25,36,84,145,26330000,102840000,2065080000,2194250000,32,36,79,147,2360000,-21730000,19370000,0,7,0,-5,2
1_507,34030000,1203980000,1261990000,2500000000,31,39,84,154,49590000,1145740000,1304670000,2500000000,37,42,91,170,15560000,-58240000,42680000,0,6,3,7,16
1_508,695660000,1363730000,440610000,2500000000,32,27,90,149,701700000,1348660000,449640000,2500000000,32,34,92,158,6040000,-15070000,9030000,0,0,7,2,9
1_509,1118260000,1170420000,211320000,2500000000,29,23,78,130,1110530000,1166090000,223380000,2500000000,31,22,84,137,-7730000,-4330000,12060000,0,2,-1,6,7
1_510,985120000,1030260000,484620000,2500000000,32,23,82,137,1038580000,1035250000,426170000,2500000000,33,22,78,133,53460000,4990000,-58450000,0,1,-1,-4,-4
1_511,882350000,826260000,791390000,2500000000,26,20,71,117,884940000,840260000,774800000,2500000000,29,19,75,123,2590000,14000000,-16590000,0,3,-1,4,6
1_512,510540000,1246370000,743090000,2500000000,35,31,88,154,536950000,1263930000,699120000,2500000000,35,29,90,154,26410000,17560000,-43970000,0,0,-2,2,0
1_513,445990000,1624530000,429480000,2500000000,33,29,87,149,464810000,1630430000,404760000,2500000000,33,30,96,159,18820000,5900000,-24720000,0,0,1,9,10
1_514,733190000,1028530000,738280000,2500000000,35,30,84,149,743180000,1054930000,701890000,2500000000,33,29,90,152,9990000,26400000,-36390000,0,-2,-1,6,3
1_515,827950000,1089990000,582060000,2500000000,34,27,86,147,885510000,1119740000,494750000,2500000000,35,26,93,154,57560000,29750000,-87310000,0,1,-1,7,7
1_516,624160000,1186240000,689600000,2500000000,28,20,70,118,629750000,1170110000,700140000,2500000000,32,27,75,134,5590000,-16130000,10540000,0,4,7,5,16
1_517,1369850000,394060000,736090000,2500000000,38,26,82,146,1359770000,402180000,738050000,2500000000,42,22,79,143,-10080000,8120000,1960000,0,4,-4,-3,-3
1_518,1131040000,677740000,691220000,2500000000,34,19,70,123,1115020000,673160000,711820000,2500000000,38,19,69,126,-16020000,-4580000,20600000,0,4,0,-1,3
1_519,1172050000,697070000,630880000,2500000000,35,20,77,132,1155170000,692010000,652820000,2500000000,38,22,76,136,-16880000,-5060000,21940000,0,3,2,-1,4
1_520,359000000,930410000,1210590000,2500000000,27,32,77,136,358030000,924580000,1217390000,2500000000,34,36,81,151,-970000,-5830000,6800000,0,7,4,4,15
1_521,491460000,1219960000,788580000,2500000000,31,37,85,153,487090000,1186940000,825970000,2500000000,39,39,89,167,-4370000,-33020000,37390000,0,8,2,4,14
1_522,237610000,1268880000,993510000,2500000000,35,30,81,146,240360000,1247180000,1012460000,2500000000,40,32,89,161,2750000,-21700000,18950000,0,5,2,8,15
1_523,37020000,398510000,2064470000,2500000000,30,37,87,154,40010000,337890000,2122100000,2500000000,36,42,88,166,2990000,-60620000,57630000,0,6,5,1,12
1_524,209280000,1236130000,1054590000,2500000000,31,40,91,162,210600000,1143490000,1145910000,2500000000,37,41,93,171,1320000,-92640000,91320000,0,6,1,2,9
1_525,699640000,533300000,1267060000,2500000000,37,37,85,159,700000000,525300000,1274700000,2500000000,40,44,91,175,360000,-8000000,7640000,0,3,7,6,16
1_526,285040000,1334940000,880020000,2500000000,28,42,85,155,282880000,1295390000,921730000,2500000000,37,45,86,168,-2160000,-39550000,41710000,0,9,3,1,13
1_527,13320000,362980000,2123700000,2500000000,23,37,83,143,14670000,355860000,2129470000,2500000000,26,36,86,148,1350000,-7120000,5770000,0,3,-1,3,5
1_528,75610000,438160000,1986230000,2500000000,30,38,86,154,72780000,407990000,2019230000,2500000000,35,38,85,158,-2830000,-30170000,33000000,0,5,0,-1,4
1_529,35510000,126060000,2338430000,2500000000,27,35,86,148,36720000,134710000,2328570000,2500000000,34,41,86,161,1210000,8650000,-9860000,0,7,6,0,13
1_530,245640000,908860000,1345500000,2500000000,37,42,96,175,241260000,917970000,1340770000,2500000000,40,43,95,178,-4380000,9110000,-4730000,0,3,1,-1,3
1_531,3500000,170320000,2324500000,2498320000,21,36,82,139,4460000,178220000,2315640000,2498320000,31,39,87,157,960000,7900000,-8860000,0,10,3,5,18
1_532,685710000,806860000,1007430000,2500000000,33,27,82,142,729790000,810290000,959920000,2500000000,32,24,83,139,44080000,3430000,-47510000,0,-1,-3,1,-3
1_533,967030000,633440000,899530000,2500000000,32,22,76,130,975380000,623670000,900950000,2500000000,34,19,83,136,8350000,-9770000,1420000,0,2,-3,7,6
1_534,108460000,282770000,1991250000,2382480000,39,33,85,157,108100000,282300000,1992080000,2382480000,31,30,70,131,-360000,-470000,830000,0,-8,-3,-15,-26
1_535,33000000,130950000,2264000000,2427950000,33,34,89,156,32610000,129250000,2266090000,2427950000,29,29,76,134,-390000,-1700000,2090000,0,-4,-5,-13,-22
1_536,0,15670000,1463900000,1479570000,9,29,61,99,0,15670000,1463900000,1479570000,14,28,57,99,0,0,0,0,5,-1,-4,0
1_537,765180000,261830000,1472990000,2500000000,37,29,86,152,759080000,261390000,1479530000,2500000000,38,29,70,137,-6100000,-440000,6540000,0,1,0,-16,-15
1_538,349260000,597940000,1552800000,2500000000,38,38,98,174,349430000,587950000,1562620000,2500000000,41,36,90,167,170000,-9990000,9820000,0,3,-2,-8,-7
1_539,661800000,139270000,1698930000,2500000000,37,30,71,138,660700000,138190000,1701110000,2500000000,38,27,71,136,-1100000,-1080000,2180000,0,1,-3,0,-2
1_540,518910000,214960000,1766130000,2500000000,35,29,83,147,513630000,215760000,1770610000,2500000000,32,27,78,137,-5280000,800000,4480000,0,-3,-2,-5,-10
1_541,609790000,86350000,1803860000,2500000000,34,28,73,135,609610000,86340000,1804050000,2500000000,31,28,70,129,-180000,-10000,190000,0,-3,0,-3,-6
1_542,1154460000,431960000,913580000,2500000000,44,22,80,146,1168520000,416040000,915440000,2500000000,45,21,83,149,14060000,-15920000,1860000,0,1,-1,3,3
1_543,698210000,270610000,1531180000,2500000000,35,27,72,134,695800000,269280000,1534920000,2500000000,33,30,76,139,-2410000,-1330000,3740000,0,-2,3,4,5
1_544,193330000,88850000,2217820000,2500000000,38,31,87,156,193230000,88850000,2217920000,2500000000,35,23,61,119,-100000,0,100000,0,-3,-8,-26,-37
1_545,554400000,127030000,1818570000,2500000000,36,28,78,142,553710000,127030000,1819260000,2500000000,33,28,69,130,-690000,0,690000,0,-3,0,-9,-12
1_546,640000,19720000,1742450000,1762810000,37,33,87,157,640000,19720000,1742450000,1762810000,25,23,69,117,0,0,0,0,-12,-10,-18,-40
1_547,428420000,252430000,1819150000,2500000000,27,20,78,125,414420000,238640000,1846940000,2500000000,29,24,80,133,-14000000,-13790000,27790000,0,2,4,2,8
1_548,985620000,500350000,1014030000,2500000000,44,32,85,161,1040180000,493340000,966480000,2500000000,43,27,89,159,54560000,-7010000,-47550000,0,-1,-5,4,-2
1_549,1297450000,574060000,628490000,2500000000,36,29,79,144,1238490000,549960000,711550000,2500000000,33,24,79,136,-58960000,-24100000,83060000,0,-3,-5,0,-8
1_550,403780000,91210000,2005010000,2500000000,42,22,73,137,425610000,90270000,1984120000,2500000000,43,18,68,129,21830000,-940000,-20890000,0,1,-4,-5,-8
1_551,885740000,441360000,1172900000,2500000000,39,24,81,144,907330000,440130000,1152540000,2500000000,47,21,84,152,21590000,-1230000,-20360000,0,8,-3,3,8
1_552,975480000,236230000,1288290000,2500000000,39,17,70,126,1014620000,225930000,1259450000,2500000000,45,21,84,150,39140000,-10300000,-28840000,0,6,4,14,24
1_553,1228220000,71980000,1199800000,2500000000,43,21,77,141,1310080000,64310000,1125610000,2500000000,44,18,75,137,81860000,-7670000,-74190000,0,1,-3,-2,-4
1_554,802800000,214440000,1482760000,2500000000,37,22,86,145,751150000,186960000,1561890000,2500000000,37,23,83,143,-51650000,-27480000,79130000,0,0,1,-3,-2
1_555,1150230000,123590000,1226180000,2500000000,42,21,77,140,1155640000,124580000,1219780000,2500000000,45,19,70,134,5410000,990000,-6400000,0,3,-2,-7,-6
1_556,68270000,37900000,1793650000,1899820000,24,16,64,104,69600000,25090000,1805130000,1899820000,29,18,72,119,1330000,-12810000,11480000,0,5,2,8,15
1_557,811470000,34750000,1653780000,2500000000,41,23,74,138,832480000,39240000,1628280000,2500000000,44,17,69,130,21010000,4490000,-25500000,0,3,-6,-5,-8
1_558,607580000,63370000,1829050000,2500000000,39,22,73,134,636190000,58860000,1804950000,2500000000,38,16,71,125,28610000,-4510000,-24100000,0,-1,-6,-2,-9
1_559,674390000,1239160000,586450000,2500000000,43,24,90,157,660220000,1211800000,627980000,2500000000,43,21,88,152,-14170000,-27360000,41530000,0,0,-3,-2,-5
1_560,924310000,1016870000,558820000,2500000000,37,19,78,134,913430000,998440000,588130000,2500000000,42,20,83,145,-10880000,-18430000,29310000,0,5,1,5,11
1_561,658470000,68480000,1773050000,2500000000,46,17,77,140,679890000,72440000,1747670000,2500000000,45,17,79,141,21420000,3960000,-25380000,0,-1,0,2,1
1_562,547130000,51070000,1901800000,2500000000,42,16,68,126,573650000,56500000,1869850000,2500000000,39,17,74,130,26520000,5430000,-31950000,0,-3,1,6,4
1_563,566490000,110760000,1822750000,2500000000,40,19,74,133,560470000,129780000,1809750000,2500000000,41,16,74,131,-6020000,19020000,-13000000,0,1,-3,0,-2
1_564,658250000,307660000,1534090000,2500000000,44,22,85,151,641600000,281420000,1576980000,2500000000,39,17,75,131,-16650000,-26240000,42890000,0,-5,-5,-10,-20
1_565,648910000,1282890000,568200000,2500000000,49,30,95,174,640210000,1210870000,648920000,2500000000,48,30,94,172,-8700000,-72020000,80720000,0,-1,0,-1,-2
1_566,979300000,219240000,1301460000,2500000000,48,28,91,167,980110000,217910000,1301980000,2500000000,47,26,93,166,810000,-1330000,520000,0,-1,-2,2,-1
1_567,702720000,729960000,1067320000,2500000000,46,24,84,154,646080000,670430000,1183490000,2500000000,48,24,83,155,-56640000,-59530000,116170000,0,2,0,-1,1
1_568,730830000,166630000,1602540000,2500000000,46,23,88,157,595110000,174580000,1730310000,2500000000,46,19,85,150,-135720000,7950000,127770000,0,0,-4,-3,-7
1_569,1213880000,658020000,628100000,2500000000,41,25,88,154,1209080000,606010000,684910000,2500000000,40,23,83,146,-4800000,-52010000,56810000,0,-1,-2,-5,-8
1_570,974330000,654020000,871650000,2500000000,44,25,87,156,983190000,579200000,937610000,2500000000,43,19,80,142,8860000,-74820000,65960000,0,-1,-6,-7,-14
1_571,836480000,1177890000,485630000,2500000000,42,26,89,157,846320000,1118110000,535570000,2500000000,41,32,90,163,9840000,-59780000,49940000,0,-1,6,1,6
1_572,966290000,993740000,539970000,2500000000,45,28,85,158,933110000,992900000,573990000,2500000000,48,27,89,164,-33180000,-840000,34020000,0,3,-1,4,6
1_573,945450000,242290000,1312260000,2500000000,36,22,75,133,944110000,269240000,1286650000,2500000000,35,21,72,128,-1340000,26950000,-25610000,0,-1,-1,-3,-5
1_574,540690000,1794640000,164670000,2500000000,23,20,77,120,517880000,1795080000,187040000,2500000000,24,16,76,116,-22810000,440000,22370000,0,1,-4,-1,-4
1_575,1071490000,1169080000,259430000,2500000000,27,20,80,127,1064310000,1190360000,245330000,2500000000,25,16,69,110,-7180000,21280000,-14100000,0,-2,-4,-11,-17
1_576,208420000,2096040000,195540000,2500000000,26,28,82,136,190850000,2074520000,234630000,2500000000,20,25,84,129,-17570000,-21520000,39090000,0,-6,-3,2,-7
1_577,935500000,470460000,1094040000,2500000000,32,19,67,118,935320000,478700000,1085980000,2500000000,31,16,65,112,-180000,8240000,-8060000,0,-1,-3,-2,-6
1_578,1063900000,86870000,1349230000,2500000000,43,20,73,136,1041540000,82170000,1376290000,2500000000,43,13,66,122,-22360000,-4700000,27060000,0,0,-7,-7,-14
1_579,397640000,1747120000,355240000,2500000000,34,31,93,158,396060000,1708930000,395010000,2500000000,33,30,90,153,-1580000,-38190000,39770000,0,-1,-1,-3,-5
1_580,1136500000,491590000,871910000,2500000000,37,24,86,147,1110260000,485770000,903970000,2500000000,41,24,88,153,-26240000,-5820000,32060000,0,4,0,2,6
1_581,194110000,1986570000,319320000,2500000000,24,28,75,127,183600000,1961030000,355370000,2500000000,26,24,80,130,-10510000,-25540000,36050000,0,2,-4,5,3
1_582,787970000,60590000,1651440000,2500000000,42,18,73,133,724880000,182280000,1592840000,2500000000,45,19,81,145,-63090000,121690000,-58600000,0,3,1,8,12
1_583,662560000,70860000,1766580000,2500000000,43,19,78,140,594390000,61630000,1843980000,2500000000,45,15,76,136,-68170000,-9230000,77400000,0,2,-4,-2,-4
1_584,413860000,11880000,2074260000,2500000000,40,17,69,126,402410000,27610000,2069980000,2500000000,43,20,72,135,-11450000,15730000,-4280000,0,3,3,3,9
1_585,1290410000,59780000,1149810000,2500000000,41,18,82,141,1270130000,78660000,1151210000,2500000000,47,20,86,153,-20280000,18880000,1400000,0,6,2,4,12
1_586,1322210000,644120000,533670000,2500000000,43,23,81,147,1301920000,503400000,694680000,2500000000,47,22,80,149,-20290000,-140720000,161010000,0,4,-1,-1,2
1_587,802090000,1107680000,590230000,2500000000,45,23,82,150,794460000,1120330000,585210000,2500000000,48,23,84,155,-7630000,12650000,-5020000,0,3,0,2,5
1_588,833730000,1194070000,472200000,2500000000,37,25,80,142,842490000,1061330000,596180000,2500000000,42,22,87,151,8760000,-132740000,123980000,0,5,-3,7,9
1_589,718900000,642860000,1138240000,2500000000,48,31,87,166,714450000,680780000,1104770000,2500000000,48,29,90,167,-4450000,37920000,-33470000,0,0,-2,3,1
1_590,633040000,239710000,1584250000,2457000000,21,23,67,111,629000000,238150000,1589850000,2457000000,35,21,75,131,-4040000,-1560000,5600000,0,14,-2,8,20
1_591,616460000,1637090000,246450000,2500000000,32,28,87,147,597670000,1616530000,285800000,2500000000,34,28,92,154,-18790000,-20560000,39350000,0,2,0,5,7
1_592,1559230000,279470000,661300000,2500000000,33,17,76,126,1550980000,281200000,667820000,2500000000,30,14,71,115,-8250000,1730000,6520000,0,-3,-3,-5,-11
1_593,285200000,1986480000,228320000,2500000000,18,25,75,118,243830000,1966070000,290100000,2500000000,27,26,87,140,-41370000,-20410000,61780000,0,9,1,12,22
1_594,1590510000,654800000,254690000,2500000000,27,20,70,117,1606910000,654120000,238970000,2500000000,33,16,65,114,16400000,-680000,-15720000,0,6,-4,-5,-3
1_595,1053170000,552140000,894690000,2500000000,45,26,90,161,1024410000,578300000,897290000,2500000000,45,23,88,156,-28760000,26160000,2600000,0,0,-3,-2,-5
1_596,52900000,1770730000,676370000,2500000000,23,23,78,124,34550000,1713660000,751790000,2500000000,25,23,75,123,-18350000,-57070000,75420000,0,2,0,-3,-1
1_597,1277210000,399820000,822970000,2500000000,44,24,83,151,1239530000,447660000,812810000,2500000000,46,22,87,155,-37680000,47840000,-10160000,0,2,-2,4,4
1_598,49690000,2154720000,295590000,2500000000,26,25,76,127,37280000,2119880000,342840000,2500000000,26,22,75,123,-12410000,-34840000,47250000,0,0,-3,-1,-4
1_599,759180000,39900000,1700920000,2500000000,41,17,72,130,690020000,57130000,1752850000,2500000000,46,14,75,135,-69160000,17230000,51930000,0,5,-3,3,5
1_600,1053810000,92010000,1354180000,2500000000,41,21,83,145,1031840000,98560000,1369600000,2500000000,46,18,84,148,-21970000,6550000,15420000,0,5,-3,1,3
1_601,479580000,2000000,2018420000,2500000000,36,17,64,117,400140000,8950000,2090910000,2500000000,42,15,68,125,-79440000,6950000,72490000,0,6,-2,4,8
1_602,789380000,105240000,1605380000,2500000000,40,15,72,127,783390000,121970000,1594640000,2500000000,45,18,84,147,-5990000,16730000,-10740000,0,5,3,12,20
1_603,485610000,1082000000,932390000,2500000000,39,30,83,152,480140000,921750000,1098110000,2500000000,40,30,90,160,-5470000,-160250000,165720000,0,1,0,7,8
1_604,909120000,226340000,1364540000,2500000000,46,23,75,144,878650000,236710000,1384640000,2500000000,49,21,82,152,-30470000,10370000,20100000,0,3,-2,7,8
1_605,802060000,192800000,1505140000,2500000000,46,28,84,158,798640000,60840000,1640520000,2500000000,47,27,85,159,-3420000,-131960000,135380000,0,1,-1,1,1
1_606,861340000,24890000,1613770000,2500000000,45,20,68,133,853310000,27900000,1618790000,2500000000,43,21,70,134,-8030000,3010000,5020000,0,-2,1,2,1
1_607,494860000,538850000,1466290000,2500000000,19,23,67,109,501390000,542470000,1456140000,2500000000,19,19,69,107,6530000,3620000,-10150000,0,0,-4,2,-2
1_608,1207500000,964320000,328180000,2500000000,22,19,63,104,1216750000,996140000,287110000,2500000000,24,15,64,103,9250000,31820000,-41070000,0,2,-4,1,-1
1_609,394610000,1067080000,1038310000,2500000000,19,26,74,119,409460000,1089130000,1001410000,2500000000,18,21,81,120,14850000,22050000,-36900000,0,-1,-5,7,1
1_610,1557750000,601810000,340440000,2500000000,26,26,80,132,1541900000,612110000,345990000,2500000000,37,29,91,157,-15850000,10300000,5550000,0,11,3,11,25
1_611,569700000,1305830000,624470000,2500000000,22,26,73,121,536460000,1284280000,679260000,2500000000,24,24,80,128,-33240000,-21550000,54790000,0,2,-2,7,7
1_612,1351520000,835750000,312730000,2500000000,30,20,70,120,1343560000,826630000,329810000,2500000000,33,20,76,129,-7960000,-9120000,17080000,0,3,0,6,9
1_613,886470000,1406740000,206790000,2500000000,18,23,72,113,893740000,1404890000,201370000,2500000000,24,16,67,107,7270000,-1850000,-5420000,0,6,-7,-5,-6
1_614,114490000,2142240000,243270000,2500000000,20,31,77,128,44820000,2109150000,346030000,2500000000,20,25,80,125,-69670000,-33090000,102760000,0,0,-6,3,-3
1_615,803950000,1406940000,289110000,2500000000,32,19,72,123,803680000,1391890000,304430000,2500000000,32,21,82,135,-270000,-15050000,15320000,0,0,2,10,12
1_616,35610000,2312270000,152120000,2500000000,16,26,65,107,18500000,2292360000,189140000,2500000000,16,24,76,116,-17110000,-19910000,37020000,0,0,-2,11,9
1_617,484980000,1650710000,364310000,2500000000,34,26,83,143,483710000,1619160000,397130000,2500000000,30,25,86,141,-1270000,-31550000,32820000,0,-4,-1,3,-2
1_618,1449110000,232330000,818560000,2500000000,45,20,74,139,1428450000,266610000,804940000,2500000000,46,19,73,138,-20660000,34280000,-13620000,0,1,-1,-1,-1
1_619,90820000,1850150000,559030000,2500000000,27,31,83,141,94710000,1807480000,597810000,2500000000,32,26,80,138,3890000,-42670000,38780000,0,5,-5,-3,-3
1_620,1405460000,492890000,601650000,2500000000,45,20,76,141,1412780000,471920000,615300000,2500000000,44,21,77,142,7320000,-20970000,13650000,0,-1,1,1,1
1_621,216260000,1934910000,348830000,2500000000,20,24,72,116,216350000,1928740000,354910000,2500000000,24,21,73,118,90000,-6170000,6080000,0,4,-3,1,2
1_622,564340000,81130000,1854530000,2500000000,40,18,74,132,551600000,83850000,1864550000,2500000000,44,17,78,139,-12740000,2720000,10020000,0,4,-1,4,7
1_623,1084080000,204220000,1211700000,2500000000,40,16,73,129,1087540000,200940000,1211520000,2500000000,45,17,77,139,3460000,-3280000,-180000,0,5,1,4,10
1_624,1522080000,409200000,568720000,2500000000,40,19,75,134,1528790000,402640000,568570000,2500000000,48,20,76,144,6710000,-6560000,-150000,0,8,1,1,10
1_625,935430000,158390000,1406180000,2500000000,46,24,75,145,986300000,3360000,1510340000,2500000000,45,23,79,147,50870000,-155030000,104160000,0,-1,-1,4,2
1_626,837530000,27260000,1635210000,2500000000,38,12,55,105,841060000,21000000,1637940000,2500000000,42,17,65,124,3530000,-6260000,2730000,0,4,5,10,19
1_627,1238390000,101830000,1159780000,2500000000,46,25,80,151,1280930000,11660000,1207410000,2500000000,46,28,77,151,42540000,-90170000,47630000,0,0,3,-3,0
1_628,852720000,69940000,1577340000,2500000000,41,17,63,121,850970000,74050000,1574980000,2500000000,45,16,73,134,-1750000,4110000,-2360000,0,4,-1,10,13
1_629,200090000,888320000,1326750000,2415160000,19,19,66,104,204720000,872360000,1338080000,2415160000,21,23,77,121,4630000,-15960000,11330000,0,2,4,11,17
1_630,561490000,1606090000,332420000,2500000000,21,22,74,117,575720000,1643750000,280530000,2500000000,25,20,72,117,14230000,37660000,-51890000,0,4,-2,-2,0
1_631,682090000,1413310000,404600000,2500000000,19,22,67,108,728890000,1435370000,335740000,2500000000,24,23,73,120,46800000,22060000,-68860000,0,5,1,6,12
1_632,1472740000,819490000,207770000,2500000000,28,16,68,112,1473480000,824930000,201590000,2500000000,32,14,64,110,740000,5440000,-6180000,0,4,-2,-4,-2
1_633,1292030000,918490000,289480000,2500000000,26,17,72,115,1292470000,924620000,282910000,2500000000,36,18,73,127,440000,6130000,-6570000,0,10,1,1,12
1_634,11460000,2318450000,170090000,2500000000,13,20,57,90,9930000,2292730000,197340000,2500000000,14,22,68,104,-1530000,-25720000,27250000,0,1,2,11,14
1_635,72590000,2212650000,214760000,2500000000,25,32,83,140,67570000,2184610000,247820000,2500000000,21,27,85,133,-5020000,-28040000,33060000,0,-4,-5,2,-7
1_636,807140000,1238870000,453990000,2500000000,42,26,82,150,828810000,1162140000,509050000,2500000000,43,19,76,138,21670000,-76730000,55060000,0,1,-7,-6,-12
1_637,104700000,2081430000,313870000,2500000000,17,14,59,90,116080000,2033440000,350480000,2500000000,19,18,62,99,11380000,-47990000,36610000,0,2,4,3,9
1_638,1172300000,82050000,1245650000,2500000000,42,16,76,134,1175420000,81250000,1243330000,2500000000,43,17,70,130,3120000,-800000,-2320000,0,1,1,-6,-4
1_639,1371270000,265140000,863590000,2500000000,45,21,82,148,1394590000,207740000,897670000,2500000000,48,19,73,140,23320000,-57400000,34080000,0,3,-2,-9,-8
1_640,1475620000,42920000,981460000,2500000000,43,17,69,129,1415590000,43110000,1041300000,2500000000,47,26,79,152,-60030000,190000,59840000,0,4,9,10,23
1_641,703450000,14270000,1782280000,2500000000,42,15,62,119,680840000,14600000,1804560000,2500000000,41,11,59,111,-22610000,330000,22280000,0,-1,-4,-3,-8
1_642,1035150000,343460000,1121390000,2500000000,35,20,71,126,1074340000,252850000,1172810000,2500000000,41,18,73,132,39190000,-90610000,51420000,0,6,-2,2,6
1_643,898490000,973760000,627750000,2500000000,35,20,74,129,969480000,745490000,785030000,2500000000,38,18,69,125,70990000,-228270000,157280000,0,3,-2,-5,-4
1_644,1120720000,1023250000,356030000,2500000000,37,24,69,130,1156350000,752920000,590730000,2500000000,40,20,72,132,35630000,-270330000,234700000,0,3,-4,3,2
1_645,1169780000,838360000,491860000,2500000000,35,19,67,121,1264620000,588790000,646590000,2500000000,37,17,68,122,94840000,-249570000,154730000,0,2,-2,1,1
1_646,255060000,1471790000,773150000,2500000000,31,29,77,137,276810000,1327810000,895380000,2500000000,36,35,84,155,21750000,-143980000,122230000,0,5,6,7,18
1_647,630120000,1133510000,736370000,2500000000,36,27,75,138,640730000,958310000,900960000,2500000000,40,31,85,156,10610000,-175200000,164590000,0,4,4,10,18
1_648,659260000,693590000,1147150000,2500000000,33,19,66,118,692870000,252330000,1554800000,2500000000,36,27,74,137,33610000,-441260000,407650000,0,3,8,8,19
1_649,768660000,735560000,995780000,2500000000,35,23,70,128,793160000,413980000,1292860000,2500000000,40,28,78,146,24500000,-321580000,297080000,0,5,5,8,18
1_650,213850000,1154890000,1131260000,2500000000,36,36,85,157,214440000,1127880000,1157680000,2500000000,37,43,93,173,590000,-27010000,26420000,0,1,7,8,16
1_651,260290000,1301050000,938660000,2500000000,29,33,80,142,283850000,1175320000,1040830000,2500000000,35,42,82,159,23560000,-125730000,102170000,0,6,9,2,17
1_652,244690000,1860950000,394360000,2500000000,30,29,74,133,255720000,1658200000,586080000,2500000000,34,34,78,146,11030000,-202750000,191720000,0,4,5,4,13
1_653,374290000,1137200000,988510000,2500000000,28,26,69,123,446520000,934250000,1119230000,2500000000,33,30,76,139,72230000,-202950000,130720000,0,5,4,7,16
1_654,256100000,713140000,1530760000,2500000000,35,33,87,155,263940000,715570000,1520490000,2500000000,41,44,90,175,7840000,2430000,-10270000,0,6,11,3,20
1_655,205380000,617290000,1677330000,2500000000,32,37,87,156,205840000,610980000,1683180000,2500000000,42,42,90,174,460000,-6310000,5850000,0,10,5,3,18
1_656,146680000,1822910000,530410000,2500000000,33,36,83,152,166910000,1707590000,625500000,2500000000,35,41,86,162,20230000,-115320000,95090000,0,2,5,3,10
1_657,336700000,1754690000,408610000,2500000000,31,33,81,145,365600000,1534670000,599730000,2500000000,34,37,80,151,28900000,-220020000,191120000,0,3,4,-1,6
1_658,14340000,442000000,2043660000,2500000000,25,37,82,144,15230000,436570000,2048200000,2500000000,35,43,94,172,890000,-5430000,4540000,0,10,6,12,28
1_659,21410000,684620000,1793970000,2500000000,28,40,78,146,22180000,601810000,1876010000,2500000000,36,41,85,162,770000,-82810000,82040000,0,8,1,7,16
1_660,979240000,809170000,711590000,2500000000,35,26,86,147,964370000,806040000,729590000,2500000000,36,29,88,153,-14870000,-3130000,18000000,0,1,3,2,6
1_661,1468660000,434310000,597030000,2500000000,39,20,77,136,1468510000,411360000,620130000,2500000000,41,19,71,131,-150000,-22950000,23100000,0,2,-1,-6,-5
1_662,1346700000,775110000,378190000,2500000000,39,28,83,150,1327370000,752710000,419920000,2500000000,40,24,77,141,-19330000,-22400000,41730000,0,1,-4,-6,-9
1_663,1054230000,1030350000,415420000,2500000000,43,31,87,161,1067810000,1002000000,430190000,2500000000,44,29,88,161,13580000,-28350000,14770000,0,1,-2,1,0
1_664,751020000,1047250000,701730000,2500000000,38,27,82,147,806860000,855670000,837470000,2500000000,37,25,87,149,55840000,-191580000,135740000,0,-1,-2,5,2
1_665,458810000,1247540000,793650000,2500000000,33,29,87,149,467430000,1280980000,751590000,2500000000,35,30,92,157,8620000,33440000,-42060000,0,2,1,5,8
1_666,845030000,967420000,687550000,2500000000,33,22,73,128,956170000,459100000,1084730000,2500000000,34,19,71,124,111140000,-508320000,397180000,0,1,-3,-2,-4
1_667,975840000,835210000,688950000,2500000000,33,27,83,143,922820000,792310000,784870000,2500000000,36,25,81,142,-53020000,-42900000,95920000,0,3,-2,-2,-1
1_668,1105220000,909850000,484930000,2500000000,37,24,74,135,1136900000,647150000,715950000,2500000000,39,18,73,130,31680000,-262700000,231020000,0,2,-6,-1,-5
1_669,622670000,1521290000,356040000,2500000000,35,25,80,140,683540000,1293670000,522790000,2500000000,40,26,80,146,60870000,-227620000,166750000,0,5,1,0,6
1_670,841310000,1085870000,572820000,2500000000,38,30,77,145,859130000,905500000,735370000,2500000000,39,34,85,158,17820000,-180370000,162550000,0,1,4,8,13
1_671,778450000,1093490000,628060000,2500000000,36,28,79,143,789370000,822960000,887670000,2500000000,39,30,88,157,10920000,-270530000,259610000,0,3,2,9,14
1_672,1432060000,515910000,552030000,2500000000,32,20,69,121,1288110000,140890000,1071000000,2500000000,39,20,67,126,-143950000,-375020000,518970000,0,7,0,-2,5
1_673,1233960000,308930000,957110000,2500000000,34,18,67,119,1264570000,62770000,1172660000,2500000000,41,18,74,133,30610000,-246160000,215550000,0,7,0,7,14
1_674,1270860000,760970000,468170000,2500000000,36,18,64,118,1222410000,375670000,901920000,2500000000,41,20,72,133,-48450000,-385300000,433750000,0,5,2,8,15
1_675,1109370000,798120000,592510000,2500000000,36,22,68,126,1125080000,523750000,851170000,2500000000,40,24,78,142,15710000,-274370000,258660000,0,4,2,10,16
1_676,293310000,1884650000,322040000,2500000000,31,29,77,137,318550000,1485600000,695850000,2500000000,34,32,81,147,25240000,-399050000,373810000,0,3,3,4,10
1_677,244440000,1787000000,468560000,2500000000,33,24,73,130,264370000,1628380000,607250000,2500000000,40,27,77,144,19930000,-158620000,138690000,0,7,3,4,14
1_678,339810000,1667660000,492530000,2500000000,36,30,77,143,354230000,1293010000,852760000,2500000000,38,30,80,148,14420000,-374650000,360230000,0,2,0,3,5
1_679,648670000,1368260000,483070000,2500000000,37,27,75,139,661100000,1125350000,713550000,2500000000,39,27,77,143,12430000,-242910000,230480000,0,2,0,2,4
1_680,230750000,1513510000,755740000,2500000000,32,34,79,145,269150000,1348830000,882020000,2500000000,36,36,82,154,38400000,-164680000,126280000,0,4,2,3,9
1_681,286230000,2028670000,185100000,2500000000,29,30,77,136,303880000,1820060000,376060000,2500000000,39,37,81,157,17650000,-208610000,190960000,0,10,7,4,21
1_682,206640000,1233890000,1059470000,2500000000,32,37,79,148,232610000,1069780000,1197610000,2500000000,39,36,81,156,25970000,-164110000,138140000,0,7,-1,2,8
1_683,169820000,1838430000,491750000,2500000000,30,39,76,145,212030000,1713210000,574760000,2500000000,35,37,83,155,42210000,-125220000,83010000,0,5,-2,7,10
1_684,112550000,521400000,1866050000,2500000000,31,38,79,148,127890000,505330000,1866780000,2500000000,34,38,83,155,15340000,-16070000,730000,0,3,0,4,7
1_685,23150000,294870000,2181980000,2500000000,28,38,80,146,28320000,298730000,2172950000,2500000000,34,40,89,163,5170000,3860000,-9030000,0,6,2,9,17
1_686,158280000,399440000,1942280000,2500000000,31,40,88,159,204620000,470980000,1824400000,2500000000,38,38,85,161,46340000,71540000,-117880000,0,7,-2,-3,2
1_687,29990000,659080000,1810930000,2500000000,35,41,84,160,35070000,631080000,1833850000,2500000000,39,44,91,174,5080000,-28000000,22920000,0,4,3,7,14
1_688,33090000,4960000,1469240000,1507290000,19,32,57,108,32010000,4790000,1470490000,1507290000,26,31,68,125,-1080000,-170000,1250000,0,7,-1,11,17
1_689,174560000,1808910000,516530000,2500000000,32,38,79,149,180130000,1746720000,573150000,2500000000,36,39,88,163,5570000,-62190000,56620000,0,4,1,9,14
1_690,29450000,961180000,1509370000,2500000000,36,41,84,161,39690000,967930000,1492380000,2500000000,33,39,88,160,10240000,6750000,-16990000,0,-3,-2,4,-1
1_691,967660000,934000000,598340000,2500000000,41,34,83,158,1029850000,810560000,659590000,2500000000,45,28,85,158,62190000,-123440000,61250000,0,4,-6,2,0
1_692,1346090000,539680000,614230000,2500000000,42,22,71,135,1351690000,405250000,743060000,2500000000,43,24,77,144,5600000,-134430000,128830000,0,1,2,6,9
1_693,1169920000,912170000,417910000,2500000000,40,17,60,117,1238160000,675910000,585930000,2500000000,41,20,74,135,68240000,-236260000,168020000,0,1,3,14,18
1_694,1057760000,815930000,626310000,2500000000,39,22,68,129,1080860000,450890000,968250000,2500000000,40,18,71,129,23100000,-365040000,341940000,0,1,-4,3,0
1_695,1275230000,919680000,305090000,2500000000,31,21,73,125,1300710000,713230000,486060000,2500000000,36,22,76,134,25480000,-206450000,180970000,0,5,1,3,9
1_696,1094300000,976420000,429280000,2500000000,36,27,84,147,1127600000,877270000,495130000,2500000000,37,28,91,156,33300000,-99150000,65850000,0,1,1,7,9
1_697,857340000,990300000,652360000,2500000000,38,28,85,151,883170000,812090000,804740000,2500000000,41,32,90,163,25830000,-178210000,152380000,0,3,4,5,12
1_698,904080000,1080010000,515910000,2500000000,35,21,74,130,1004760000,918320000,576920000,2500000000,39,25,83,147,100680000,-161690000,61010000,0,4,4,9,17
1_699,1191280000,631000000,677720000,2500000000,39,21,72,132,1211980000,368600000,919420000,2500000000,39,20,73,132,20700000,-262400000,241700000,0,0,-1,1,0
1_700,1378510000,766010000,355480000,2500000000,40,25,77,142,1407410000,542010000,550580000,2500000000,37,17,78,132,28900000,-224000000,195100000,0,-3,-8,1,-10
1_701,1063980000,992740000,443280000,2500000000,38,21,74,133,1085970000,742850000,671180000,2500000000,43,21,76,140,21990000,-249890000,227900000,0,5,0,2,7
1_702,541680000,1691070000,267250000,2500000000,39,25,85,149,566870000,1534910000,398220000,2500000000,40,24,84,148,25190000,-156160000,130970000,0,1,-1,-1,-1
1_703,947420000,1151850000,400730000,2500000000,36,18,66,120,955100000,922870000,622030000,2500000000,44,22,76,142,7680000,-228980000,221300000,0,8,4,10,22
1_704,1064460000,869980000,565560000,2500000000,31,18,62,111,1059450000,707110000,733440000,2500000000,38,19,69,126,-5010000,-162870000,167880000,0,7,1,7,15
1_705,966000000,1278350000,255650000,2500000000,41,24,74,139,974220000,963370000,562410000,2500000000,41,24,79,144,8220000,-314980000,306760000,0,0,0,5,5
1_706,983990000,908950000,607060000,2500000000,41,26,77,144,1001140000,600140000,898720000,2500000000,42,24,81,147,17150000,-308810000,291660000,0,1,-2,4,3
1_707,746580000,1463550000,289870000,2500000000,36,25,70,131,749020000,1307250000,443730000,2500000000,39,27,75,141,2440000,-156300000,153860000,0,3,2,5,10
1_708,977570000,1213720000,308710000,2500000000,36,22,75,133,984680000,1010610000,504710000,2500000000,39,22,74,135,7110000,-203110000,196000000,0,3,0,-1,2
1_709,520090000,1597020000,382890000,2500000000,39,36,79,154,532150000,1502560000,465290000,2500000000,41,27,84,152,12060000,-94460000,82400000,0,2,-9,5,-2
1_710,887370000,1267930000,344700000,2500000000,42,27,74,143,908530000,1112960000,478510000,2500000000,42,26,79,147,21160000,-154970000,133810000,0,0,-1,5,4
1_711,413780000,1277330000,808890000,2500000000,33,34,77,144,476110000,1209880000,814010000,2500000000,38,30,81,149,62330000,-67450000,5120000,0,5,-4,4,5
1_712,479550000,1432540000,587910000,2500000000,36,36,83,155,530840000,1250530000,718630000,2500000000,42,35,87,164,51290000,-182010000,130720000,0,6,-1,4,9
1_713,1177440000,895180000,427380000,2500000000,36,30,77,143,1231720000,754020000,514260000,2500000000,40,30,82,152,54280000,-141160000,86880000,0,4,0,5,9
1_714,835050000,1134070000,530880000,2500000000,36,32,82,150,887240000,1007720000,605040000,2500000000,42,31,92,165,52190000,-126350000,74160000,0,6,-1,10,15
1_715,142940000,942050000,1415010000,2500000000,34,38,84,156,160830000,942900000,1396270000,2500000000,39,38,85,162,17890000,850000,-18740000,0,5,0,1,6
1_716,219810000,1118490000,1161690000,2499990000,32,42,85,159,257620000,1150380000,1092000000,2500000000,39,39,86,164,37810000,31890000,-69690000,10000,7,-3,1,5
1_717,287800000,1417270000,794930000,2500000000,38,35,81,154,340200000,1237640000,922160000,2500000000,41,34,81,156,52400000,-179630000,127230000,0,3,-1,0,2
1_718,438130000,1034210000,1027660000,2500000000,38,41,91,170,456670000,738670000,1304660000,2500000000,42,37,86,165,18540000,-295540000,277000000,0,4,-4,-5,-5
1_719,132260000,1432780000,934960000,2500000000,37,35,81,153,147200000,1516480000,836320000,2500000000,37,37,80,154,14940000,83700000,-98640000,0,0,2,-1,1
1_720,141430000,694400000,1664170000,2500000000,30,32,77,139,152640000,1039260000,1308100000,2500000000,41,40,85,166,11210000,344860000,-356070000,0,11,8,8,27
1_721,28540000,538160000,1933300000,2500000000,35,35,80,150,31540000,505340000,1963120000,2500000000,35,39,84,158,3000000,-32820000,29820000,0,0,4,4,8
1_722,158360000,1146350000,1195290000,2500000000,37,37,84,158,172310000,980360000,1347330000,2500000000,40,37,89,166,13950000,-165990000,152040000,0,3,0,5,8
1_723,194500000,1885860000,419640000,2500000000,32,32,73,137,198830000,1818670000,482500000,2500000000,34,34,81,149,4330000,-67190000,62860000,0,2,2,8,12
1_724,49460000,1721830000,728710000,2500000000,30,32,76,138,90200000,1672980000,736820000,2500000000,34,34,87,155,40740000,-48850000,8110000,0,4,2,11,17
1_725,63860000,781160000,1654980000,2500000000,30,34,75,139,71080000,758850000,1670070000,2500000000,33,33,86,152,7220000,-22310000,15090000,0,3,-1,11,13
1_726,881520000,1019990000,598490000,2500000000,36,18,66,120,924050000,726400000,849550000,2500000000,41,19,73,133,42530000,-293590000,251060000,0,5,1,7,13
1_727,902030000,1108710000,489260000,2500000000,36,22,75,133,894270000,895140000,710590000,2500000000,39,26,83,148,-7760000,-213570000,221330000,0,3,4,8,15
1_728,755640000,1285760000,458600000,2500000000,38,27,75,140,794200000,1063030000,642770000,2500000000,41,28,83,152,38560000,-222730000,184170000,0,3,1,8,12
1_729,643510000,907530000,948960000,2500000000,37,26,71,134,674350000,822520000,1003130000,2500000000,40,25,80,145,30840000,-85010000,54170000,0,3,-1,9,11
1_730,919680000,1310580000,269740000,2500000000,34,18,63,115,990520000,1126850000,382630000,2500000000,36,18,70,124,70840000,-183730000,112890000,0,2,0,7,9
1_731,752510000,1198790000,548700000,2500000000,30,19,67,116,796390000,1030520000,673090000,2500000000,37,20,74,131,43880000,-168270000,124390000,0,7,1,7,15
1_732,513570000,1784010000,202420000,2500000000,31,23,75,129,556370000,1586080000,357550000,2500000000,33,20,75,128,42800000,-197930000,155130000,0,2,-3,0,-1
1_733,851290000,995160000,653550000,2500000000,34,20,72,126,923410000,705260000,871330000,2500000000,41,20,72,133,72120000,-289900000,217780000,0,7,0,0,7
1_734,950030000,1235890000,314080000,2500000000,41,24,78,143,987320000,972950000,539730000,2500000000,41,26,85,152,37290000,-262940000,225650000,0,0,2,7,9
1_735,980960000,1258630000,260410000,2500000000,38,31,82,151,1003420000,974470000,522110000,2500000000,42,30,88,160,22460000,-284160000,261700000,0,4,-1,6,9
1_736,1076710000,1035460000,387830000,2500000000,40,24,73,137,1110350000,680680000,708970000,2500000000,40,20,74,134,33640000,-354780000,321140000,0,0,-4,1,-3
1_737,1016560000,1022850000,460590000,2500000000,36,27,82,145,1104810000,694970000,700220000,2500000000,43,24,80,147,88250000,-327880000,239630000,0,7,-3,-2,2
1_738,389080000,1868290000,242630000,2500000000,35,29,77,141,397850000,1757560000,344590000,2500000000,41,29,83,153,8770000,-110730000,101960000,0,6,0,6,12
1_739,1171940000,879710000,448350000,2500000000,43,25,79,147,1170090000,648810000,681100000,2500000000,42,25,79,146,-1850000,-230900000,232750000,0,-1,0,0,-1
1_740,309900000,1938340000,251760000,2500000000,36,31,74,141,327990000,1832170000,339840000,2500000000,40,35,87,162,18090000,-106170000,88080000,0,4,4,13,21
1_741,1046930000,1165400000,287670000,2500000000,40,23,76,139,1052370000,896820000,550810000,2500000000,43,23,80,146,5440000,-268580000,263140000,0,3,0,4,7
1_742,372180000,1780540000,347280000,2500000000,35,35,80,150,387090000,1676860000,436050000,2500000000,39,27,86,152,14910000,-103680000,88770000,0,4,-8,6,2
1_743,1331540000,883590000,284870000,2500000000,44,23,81,148,1304160000,748530000,447310000,2500000000,43,28,86,157,-27380000,-135060000,162440000,0,-1,5,5,9
1_744,234180000,1852650000,413170000,2500000000,37,32,83,152,248220000,1736240000,515540000,2500000000,43,31,93,167,14040000,-116410000,102370000,0,6,-1,10,15
1_745,232550000,1994020000,273430000,2500000000,40,34,90,164,261390000,1836180000,402430000,2500000000,45,31,91,167,28840000,-157840000,129000000,0,5,-3,1,3
1_746,752360000,1461770000,285870000,2500000000,38,36,81,155,777340000,1308020000,414640000,2500000000,42,29,86,157,24980000,-153750000,128770000,0,4,-7,5,2
1_747,646420000,1391810000,461770000,2500000000,39,36,90,165,676480000,1190880000,632640000,2500000000,42,30,88,160,30060000,-200930000,170870000,0,3,-6,-2,-5
1_748,663810000,1255600000,580590000,2500000000,38,38,87,163,682640000,1116580000,700780000,2500000000,42,35,89,166,18830000,-139020000,120190000,0,4,-3,2,3
1_749,676350000,1258740000,564910000,2500000000,38,34,89,161,733430000,1157540000,609030000,2500000000,40,36,92,168,57080000,-101200000,44120000,0,2,2,3,7
1_750,191790000,1416260000,891950000,2500000000,37,35,83,155,214660000,1254410000,1030930000,2500000000,42,35,89,166,22870000,-161850000,138980000,0,5,0,6,11
1_751,619570000,1375910000,504520000,2500000000,40,37,90,167,642520000,1178310000,679170000,2500000000,43,35,92,170,22950000,-197600000,174650000,0,3,-2,2,3
1_752,309510000,1456060000,734430000,2500000000,38,41,94,173,323390000,1351510000,825100000,2500000000,42,35,95,172,13880000,-104550000,90670000,0,4,-6,1,-1
1_753,665640000,1283240000,551120000,2500000000,28,29,76,133,694180000,1147540000,658280000,2500000000,43,29,87,159,28540000,-135700000,107160000,0,15,0,11,26
1_754,85290000,764910000,1649800000,2500000000,36,35,83,154,98180000,671680000,1730140000,2500000000,39,36,88,163,12890000,-93230000,80340000,0,3,1,5,9
1_755,12250000,80870000,2406880000,2500000000,27,27,67,121,13100000,72780000,2414120000,2500000000,33,26,73,132,850000,-8090000,7240000,0,6,-1,6,11
1_756,644390000,1376570000,479040000,2500000000,35,28,83,146,649260000,1215730000,635010000,2500000000,39,23,78,140,4870000,-160840000,155970000,0,4,-5,-5,-6
1_757,621630000,779030000,1099340000,2500000000,39,23,76,138,620120000,678750000,1201130000,2500000000,43,27,79,149,-1510000,-100280000,101790000,0,4,4,3,11
1_758,507150000,1691080000,301770000,2500000000,34,28,73,135,507820000,1505190000,486990000,2500000000,39,24,73,136,670000,-185890000,185220000,0,5,-4,0,1
1_759,733990000,739820000,1026190000,2500000000,39,29,82,150,777180000,541720000,1181100000,2500000000,44,29,88,161,43190000,-198100000,154910000,0,5,0,6,11
1_760,696440000,1340210000,463350000,2500000000,38,22,76,136,752940000,1057330000,689730000,2500000000,38,23,78,139,56500000,-282880000,226380000,0,0,1,2,3
1_761,708500000,1321960000,469540000,2500000000,41,31,81,153,747380000,1133410000,619210000,2500000000,42,32,83,157,38880000,-188550000,149670000,0,1,1,2,4
1_762,1076330000,1006730000,416940000,2500000000,36,24,81,141,1098130000,715280000,686590000,2500000000,40,25,81,146,21800000,-291450000,269650000,0,4,1,0,5
1_763,860230000,1379490000,260280000,2500000000,41,31,84,156,907070000,1189870000,403060000,2500000000,42,26,86,154,46840000,-189620000,142780000,0,1,-5,2,-2
1_764,413070000,1822890000,264040000,2500000000,37,27,77,141,416480000,1641940000,441580000,2500000000,41,28,81,150,3410000,-180950000,177540000,0,4,1,4,9
1_765,722130000,831580000,946290000,2500000000,38,26,77,141,762960000,633690000,1103350000,2500000000,44,25,81,150,40830000,-197890000,157060000,0,6,-1,4,9
1_766,1268330000,118920000,1112750000,2500000000,42,29,77,148,1262090000,118760000,1119150000,2500000000,42,24,70,136,-6240000,-160000,6400000,0,0,-5,-7,-12
1_767,313450000,63830000,1737320000,2114600000,38,36,86,160,308070000,63710000,1742820000,2114600000,37,33,77,147,-5380000,-120000,5500000,0,-1,-3,-9,-13
1_768,211710000,25770000,2262520000,2500000000,33,22,65,120,210500000,26710000,2262790000,2500000000,35,18,67,120,-1210000,940000,270000,0,2,-4,2,0
1_769,265740000,30500000,2203760000,2500000000,30,27,62,119,265160000,30460000,2204380000,2500000000,27,22,50,99,-580000,-40000,620000,0,-3,-5,-12,-20
1_770,385040000,19000000,2095960000,2500000000,32,22,64,118,383690000,19000000,2097310000,2500000000,23,20,59,102,-1350000,0,1350000,0,-9,-2,-5,-16
1_771,607490000,70410000,1822100000,2500000000,33,21,68,122,606570000,70190000,1823240000,2500000000,37,25,65,127,-920000,-220000,1140000,0,4,4,-3,5
1_772,672600000,110440000,1716960000,2500000000,34,27,65,126,670290000,110220000,1719490000,2500000000,33,17,56,106,-2310000,-220000,2530000,0,-1,-10,-9,-20
1_773,720630000,129260000,1650110000,2500000000,34,24,65,123,718380000,129570000,1652050000,2500000000,27,20,55,102,-2250000,310000,1940000,0,-7,-4,-10,-21
1_774,43040000,85050000,2177820000,2305910000,27,31,67,125,43040000,83950000,2178920000,2305910000,20,21,52,93,0,-1100000,1100000,0,-7,-10,-15,-32
1_775,655260000,146810000,1697930000,2500000000,36,33,77,146,652630000,147160000,1700210000,2500000000,27,24,64,115,-2630000,350000,2280000,0,-9,-9,-13,-31
1_776,9210000,68240000,1435250000,1512700000,15,33,58,106,8020000,68250000,1436430000,1512700000,23,34,70,127,-1190000,10000,1180000,0,8,1,12,21
1_777,111180000,1462330000,926490000,2500000000,26,40,76,142,105770000,1436530000,957700000,2500000000,33,37,85,155,-5410000,-25800000,31210000,0,7,-3,9,13
1_778,241270000,1854450000,404280000,2500000000,29,36,71,136,222050000,1818210000,459740000,2500000000,31,34,78,143,-19220000,-36240000,55460000,0,2,-2,7,7
1_779,2011630000,135500000,352870000,2500000000,40,24,76,140,1968860000,135570000,395570000,2500000000,42,26,70,138,-42770000,70000,42700000,0,2,2,-6,-2
1_780,575250000,52410000,1637120000,2264780000,38,32,80,150,566180000,51510000,1647090000,2264780000,37,31,72,140,-9070000,-900000,9970000,0,-1,-1,-8,-10
1_781,1438550000,116900000,944550000,2500000000,38,29,80,147,1381980000,114950000,1003070000,2500000000,42,31,80,153,-56570000,-1950000,58520000,0,4,2,0,6
1_782,38960000,5160000,1054830000,1098950000,28,18,54,100,38630000,5380000,1054940000,1098950000,21,17,49,87,-330000,220000,110000,0,-7,-1,-5,-13
1_783,1149330000,35780000,1314890000,2500000000,40,23,71,134,1128660000,35670000,1335670000,2500000000,34,15,59,108,-20670000,-110000,20780000,0,-6,-8,-12,-26
1_784,1088300000,23810000,1387890000,2500000000,38,23,68,129,1078440000,23910000,1397650000,2500000000,28,12,60,100,-9860000,100000,9760000,0,-10,-11,-8,-29
1_785,1731270000,57200000,711530000,2500000000,39,21,65,125,1724200000,57340000,718460000,2500000000,42,22,56,120,-7070000,140000,6930000,0,3,1,-9,-5
1_786,2032020000,28910000,439070000,2500000000,37,23,65,125,1982860000,30920000,486220000,2500000000,38,17,59,114,-49160000,2010000,47150000,0,1,-6,-6,-11
1_787,572300000,21830000,1905870000,2500000000,37,27,67,131,567120000,22190000,1910690000,2500000000,27,23,61,111,-5180000,360000,4820000,0,-10,-4,-6,-20
1_788,1169340000,51710000,1278950000,2500000000,40,24,72,136,1146720000,51540000,1301740000,2500000000,40,21,62,123,-22620000,-170000,22790000,0,0,-3,-10,-13
1_789,585020000,46890000,1868090000,2500000000,31,22,60,113,583630000,46890000,1869480000,2500000000,24,24,60,108,-1390000,0,1390000,0,-7,2,0,-5
1_790,412060000,82080000,2005860000,2500000000,38,27,74,139,400680000,82100000,2017220000,2500000000,26,25,56,107,-11380000,20000,11360000,0,-12,-2,-18,-32
1_791,1110360000,127600000,1262040000,2500000000,38,27,74,139,1077190000,127230000,1295580000,2500000000,37,26,67,130,-33170000,-370000,33540000,0,-1,-1,-7,-9
1_792,433660000,98060000,1968280000,2500000000,39,29,76,144,429670000,98220000,1972110000,2500000000,25,24,57,106,-3990000,160000,3830000,0,-14,-5,-19,-38
1_793,690410000,271270000,1538320000,2500000000,39,36,75,150,688480000,271630000,1539890000,2500000000,34,31,67,132,-1930000,360000,1570000,0,-5,-5,-8,-18
1_794,619180000,99070000,1781750000,2500000000,36,28,69,133,617480000,99070000,1783450000,2500000000,34,24,63,121,-1700000,0,1700000,0,-2,-4,-6,-12
1_795,810170000,146080000,1543750000,2500000000,40,32,74,146,826390000,146600000,1527010000,2500000000,40,30,71,141,16220000,520000,-16740000,0,0,-2,-3,-5
1_796,273170000,50900000,2175930000,2500000000,36,28,70,134,272410000,50790000,2176800000,2500000000,22,22,56,100,-760000,-110000,870000,0,-14,-6,-14,-34
1_797,549150000,95740000,1855110000,2500000000,37,31,71,139,551760000,95740000,1852500000,2500000000,38,31,65,134,2610000,0,-2610000,0,1,0,-6,-5
1_798,159940000,1805690000,534370000,2500000000,29,29,70,128,152900000,1703390000,643710000,2500000000,33,37,80,150,-7040000,-102300000,109340000,0,4,8,10,22
1_799,449800000,1680670000,369530000,2500000000,32,28,66,126,434000000,1621480000,444520000,2500000000,35,33,78,146,-15800000,-59190000,74990000,0,3,5,12,20
1_800,218090000,1363860000,918050000,2500000000,28,33,71,132,200640000,1324940000,974420000,2500000000,33,36,80,149,-17450000,-38920000,56370000,0,5,3,9,17
1_801,184510000,1380580000,934910000,2500000000,30,31,76,137,192750000,1326190000,981060000,2500000000,33,34,83,150,8240000,-54390000,46150000,0,3,3,7,13
1_802,110990000,1194890000,1194120000,2500000000,22,41,81,144,100920000,1144010000,1255070000,2500000000,32,39,89,160,-10070000,-50880000,60950000,0,10,-2,8,16
1_803,102910000,1316530000,1080560000,2500000000,23,34,77,134,109420000,1193370000,1197210000,2500000000,35,36,85,156,6510000,-123160000,116650000,0,12,2,8,22
1_804,24990000,910000,1034390000,1060290000,13,13,38,64,24420000,910000,1034960000,1060290000,16,10,34,60,-570000,0,570000,0,3,-3,-4,-4
1_805,1855630000,221910000,422460000,2500000000,44,31,82,157,1842920000,221370000,435710000,2500000000,44,30,72,146,-12710000,-540000,13250000,0,0,-1,-10,-11
1_806,1176130000,61870000,1249810000,2487810000,40,33,77,150,1145350000,61760000,1280700000,2487810000,42,31,77,150,-30780000,-110000,30890000,0,2,-2,0,0
1_807,785700000,554830000,1159470000,2500000000,40,38,92,170,776810000,552920000,1170270000,2500000000,44,36,84,164,-8890000,-1910000,10800000,0,4,-2,-8,-6
1_808,82740000,71320000,1707580000,1861640000,30,27,69,126,76930000,72320000,1712390000,1861640000,31,30,65,126,-5810000,1000000,4810000,0,1,3,-4,0
1_809,1706260000,95650000,698090000,2500000000,40,25,69,134,1705560000,96110000,698330000,2500000000,36,16,55,107,-700000,460000,240000,0,-4,-9,-14,-27
1_810,1877630000,176150000,446220000,2500000000,43,30,80,153,1823960000,176220000,499820000,2500000000,44,31,71,146,-53670000,70000,53600000,0,1,1,-9,-7
1_811,1578250000,329080000,592670000,2500000000,41,31,75,147,1576720000,328880000,594400000,2500000000,45,30,76,151,-1530000,-200000,1730000,0,4,-1,1,4
1_812,1312090000,385010000,802900000,2500000000,41,30,79,150,1293810000,383590000,822600000,2500000000,46,31,79,156,-18280000,-1420000,19700000,0,5,1,0,6
1_813,1053120000,138540000,1308340000,2500000000,38,27,75,140,985690000,138840000,1375470000,2500000000,34,21,64,119,-67430000,300000,67130000,0,-4,-6,-11,-21
1_814,1535340000,94140000,870520000,2500000000,38,22,74,134,1466770000,93490000,939740000,2500000000,33,16,63,112,-68570000,-650000,69220000,0,-5,-6,-11,-22
1_815,1293550000,361330000,845120000,2500000000,43,27,82,152,1186140000,360780000,953080000,2500000000,46,30,81,157,-107410000,-550000,107960000,0,3,3,-1,5
1_816,1399750000,360550000,739700000,2500000000,43,27,83,153,1270100000,361550000,868350000,2500000000,40,28,72,140,-129650000,1000000,128650000,0,-3,1,-11,-13
1_817,566170000,115730000,1818100000,2500000000,38,32,78,148,562990000,116090000,1820920000,2500000000,30,31,66,127,-3180000,360000,2820000,0,-8,-1,-12,-21
1_818,1141650000,137060000,1221290000,2500000000,41,32,82,155,1105580000,138590000,1255830000,2500000000,42,30,72,144,-36070000,1530000,34540000,0,1,-2,-10,-11
1_819,1085970000,116910000,1297120000,2500000000,42,31,84,157,1054430000,116720000,1328850000,2500000000,31,25,69,125,-31540000,-190000,31730000,0,-11,-6,-15,-32
1_820,650890000,153010000,1696100000,2500000000,39,28,73,140,650470000,152580000,1696950000,2500000000,42,28,73,143,-420000,-430000,850000,0,3,0,0,3
1_821,372150000,86710000,2041140000,2500000000,33,26,65,124,367460000,87210000,2045330000,2500000000,36,25,73,134,-4690000,500000,4190000,0,3,-1,8,10
1_822,755270000,150440000,1594290000,2500000000,33,22,64,119,769750000,151120000,1579130000,2500000000,43,23,68,134,14480000,680000,-15160000,0,10,1,4,15
1_823,716500000,99690000,1683810000,2500000000,34,26,67,127,708870000,102100000,1689030000,2500000000,33,30,72,135,-7630000,2410000,5220000,0,-1,4,5,8
1_824,168180000,182210000,2149610000,2500000000,23,30,63,116,169700000,181010000,2149290000,2500000000,34,29,70,133,1520000,-1200000,-320000,0,11,-1,7,17
1_825,881070000,236120000,1382810000,2500000000,40,33,71,144,884890000,234800000,1380310000,2500000000,46,34,76,156,3820000,-1320000,-2500000,0,6,1,5,12
1_826,784490000,196080000,1519430000,2500000000,37,26,69,132,803980000,194620000,1501400000,2500000000,35,27,71,133,19490000,-1460000,-18030000,0,-2,1,2,1
1_827,731730000,375600000,1392670000,2500000000,40,29,73,142,802550000,370130000,1327320000,2500000000,45,35,82,162,70820000,-5470000,-65350000,0,5,6,9,20
1_828,47840000,221750000,1954640000,2224230000,25,25,70,120,47800000,212970000,1963460000,2224230000,27,27,67,121,-40000,-8780000,8820000,0,2,2,-3,1
1_829,55250000,212250000,2196210000,2463710000,28,31,72,131,56380000,196370000,2210960000,2463710000,29,30,74,133,1130000,-15880000,14750000,0,1,-1,2,2
1_830,1129600000,408510000,961890000,2500000000,41,38,86,165,1106740000,416820000,976440000,2500000000,47,36,87,170,-22860000,8310000,14550000,0,6,-2,1,5
1_831,496090000,269210000,1721530000,2486830000,40,35,84,159,497720000,269980000,1719130000,2486830000,45,35,86,166,1630000,770000,-2400000,0,5,0,2,7
1_832,1362860000,600150000,536990000,2500000000,39,38,89,166,1310580000,600840000,588580000,2500000000,43,35,84,162,-52280000,690000,51590000,0,4,-3,-5,-4
1_833,911910000,197120000,1390970000,2500000000,36,30,78,144,892930000,204960000,1402110000,2500000000,40,33,83,156,-18980000,7840000,11140000,0,4,3,5,12
1_834,1881600000,148060000,470340000,2500000000,33,26,72,131,1827770000,156840000,515390000,2500000000,38,26,66,130,-53830000,8780000,45050000,0,5,0,-6,-1
1_835,1774540000,329790000,395670000,2500000000,39,23,68,130,1792380000,344000000,363620000,2500000000,42,28,68,138,17840000,14210000,-32050000,0,3,5,0,8
1_836,1380440000,704200000,415360000,2500000000,41,27,74,142,1282000000,702750000,515250000,2500000000,42,27,75,144,-98440000,-1450000,99890000,0,1,0,1,2
1_837,1553380000,572680000,373940000,2500000000,39,36,81,156,1485930000,572130000,441940000,2500000000,44,34,79,157,-67450000,-550000,68000000,0,5,-2,-2,1
1_838,1489450000,115140000,895410000,2500000000,36,30,79,145,1403140000,115130000,981730000,2500000000,40,26,79,145,-86310000,-10000,86320000,0,4,-4,0,0
1_839,1362850000,404240000,732910000,2500000000,42,30,85,157,1273730000,404060000,822210000,2500000000,40,37,82,159,-89120000,-180000,89300000,0,-2,7,-3,2
1_840,985140000,39260000,1475600000,2500000000,37,27,65,129,984550000,39410000,1476040000,2500000000,34,27,68,129,-590000,150000,440000,0,-3,0,3,0
1_841,1493380000,29810000,976810000,2500000000,37,23,68,128,1484930000,29750000,985320000,2500000000,37,21,67,125,-8450000,-60000,8510000,0,0,-2,-1,-3
1_842,547770000,93740000,1858490000,2500000000,32,28,66,126,552550000,90260000,1857190000,2500000000,31,25,67,123,4780000,-3480000,-1300000,0,-1,-3,1,-3
1_843,956190000,115510000,1428300000,2500000000,34,25,66,125,950920000,115990000,1433090000,2500000000,37,27,70,134,-5270000,480000,4790000,0,3,2,4,9
1_844,579040000,488130000,1432830000,2500000000,39,35,78,152,629070000,489730000,1381200000,2500000000,41,37,84,162,50030000,1600000,-51630000,0,2,2,6,10
1_845,587990000,146840000,1765170000,2500000000,38,28,66,132,624900000,147020000,1728080000,2500000000,42,30,72,144,36910000,180000,-37090000,0,4,2,6,12
1_846,53310000,14980000,2377420000,2445710000,12,19,45,76,53310000,14980000,2377420000,2445710000,19,16,50,85,0,0,0,0,7,-3,5,9
1_847,443900000,49290000,2006810000,2500000000,28,24,63,115,448360000,49270000,2002370000,2500000000,33,23,64,120,4460000,-20000,-4440000,0,5,-1,1,5
1_848,722750000,184070000,1593180000,2500000000,33,26,75,134,734460000,173720000,1591820000,2500000000,29,23,61,113,11710000,-10350000,-1360000,0,-4,-3,-14,-21
1_849,1052420000,233750000,1213830000,2500000000,38,24,62,124,1089910000,229300000,1180790000,2500000000,37,25,69,131,37490000,-4450000,-33040000,0,-1,1,7,7
1_850,242230000,53230000,2204540000,2500000000,25,23,65,113,242530000,53230000,2204240000,2500000000,22,19,53,94,300000,0,-300000,0,-3,-4,-12,-19
1_851,338740000,430840000,1729150000,2498730000,21,16,50,87,340980000,414640000,1743110000,2498730000,22,20,64,106,2240000,-16200000,13960000,0,1,4,14,19
1_852,558710000,338280000,1436810000,2333800000,17,12,44,73,541710000,336020000,1456070000,2333800000,19,14,49,82,-17000000,-2260000,19260000,0,2,2,5,9
1_853,264100000,252860000,1718800000,2235760000,25,18,64,107,265500000,255450000,1714810000,2235760000,19,13,51,83,1400000,2590000,-3990000,0,-6,-5,-13,-24
1_854,1064400000,429150000,1006450000,2500000000,24,20,61,105,1045640000,415830000,1038530000,2500000000,28,18,62,108,-18760000,-13320000,32080000,0,4,-2,1,3
1_855,794990000,809590000,895420000,2500000000,21,15,58,94,784890000,791750000,923360000,2500000000,15,14,48,77,-10100000,-17840000,27940000,0,-6,-1,-10,-17
1_856,833900000,1211450000,454650000,2500000000,29,22,60,111,827240000,1193430000,479330000,2500000000,31,19,74,124,-6660000,-18020000,24680000,0,2,-3,14,13
1_857,1350550000,836960000,312490000,2500000000,29,16,66,111,1353660000,783320000,363020000,2500000000,30,18,63,111,3110000,-53640000,50530000,0,1,2,-3,0
1_858,191690000,1072380000,1235930000,2500000000,26,16,53,95,193080000,1060360000,1246560000,2500000000,22,18,65,105,1390000,-12020000,10630000,0,-4,2,12,10
1_859,451330000,1775850000,272820000,2500000000,24,21,71,116,451610000,1765220000,283170000,2500000000,21,21,70,112,280000,-10630000,10350000,0,-3,0,-1,-4
1_860,68380000,733310000,1657400000,2459090000,18,21,72,111,69130000,700600000,1689360000,2459090000,19,18,72,109,750000,-32710000,31960000,0,1,-3,0,-2
1_861,666930000,1424240000,408830000,2500000000,23,16,71,110,705190000,1410250000,384560000,2500000000,26,17,68,111,38260000,-13990000,-24270000,0,3,1,-3,1
1_862,704870000,1613740000,181390000,2500000000,23,19,71,113,725910000,1592440000,181650000,2500000000,20,18,65,103,21040000,-21300000,260000,0,-3,-1,-6,-10
1_863,480060000,1582430000,437510000,2500000000,24,20,74,118,481230000,1564240000,454530000,2500000000,28,20,78,126,1170000,-18190000,17020000,0,4,0,4,8
1_864,1221240000,879470000,399290000,2500000000,26,18,66,110,1238460000,892460000,369080000,2500000000,27,17,65,109,17220000,12990000,-30210000,0,1,-1,-1,-1
1_865,18720000,346510000,1935550000,2300780000,15,33,75,123,18440000,345760000,1936580000,2300780000,17,30,84,131,-280000,-750000,1030000,0,2,-3,9,8
1_866,36890000,1217400000,1245710000,2500000000,16,32,83,131,36860000,1199530000,1263610000,2500000000,19,28,89,136,-30000,-17870000,17900000,0,3,-4,6,5
1_867,344090000,1809060000,346850000,2500000000,45,26,87,158,348410000,1740180000,411410000,2500000000,37,19,79,135,4320000,-68880000,64560000,0,-8,-7,-8,-23
1_868,6000000,1147850000,1346150000,2500000000,11,27,70,108,8390000,1114030000,1377580000,2500000000,15,26,78,119,2390000,-33820000,31430000,0,4,-1,8,11
1_869,73940000,767340000,1573310000,2414590000,20,19,65,104,74290000,764520000,1575780000,2414590000,17,16,53,86,350000,-2820000,2470000,0,-3,-3,-12,-18
1_870,326580000,748190000,1425230000,2500000000,18,20,60,98,352620000,745790000,1401590000,2500000000,20,12,54,86,26040000,-2400000,-23640000,0,2,-8,-6,-12
1_871,1122880000,994850000,382270000,2500000000,30,23,84,137,1163150000,997550000,339300000,2500000000,29,16,70,115,40270000,2700000,-42970000,0,-1,-7,-14,-22
1_872,573730000,1505110000,421160000,2500000000,30,23,73,126,584210000,1469330000,446460000,2500000000,26,16,65,107,10480000,-35780000,25300000,0,-4,-7,-8,-19
1_873,613740000,699040000,1187220000,2500000000,34,22,68,124,616170000,694140000,1189690000,2500000000,30,19,73,122,2430000,-4900000,2470000,0,-4,-3,5,-2
1_874,990120000,980020000,529860000,2500000000,34,25,78,137,1004160000,977020000,518820000,2500000000,28,19,71,118,14040000,-3000000,-11040000,0,-6,-6,-7,-19
1_875,899910000,1175470000,424620000,2500000000,24,23,69,116,907690000,1164570000,427740000,2500000000,28,21,71,120,7780000,-10900000,3120000,0,4,-2,2,4
1_876,1185460000,792410000,522130000,2500000000,31,23,80,134,1231250000,798090000,470660000,2500000000,27,18,71,116,45790000,5680000,-51470000,0,-4,-5,-9,-18
1_877,318660000,1831790000,349550000,2500000000,21,16,68,105,337490000,1799530000,362980000,2500000000,28,18,73,119,18830000,-32260000,13430000,0,7,2,5,14
1_878,1126370000,693520000,680110000,2500000000,32,20,72,124,1137290000,689480000,673230000,2500000000,27,19,70,116,10920000,-4040000,-6880000,0,-5,-1,-2,-8
1_879,45470000,733090000,1503180000,2281740000,19,18,65,102,41310000,724320000,1516110000,2281740000,19,16,69,104,-4160000,-8770000,12930000,0,0,-2,4,2
1_880,642320000,1508500000,349180000,2500000000,25,26,77,128,648860000,1510710000,340430000,2500000000,32,17,72,121,6540000,2210000,-8750000,0,7,-9,-5,-7
1_881,32410000,2080950000,386640000,2500000000,20,33,86,139,35690000,2026440000,437870000,2500000000,27,30,88,145,3280000,-54510000,51230000,0,7,-3,2,6
1_882,269080000,1125000000,1105920000,2500000000,38,31,94,163,267740000,1101210000,1131050000,2500000000,39,32,99,170,-1340000,-23790000,25130000,0,1,1,5,7
1_883,163320000,294860000,1706310000,2164490000,23,25,74,122,159640000,282030000,1722820000,2164490000,28,25,80,133,-3680000,-12830000,16510000,0,5,0,6,11
1_884,1384340000,61130000,1054530000,2500000000,38,14,60,112,1344560000,71200000,1084240000,2500000000,41,16,65,122,-39780000,10070000,29710000,0,3,2,5,10
1_885,1326560000,528250000,645190000,2500000000,44,22,72,138,1329850000,515690000,654460000,2500000000,46,25,86,157,3290000,-12560000,9270000,0,2,3,14,19
1_886,1556350000,133570000,810080000,2500000000,38,18,68,124,1524580000,183190000,792230000,2500000000,45,21,75,141,-31770000,49620000,-17850000,0,7,3,7,17
1_887,1320670000,561140000,618190000,2500000000,41,24,77,142,1332070000,547030000,620900000,2500000000,47,25,79,151,11400000,-14110000,2710000,0,6,1,2,9
1_888,1435280000,27850000,1036870000,2500000000,40,21,73,134,1447230000,15280000,1037490000,2500000000,45,19,71,135,11950000,-12570000,620000,0,5,-2,-2,1
1_889,790910000,18640000,1690450000,2500000000,36,18,69,123,720170000,10860000,1768970000,2500000000,42,18,69,129,-70740000,-7780000,78520000,0,6,0,0,6
1_890,1440540000,15140000,1044320000,2500000000,44,20,71,135,1413060000,16730000,1070210000,2500000000,46,22,71,139,-27480000,1590000,25890000,0,2,2,0,4
1_891,1029010000,7900000,1463090000,2500000000,36,14,55,105,991320000,7930000,1500750000,2500000000,41,16,65,122,-37690000,30000,37660000,0,5,2,10,17
1_892,47090000,221370000,1905390000,2173850000,17,14,46,77,45920000,220230000,1907700000,2173850000,13,15,54,82,-1170000,-1140000,2310000,0,-4,1,8,5
1_893,742610000,1296450000,460940000,2500000000,26,24,74,124,750580000,1299360000,450060000,2500000000,30,22,73,125,7970000,2910000,-10880000,0,4,-2,-1,1
1_894,782390000,1180500000,537110000,2500000000,26,20,64,110,762160000,1177710000,560130000,2500000000,24,16,67,107,-20230000,-2790000,23020000,0,-2,-4,3,-3
1_895,475190000,1434510000,590300000,2500000000,34,27,83,144,473080000,1431420000,595500000,2500000000,31,20,72,123,-2110000,-3090000,5200000,0,-3,-7,-11,-21
1_896,1189600000,525870000,784530000,2500000000,37,26,83,146,1219970000,496620000,783410000,2500000000,29,17,70,116,30370000,-29250000,-1120000,0,-8,-9,-13,-30
1_897,52710000,720500000,1510110000,2283320000,16,16,60,92,52680000,710660000,1519980000,2283320000,15,18,65,98,-30000,-9840000,9870000,0,-1,2,5,6
1_898,444480000,1770640000,284880000,2500000000,21,21,70,112,505630000,1741450000,252920000,2500000000,23,23,73,119,61150000,-29190000,-31960000,0,2,2,3,7
1_899,11790000,182630000,1356040000,1550460000,13,8,47,68,13540000,180320000,1356600000,1550460000,10,15,52,77,1750000,-2310000,560000,0,-3,7,5,9
1_900,57420000,899590000,1350380000,2307390000,24,17,66,107,57550000,890800000,1359040000,2307390000,9,12,57,78,130000,-8790000,8660000,0,-15,-5,-9,-29
1_901,388400000,131720000,1979880000,2500000000,35,22,67,124,418830000,125340000,1955830000,2500000000,32,17,70,119,30430000,-6380000,-24050000,0,-3,-5,3,-5
1_902,1580920000,483830000,435250000,2500000000,42,26,90,158,1532740000,485950000,481310000,2500000000,50,33,89,172,-48180000,2120000,46060000,0,8,7,-1,14
1_903,1369790000,540300000,589910000,2500000000,36,25,88,149,1369870000,543220000,586910000,2500000000,42,31,99,172,80000,2920000,-3000000,0,6,6,11,23
1_904,1647020000,496550000,356430000,2500000000,41,31,95,167,1635300000,494930000,369770000,2500000000,49,32,90,171,-11720000,-1620000,13340000,0,8,1,-5,4
1_905,1817530000,71630000,610840000,2500000000,45,22,80,147,1801770000,80300000,617930000,2500000000,46,16,77,139,-15760000,8670000,7090000,0,1,-6,-3,-8
1_906,1484560000,336610000,678830000,2500000000,43,21,76,140,1465620000,333710000,700670000,2500000000,45,23,80,148,-18940000,-2900000,21840000,0,2,2,4,8
1_907,1661640000,321400000,516960000,2500000000,45,23,75,143,1675880000,317490000,506630000,2500000000,49,20,76,145,14240000,-3910000,-10330000,0,4,-3,1,2
1_908,1396820000,644850000,458330000,2500000000,41,22,77,140,1373870000,623800000,502330000,2500000000,44,24,77,145,-22950000,-21050000,44000000,0,3,2,0,5
1_909,1599750000,477510000,422740000,2500000000,43,21,77,141,1585150000,477370000,437480000,2500000000,48,29,85,162,-14600000,-140000,14740000,0,5,8,8,21
1_910,1467270000,20930000,1011800000,2500000000,41,20,68,129,1411150000,18600000,1070250000,2500000000,44,21,68,133,-56120000,-2330000,58450000,0,3,1,0,4
1_911,1342730000,58450000,1098820000,2500000000,37,16,61,114,1251960000,53590000,1194450000,2500000000,37,17,61,115,-90770000,-4860000,95630000,0,0,1,0,1
1_912,1828320000,6700000,664980000,2500000000,40,18,68,126,1759600000,10470000,729930000,2500000000,46,19,70,135,-68720000,3770000,64950000,0,6,1,2,9
1_913,1582320000,216890000,700790000,2500000000,37,22,64,123,1535670000,154350000,809980000,2500000000,41,20,74,135,-46650000,-62540000,109190000,0,4,-2,10,12
1_914,961620000,1077960000,460420000,2500000000,33,23,74,130,980560000,1079210000,440230000,2500000000,30,19,71,120,18940000,1250000,-20190000,0,-3,-4,-3,-10
1_915,1135760000,877040000,487200000,2500000000,27,21,77,125,1121870000,911160000,466970000,2500000000,32,17,72,121,-13890000,34120000,-20230000,0,5,-4,-5,-4
1_916,224830000,2106940000,168230000,2500000000,20,20,63,103,236810000,2124850000,138340000,2500000000,19,16,56,91,11980000,17910000,-29890000,0,-1,-4,-7,-12
1_917,782150000,1364950000,352900000,2500000000,29,24,78,131,771090000,1371290000,357620000,2500000000,24,18,76,118,-11060000,6340000,4720000,0,-5,-6,-2,-13
1_918,7720000,2010190000,482090000,2500000000,7,24,58,89,8550000,1999790000,491660000,2500000000,9,24,68,101,830000,-10400000,9570000,0,2,0,10,12
1_919,403880000,1936990000,159130000,2500000000,20,22,68,110,379330000,1964080000,156590000,2500000000,21,19,59,99,-24550000,27090000,-2540000,0,1,-3,-9,-11
1_920,51410000,1741410000,707180000,2500000000,22,23,78,123,65220000,1748290000,686490000,2500000000,14,21,69,104,13810000,6880000,-20690000,0,-8,-2,-9,-19
1_921,426820000,582430000,1490750000,2500000000,28,32,87,147,546460000,560720000,1392820000,2500000000,24,22,63,109,119640000,-21710000,-97930000,0,-4,-10,-24,-38
1_922,121000000,458690000,1920310000,2500000000,18,26,78,122,113990000,485980000,1900030000,2500000000,20,26,67,113,-7010000,27290000,-20280000,0,2,0,-11,-9
1_923,433000000,551640000,1515360000,2500000000,26,25,70,121,380550000,545860000,1573590000,2500000000,24,26,73,123,-52450000,-5780000,58230000,0,-2,1,3,2
1_924,1663290000,283000000,553710000,2500000000,32,16,60,108,1661730000,334760000,503510000,2500000000,32,19,58,109,-1560000,51760000,-50200000,0,0,3,-2,1
1_925,1378660000,910360000,210980000,2500000000,36,20,75,131,1368060000,903600000,228340000,2500000000,43,27,81,151,-10600000,-6760000,17360000,0,7,7,6,20
1_926,1462770000,623880000,413350000,2500000000,34,22,78,134,1461750000,628480000,409770000,2500000000,39,19,78,136,-1020000,4600000,-3580000,0,5,-3,0,2
1_927,715600000,1149360000,635040000,2500000000,35,24,83,142,699520000,1130120000,670360000,2500000000,32,24,81,137,-16080000,-19240000,35320000,0,-3,0,-2,-5
1_928,1019260000,949540000,531200000,2500000000,21,18,70,109,1002000000,939930000,558070000,2500000000,29,18,66,113,-17260000,-9610000,26870000,0,8,0,-4,4
1_929,1384560000,661670000,453770000,2500000000,38,19,77,134,1406180000,660310000,433510000,2500000000,46,22,81,149,21620000,-1360000,-20260000,0,8,3,4,15
1_930,1260210000,908490000,331300000,2500000000,36,22,81,139,1269430000,894900000,335670000,2500000000,45,24,86,155,9220000,-13590000,4370000,0,9,2,5,16
1_931,795630000,1507300000,197070000,2500000000,34,27,90,151,784740000,1514270000,200990000,2500000000,37,28,89,154,-10890000,6970000,3920000,0,3,1,-1,3
1_932,835040000,1272270000,392690000,2500000000,35,30,95,160,854970000,1263790000,381240000,2500000000,39,31,94,164,19930000,-8480000,-11450000,0,4,1,-1,4
1_933,1906750000,42220000,551030000,2500000000,41,18,68,127,1879650000,44750000,575600000,2500000000,42,17,66,125,-27100000,2530000,24570000,0,1,-1,-2,-2
1_934,1500950000,373980000,625070000,2500000000,40,18,66,124,1481500000,364600000,653900000,2500000000,44,22,73,139,-19450000,-9380000,28830000,0,4,4,7,15
1_935,1529900000,520150000,449950000,2500000000,40,20,65,125,1536440000,544800000,418760000,2500000000,44,20,73,137,6540000,24650000,-31190000,0,4,0,8,12
1_936,997770000,1292530000,209700000,2500000000,40,21,81,142,996100000,1290410000,213490000,2500000000,43,21,80,144,-1670000,-2120000,3790000,0,3,0,-1,2
1_937,386210000,1733650000,380140000,2500000000,19,19,62,100,378680000,1706240000,415080000,2500000000,24,22,70,116,-7530000,-27410000,34940000,0,5,3,8,16
1_938,67380000,810720000,1606540000,2484640000,15,20,53,88,62630000,780800000,1641210000,2484640000,17,18,52,87,-4750000,-29920000,34670000,0,2,-2,-1,-1
1_939,152490000,1969450000,378060000,2500000000,13,18,50,81,132650000,1940250000,427100000,2500000000,16,19,60,95,-19840000,-29200000,49040000,0,3,1,10,14
1_940,189410000,1900740000,409850000,2500000000,11,18,41,70,195530000,1873440000,431030000,2500000000,13,19,53,85,6120000,-27300000,21180000,0,2,1,12,15
1_941,445680000,289630000,1764690000,2500000000,20,19,51,90,406370000,248240000,1845390000,2500000000,23,21,61,105,-39310000,-41390000,80700000,0,3,2,10,15
1_942,634780000,448820000,1416400000,2500000000,22,22,78,122,558110000,457040000,1484850000,2500000000,23,23,74,120,-76670000,8220000,68450000,0,1,1,-4,-2
1_943,1079590000,1087590000,332820000,2500000000,22,22,65,109,1199030000,954200000,346770000,2500000000,25,20,70,115,119440000,-133390000,13950000,0,3,-2,5,6
1_944,1629980000,328970000,541050000,2500000000,21,15,48,84,1677690000,270440000,551870000,2500000000,23,15,59,97,47710000,-58530000,10820000,0,2,0,11,13
1_945,893110000,1476290000,130600000,2500000000,27,24,77,128,978130000,1363680000,158190000,2500000000,31,22,78,131,85020000,-112610000,27590000,0,4,-2,1,3
1_946,691840000,1386110000,422050000,2500000000,27,20,67,114,704170000,1361440000,434390000,2500000000,24,22,71,117,12330000,-24670000,12340000,0,-3,2,4,3
1_947,798000000,1039400000,662600000,2500000000,30,25,75,130,796040000,983290000,720670000,2500000000,30,23,80,133,-1960000,-56110000,58070000,0,0,-2,5,3
1_948,891540000,1242970000,365490000,2500000000,36,26,88,150,857100000,1228190000,414710000,2500000000,28,22,80,130,-34440000,-14780000,49220000,0,-8,-4,-8,-20
1_949,1152230000,919150000,428620000,2500000000,31,26,81,138,1102070000,888360000,509570000,2500000000,28,22,79,129,-50160000,-30790000,80950000,0,-3,-4,-2,-9
1_950,1026270000,1097670000,376060000,2500000000,33,25,86,144,1001090000,1081520000,417390000,2500000000,34,30,78,142,-25180000,-16150000,41330000,0,1,5,-8,-2
1_951,641340000,1366070000,492590000,2500000000,29,20,77,126,656820000,1352140000,491040000,2500000000,32,24,80,136,15480000,-13930000,-1550000,0,3,4,3,10
1_952,620770000,1009200000,870030000,2500000000,28,32,94,154,648140000,964160000,887700000,2500000000,36,32,90,158,27370000,-45040000,17670000,0,8,0,-4,4
1_953,889520000,1256440000,354040000,2500000000,31,23,80,134,834930000,1123650000,541420000,2500000000,30,23,83,136,-54590000,-132790000,187380000,0,-1,0,3,2
1_954,630480000,1345450000,524070000,2500000000,36,38,92,166,634850000,1333050000,532100000,2500000000,38,35,100,173,4370000,-12400000,8030000,0,2,-3,8,7
1_955,735330000,1485160000,279510000,2500000000,33,21,74,128,737350000,1478290000,284360000,2500000000,36,25,83,144,2020000,-6870000,4850000,0,3,4,9,16
1_956,307740000,1714920000,477340000,2500000000,25,28,78,131,355140000,1678380000,466480000,2500000000,32,29,94,155,47400000,-36540000,-10860000,0,7,1,16,24
1_957,639070000,1398610000,462320000,2500000000,25,23,69,117,627450000,1349000000,523550000,2500000000,30,25,79,134,-11620000,-49610000,61230000,0,5,2,10,17
1_958,560870000,1416850000,522280000,2500000000,37,36,85,158,628980000,1251470000,619550000,2500000000,43,36,94,173,68110000,-165380000,97270000,0,6,0,9,15
1_959,327360000,600320000,1572320000,2500000000,30,20,73,123,276940000,579830000,1643230000,2500000000,29,28,86,143,-50420000,-20490000,70910000,0,-1,8,13,20
1_960,955290000,320260000,1224450000,2500000000,31,24,64,119,1013320000,310780000,1175900000,2500000000,36,24,75,135,58030000,-9480000,-48550000,0,5,0,11,16
1_961,805290000,1455850000,238860000,2500000000,21,21,71,113,967500000,1308240000,224260000,2500000000,19,17,59,95,162210000,-147610000,-14600000,0,-2,-4,-12,-18
1_962,1476570000,564260000,459170000,2500000000,27,13,48,88,1521030000,537750000,441220000,2500000000,28,14,52,94,44460000,-26510000,-17950000,0,1,1,4,6
1_963,668050000,1506210000,325740000,2500000000,24,22,73,119,643310000,1448220000,408470000,2500000000,27,22,82,131,-24740000,-57990000,82730000,0,3,0,9,12
1_964,1101400000,1090920000,307680000,2500000000,31,24,76,131,1077270000,1059650000,363080000,2500000000,32,26,79,137,-24130000,-31270000,55400000,0,1,2,3,6
1_965,429420000,1624920000,445660000,2500000000,26,30,84,140,440600000,1598380000,461020000,2500000000,32,27,84,143,11180000,-26540000,15360000,0,6,-3,0,3
1_966,770370000,1301200000,428430000,2500000000,27,25,80,132,780220000,1278020000,441760000,2500000000,33,23,74,130,9850000,-23180000,13330000,0,6,-2,-6,-2
1_967,400910000,1755300000,343790000,2500000000,30,33,92,155,402720000,1702470000,394810000,2500000000,37,29,92,158,1810000,-52830000,51020000,0,7,-4,0,3
1_968,740630000,962160000,797210000,2500000000,31,32,87,150,727620000,924260000,848120000,2500000000,33,26,88,147,-13010000,-37900000,50910000,0,2,-6,1,-3
1_969,287830000,451000000,1761170000,2500000000,37,36,80,153,291110000,426020000,1782870000,2500000000,40,33,81,154,3280000,-24980000,21700000,0,3,-3,1,1
1_970,238330000,1041340000,1220330000,2500000000,39,40,92,171,234220000,1016020000,1249760000,2500000000,42,40,95,177,-4110000,-25320000,29430000,0,3,0,3,6
1_971,78040000,1141280000,1280680000,2500000000,33,40,80,153,77750000,1121030000,1301220000,2500000000,40,41,87,168,-290000,-20250000,20540000,0,7,1,7,15
1_972,2500000,347710000,1753070000,2103280000,31,34,78,143,2570000,343850000,1756860000,2103280000,27,32,74,133,70000,-3860000,3790000,0,-4,-2,-4,-10
1_973,462810000,1839250000,197940000,2500000000,34,23,74,131,481590000,1598240000,420170000,2500000000,36,24,75,135,18780000,-241010000,222230000,0,2,1,1,4
1_974,630830000,1011090000,858080000,2500000000,37,26,82,145,644060000,840360000,1015580000,2500000000,46,28,82,156,13230000,-170730000,157500000,0,9,2,0,11
1_975,551650000,1623700000,324650000,2500000000,34,27,78,139,563470000,1282630000,653900000,2500000000,39,25,79,143,11820000,-341070000,329250000,0,5,-2,1,4
1_976,802430000,709150000,988420000,2500000000,36,23,77,136,783720000,910570000,805710000,2500000000,42,25,78,145,-18710000,201420000,-182710000,0,6,2,1,9
1_977,1096310000,1015470000,388220000,2500000000,41,31,87,159,1124670000,677650000,697680000,2500000000,45,33,88,166,28360000,-337820000,309460000,0,4,2,1,7
1_978,647160000,1515040000,337800000,2500000000,39,30,83,152,651060000,1225110000,623830000,2500000000,43,28,87,158,3900000,-289930000,286030000,0,4,-2,4,6
1_979,820950000,1173220000,505830000,2500000000,43,29,93,165,824080000,1070640000,605280000,2500000000,45,23,84,152,3130000,-102580000,99450000,0,2,-6,-9,-13
1_980,1529540000,216080000,754380000,2500000000,42,28,89,159,1414200000,109140000,976660000,2500000000,45,20,72,137,-115340000,-106940000,222280000,0,3,-8,-17,-22
1_981,1233960000,607760000,658280000,2500000000,42,29,84,155,1249270000,505120000,745610000,2500000000,47,31,87,165,15310000,-102640000,87330000,0,5,2,3,10
1_982,1105570000,870890000,523540000,2500000000,43,30,86,159,1130730000,681330000,687940000,2500000000,45,28,89,162,25160000,-189560000,164400000,0,2,-2,3,3
1_983,684710000,972890000,842400000,2500000000,42,31,87,160,739140000,909360000,851500000,2500000000,47,31,94,172,54430000,-63530000,9100000,0,5,0,7,12
1_984,917230000,1281200000,301570000,2500000000,40,29,91,160,921180000,1188830000,389990000,2500000000,44,26,87,157,3950000,-92370000,88420000,0,4,-3,-4,-3
1_985,421060000,1669120000,409820000,2500000000,40,26,80,146,449400000,1293200000,757400000,2500000000,45,28,85,158,28340000,-375920000,347580000,0,5,2,5,12
1_986,270660000,1960760000,268580000,2500000000,36,27,80,143,309600000,1728750000,461650000,2500000000,43,28,86,157,38940000,-232010000,193070000,0,7,1,6,14
1_987,685850000,1216160000,597990000,2500000000,39,25,78,142,745250000,855620000,899130000,2500000000,44,25,82,151,59400000,-360540000,301140000,0,5,0,4,9
1_988,1048590000,1083770000,367640000,2500000000,35,28,84,147,1084270000,932670000,483060000,2500000000,43,27,84,154,35680000,-151100000,115420000,0,8,-1,0,7
1_989,960260000,1035590000,504150000,2500000000,36,32,78,146,1032440000,852640000,614920000,2500000000,42,30,87,159,72180000,-182950000,110770000,0,6,-2,9,13
1_990,798090000,1330970000,370940000,2500000000,33,31,77,141,849860000,1131160000,518980000,2500000000,43,32,90,165,51770000,-199810000,148040000,0,10,1,13,24
1_991,1135490000,833530000,530980000,2500000000,39,32,83,154,1182250000,680050000,637700000,2500000000,42,27,88,157,46760000,-153480000,106720000,0,3,-5,5,3
1_992,577550000,802270000,1120180000,2500000000,38,33,89,160,582900000,587070000,1330030000,2500000000,43,32,92,167,5350000,-215200000,209850000,0,5,-1,3,7
1_993,367360000,1532350000,600290000,2500000000,36,32,82,150,369660000,1428180000,702160000,2500000000,39,32,86,157,2300000,-104170000,101870000,0,3,0,4,7
1_994,623710000,1281760000,594530000,2500000000,39,34,90,163,643140000,1134480000,722380000,2500000000,40,29,90,159,19430000,-147280000,127850000,0,1,-5,0,-4
1_995,323810000,1627330000,548860000,2500000000,35,36,86,157,309990000,1563920000,626090000,2500000000,40,36,89,165,-13820000,-63410000,77230000,0,5,0,3,8
1_996,780930000,1225410000,493660000,2500000000,35,32,82,149,807070000,1081140000,611790000,2500000000,43,31,91,165,26140000,-144270000,118130000,0,8,-1,9,16
1_997,89860000,122690000,2096650000,2309200000,35,34,80,149,90440000,105480000,2113280000,2309200000,39,26,76,141,580000,-17210000,16630000,0,4,-8,-4,-8
1_998,424040000,838960000,1237000000,2500000000,40,38,87,165,435700000,836690000,1227610000,2500000000,43,38,89,170,11660000,-2270000,-9390000,0,3,0,2,5
1_999,17340000,402440000,1421900000,1841680000,30,30,69,129,18410000,399790000,1423480000,1841680000,29,29,73,131,1070000,-2650000,1580000,0,-1,-1,4,2
1_1000,984990000,847490000,667520000,2500000000,39,19,67,125,975490000,722320000,802190000,2500000000,43,22,77,142,-9500000,-125170000,134670000,0,4,3,10,17
1_1001,579430000,1431470000,489100000,2500000000,42,22,73,137,582280000,1428500000,489220000,2500000000,47,26,81,154,2850000,-2970000,120000,0,5,4,8,17
1_1002,1233250000,908710000,358040000,2500000000,40,22,75,137,1211520000,864940000,423540000,2500000000,43,24,71,138,-21730000,-43770000,65500000,0,3,2,-4,1
1_1003,877040000,1055840000,567120000,2500000000,42,20,74,136,839790000,1068090000,592120000,2500000000,46,24,78,148,-37250000,12250000,25000000,0,4,4,4,12
1_1004,748530000,1358980000,392490000,2500000000,42,32,88,162,766350000,1287300000,446350000,2500000000,49,29,97,175,17820000,-71680000,53860000,0,7,-3,9,13
1_1005,1159600000,675490000,664910000,2500000000,45,32,94,171,1156960000,594180000,748860000,2500000000,48,37,99,184,-2640000,-81310000,83950000,0,3,5,5,13
1_1006,721890000,1501070000,277040000,2500000000,40,31,89,160,707480000,1432960000,359560000,2500000000,42,25,92,159,-14410000,-68110000,82520000,0,2,-6,3,-1
1_1007,952120000,1071670000,476210000,2500000000,45,35,102,182,948640000,915730000,635630000,2500000000,46,34,100,180,-3480000,-155940000,159420000,0,1,-1,-2,-2
1_1008,401740000,1808710000,289550000,2500000000,39,30,89,158,416980000,1791730000,291290000,2500000000,46,31,90,167,15240000,-16980000,1740000,0,7,1,1,9
1_1009,1131070000,1028600000,340330000,2500000000,40,27,85,152,1144790000,968020000,387190000,2500000000,46,28,88,162,13720000,-60580000,46860000,0,6,1,3,10
1_1010,514880000,1659470000,325650000,2500000000,38,29,83,150,525890000,1606570000,367540000,2500000000,42,30,90,162,11010000,-52900000,41890000,0,4,1,7,12
1_1011,686550000,1364310000,449140000,2500000000,39,28,89,156,687550000,1273670000,538780000,2500000000,44,26,89,159,1000000,-90640000,89640000,0,5,-2,0,3
1_1012,759730000,1253020000,487250000,2500000000,41,30,83,154,816030000,933170000,750800000,2500000000,45,29,87,161,56300000,-319850000,263550000,0,4,-1,4,7
1_1013,975520000,826410000,698070000,2500000000,41,29,90,160,1021450000,637360000,841190000,2500000000,47,27,89,163,45930000,-189050000,143120000,0,6,-2,-1,3
1_1014,713860000,1272320000,513820000,2500000000,41,34,89,164,802790000,983060000,714150000,2500000000,45,31,94,170,88930000,-289260000,200330000,0,4,-3,5,6
1_1015,1044210000,792180000,663610000,2500000000,40,30,89,159,1075150000,676130000,748720000,2500000000,44,27,88,159,30940000,-116050000,85110000,0,4,-3,-1,0
1_1016,1245900000,768780000,485320000,2500000000,37,35,86,158,1297360000,570550000,632090000,2500000000,43,30,87,160,51460000,-198230000,146770000,0,6,-5,1,2
1_1017,844830000,1011590000,643580000,2500000000,38,30,76,144,946720000,729000000,824280000,2500000000,44,35,92,171,101890000,-282590000,180700000,0,6,5,16,27
1_1018,1417930000,728060000,354010000,2500000000,35,35,78,148,1490040000,594250000,415710000,2500000000,43,33,89,165,72110000,-133810000,61700000,0,8,-2,11,17
1_1019,1166060000,742350000,591590000,2500000000,36,33,88,157,1241000000,584560000,674440000,2500000000,44,32,90,166,74940000,-157790000,82850000,0,8,-1,2,9
1_1020,954360000,1083980000,461660000,2500000000,39,33,90,162,968050000,954140000,577810000,2500000000,42,35,96,173,13690000,-129840000,116150000,0,3,2,6,11
1_1021,902660000,1085680000,511660000,2500000000,37,35,84,156,913740000,964270000,621990000,2500000000,43,35,91,169,11080000,-121410000,110330000,0,6,0,7,13
1_1022,707290000,1409890000,382820000,2500000000,38,40,95,173,708290000,1325780000,465930000,2500000000,40,36,88,164,1000000,-84110000,83110000,0,2,-4,-7,-9
1_1023,771820000,1320860000,407320000,2500000000,37,40,98,175,791520000,1245420000,463060000,2500000000,41,41,95,177,19700000,-75440000,55740000,0,4,1,-3,2
1_1024,396810000,798920000,1304270000,2500000000,33,36,82,151,393540000,737660000,1368800000,2500000000,42,39,92,173,-3270000,-61260000,64530000,0,9,3,10,22
1_1025,470720000,1504650000,524630000,2500000000,37,34,92,163,482550000,1426630000,590820000,2500000000,39,33,93,165,11830000,-78020000,66190000,0,2,-1,1,2
1_1026,481450000,414930000,1603620000,2500000000,40,43,93,176,487020000,375540000,1637440000,2500000000,39,34,90,163,5570000,-39390000,33820000,0,-1,-9,-3,-13
1_1027,940360000,802930000,756710000,2500000000,38,41,96,175,949280000,701200000,849520000,2500000000,43,33,93,169,8920000,-101730000,92810000,0,5,-8,-3,-6
1_1028,26910000,48260000,1305350000,1380520000,31,31,77,139,27890000,40310000,1312320000,1380520000,34,28,79,141,980000,-7950000,6970000,0,3,-3,2,2
1_1029,303340000,547180000,1437500000,2288020000,39,34,88,161,306260000,485620000,1496140000,2288020000,42,32,83,157,2920000,-61560000,58640000,0,3,-2,-5,-4
1_1030,1175990000,1144690000,179320000,2500000000,40,23,77,140,1184390000,1114920000,200690000,2500000000,45,25,83,153,8400000,-29770000,21370000,0,5,2,6,13
1_1031,1219550000,875910000,404540000,2500000000,42,19,74,135,1165950000,879770000,454280000,2500000000,45,25,74,144,-53600000,3860000,49740000,0,3,6,0,9
1_1032,508650000,1785710000,205640000,2500000000,34,22,81,137,514690000,1751810000,233500000,2500000000,42,24,84,150,6040000,-33900000,27860000,0,8,2,3,13
1_1033,1347340000,594400000,558260000,2500000000,40,24,77,141,1360620000,586090000,553290000,2500000000,46,23,79,148,13280000,-8310000,-4970000,0,6,-1,2,7
1_1034,744350000,1508520000,247130000,2500000000,38,28,83,149,740190000,1454290000,305520000,2500000000,45,27,86,158,-4160000,-54230000,58390000,0,7,-1,3,9
1_1035,846560000,1434700000,218740000,2500000000,42,29,89,160,846850000,1394420000,258730000,2500000000,43,27,86,156,290000,-40280000,39990000,0,1,-2,-3,-4
1_1036,778450000,1453120000,268430000,2500000000,36,29,81,146,777900000,1414100000,308000000,2500000000,44,29,90,163,-550000,-39020000,39570000,0,8,0,9,17
1_1037,645430000,1686730000,167840000,2500000000,37,28,93,158,648100000,1671860000,180040000,2500000000,43,31,95,169,2670000,-14870000,12200000,0,6,3,2,11
1_1038,552820000,1673560000,273620000,2500000000,39,32,89,160,552410000,1648970000,298620000,2500000000,42,32,97,171,-410000,-24590000,25000000,0,3,0,8,11
1_1039,625080000,1659810000,215110000,2500000000,40,32,90,162,598910000,1593680000,307410000,2500000000,43,29,95,167,-26170000,-66130000,92300000,0,3,-3,5,5
1_1040,736290000,1346200000,417510000,2500000000,43,32,98,173,727690000,1274720000,497590000,2500000000,44,30,92,166,-8600000,-71480000,80080000,0,1,-2,-6,-7
1_1041,649810000,1464810000,385380000,2500000000,41,33,91,165,661330000,1424610000,414060000,2500000000,44,30,93,167,11520000,-40200000,28680000,0,3,-3,2,2
1_1042,1085010000,1115300000,299690000,2500000000,39,28,85,152,1141720000,998910000,359370000,2500000000,41,26,88,155,56710000,-116390000,59680000,0,2,-2,3,3
1_1043,905390000,842290000,752320000,2500000000,41,29,90,160,1045930000,724970000,729100000,2500000000,46,27,87,160,140540000,-117320000,-23220000,0,5,-2,-3,0
1_1044,606260000,1598190000,295550000,2500000000,37,33,89,159,596970000,1502470000,400560000,2500000000,41,32,89,162,-9290000,-95720000,105010000,0,4,-1,0,3
1_1045,913200000,1129700000,457100000,2500000000,42,27,89,158,926920000,881280000,691800000,2500000000,45,29,90,164,13720000,-248420000,234700000,0,3,2,1,6
1_1046,1393090000,820680000,286230000,2500000000,36,30,85,151,1422860000,739120000,338020000,2500000000,39,28,88,155,29770000,-81560000,51790000,0,3,-2,3,4
1_1047,1151740000,1010470000,337790000,2500000000,41,28,86,155,1230820000,898100000,371080000,2500000000,41,26,86,153,79080000,-112370000,33290000,0,0,-2,0,-2
1_1048,902510000,1176980000,420510000,2500000000,37,33,91,161,918880000,1105290000,475830000,2500000000,38,29,84,151,16370000,-71690000,55320000,0,1,-4,-7,-10
1_1049,846610000,1254360000,399030000,2500000000,37,34,90,161,885510000,1153930000,460560000,2500000000,42,33,86,161,38900000,-100430000,61530000,0,5,-1,-4,0
1_1050,945420000,1242350000,312230000,2500000000,38,34,91,163,965230000,1187530000,347240000,2500000000,40,28,89,157,19810000,-54820000,35010000,0,2,-6,-2,-6
1_1051,1232260000,850810000,416930000,2500000000,37,35,87,159,1257440000,778310000,464250000,2500000000,39,35,90,164,25180000,-72500000,47320000,0,2,0,3,5
1_1052,1491740000,638410000,369850000,2500000000,38,34,92,164,1588450000,559260000,352290000,2500000000,41,30,87,158,96710000,-79150000,-17560000,0,3,-4,-5,-6
1_1053,1191390000,1104440000,204170000,2500000000,37,30,90,157,1199320000,1051280000,249400000,2500000000,41,29,88,158,7930000,-53160000,45230000,0,4,-1,-2,1
1_1054,748540000,1274120000,477340000,2500000000,37,29,80,146,773560000,1206140000,520300000,2500000000,42,31,87,160,25020000,-67980000,42960000,0,5,2,7,14
1_1055,711220000,1414790000,373990000,2500000000,39,33,88,160,741960000,1309430000,448610000,2500000000,37,32,89,158,30740000,-105360000,74620000,0,-2,-1,1,-2
1_1056,1061200000,1163840000,274960000,2500000000,37,27,77,141,1087640000,1054870000,357490000,2500000000,41,27,83,151,26440000,-108970000,82530000,0,4,0,6,10
1_1057,1221180000,927480000,351340000,2500000000,38,27,81,146,1244340000,807730000,447930000,2500000000,41,29,90,160,23160000,-119750000,96590000,0,3,2,9,14
1_1058,1036530000,1126700000,336770000,2500000000,38,31,86,155,1062840000,1021350000,415810000,2500000000,41,31,87,159,26310000,-105350000,79040000,0,3,0,1,4
1_1059,447120000,467760000,1500660000,2415540000,38,32,88,158,455470000,392940000,1567130000,2415540000,42,33,86,161,8350000,-74820000,66470000,0,4,1,-2,3
1_1060,1116890000,1135980000,247130000,2500000000,39,29,83,151,1103760000,1033810000,362430000,2500000000,40,30,79,149,-13130000,-102170000,115300000,0,1,1,-4,-2
1_1061,440050000,1820730000,239220000,2500000000,30,30,88,148,446640000,1789840000,263520000,2500000000,38,33,94,165,6590000,-30890000,24300000,0,8,3,6,17
1_1062,358990000,1586850000,554160000,2500000000,35,32,96,163,361850000,1544410000,593740000,2500000000,40,36,95,171,2860000,-42440000,39580000,0,5,4,-1,8
1_1063,920690000,1328590000,250720000,2500000000,39,37,98,174,941890000,1266640000,291470000,2500000000,39,29,90,158,21200000,-61950000,40750000,0,0,-8,-8,-16
1_1064,282480000,1784560000,432960000,2500000000,35,34,101,170,307580000,1730770000,461650000,2500000000,37,33,95,165,25100000,-53790000,28690000,0,2,-1,-6,-5
1_1065,1047340000,1145170000,307490000,2500000000,37,26,85,148,1045110000,1094210000,360680000,2500000000,43,24,89,156,-2230000,-50960000,53190000,0,6,-2,4,8
1_1066,335840000,1891350000,272810000,2500000000,43,34,102,179,326190000,1870520000,303290000,2500000000,43,33,102,178,-9650000,-20830000,30480000,0,0,-1,0,-1
1_1067,604300000,1546570000,349130000,2500000000,40,34,95,169,592680000,1480780000,426540000,2500000000,49,31,100,180,-11620000,-65790000,77410000,0,9,-3,5,11
1_1068,788690000,1370670000,340640000,2500000000,40,36,102,178,786430000,1295070000,418500000,2500000000,46,34,96,176,-2260000,-75600000,77860000,0,6,-2,-6,-2
1_1069,987820000,1037720000,474460000,2500000000,43,27,84,154,1045930000,904470000,549600000,2500000000,44,31,92,167,58110000,-133250000,75140000,0,1,4,8,13
1_1070,901640000,1197400000,400960000,2500000000,40,29,86,155,921180000,1106970000,471850000,2500000000,45,27,90,162,19540000,-90430000,70890000,0,5,-2,4,7
1_1071,609910000,1508790000,381300000,2500000000,41,27,89,157,602910000,1469760000,427330000,2500000000,46,32,95,173,-7000000,-39030000,46030000,0,5,5,6,16
1_1072,835290000,974730000,689980000,2500000000,42,31,99,172,700630000,863180000,936190000,2500000000,46,30,92,168,-134660000,-111550000,246210000,0,4,-1,-7,-4
1_1073,489270000,1579190000,431540000,2500000000,36,35,93,164,513130000,1454970000,531900000,2500000000,43,34,87,164,23860000,-124220000,100360000,0,7,-1,-6,0
1_1074,397580000,1915600000,186820000,2500000000,35,26,80,141,408770000,1834220000,257010000,2500000000,44,32,91,167,11190000,-81380000,70190000,0,9,6,11,26
1_1075,736620000,1396260000,367120000,2500000000,38,34,91,163,754660000,1310440000,434900000,2500000000,41,34,88,163,18040000,-85820000,67780000,0,3,0,-3,0
1_1076,671700000,1501820000,326480000,2500000000,39,31,89,159,733390000,1418370000,348240000,2500000000,41,28,89,158,61690000,-83450000,21760000,0,2,-3,0,-1
1_1077,473430000,1678280000,348290000,2500000000,37,39,95,171,472420000,1600660000,426920000,2500000000,40,36,90,166,-1010000,-77620000,78630000,0,3,-3,-5,-5
1_1078,559710000,1607430000,332860000,2500000000,39,33,88,160,591120000,1523580000,385300000,2500000000,40,34,90,164,31410000,-83850000,52440000,0,1,1,2,4
1_1079,434450000,1771360000,294190000,2500000000,36,37,91,164,437790000,1726200000,336010000,2500000000,39,36,86,161,3340000,-45160000,41820000,0,3,-1,-5,-3
1_1080,722570000,1387060000,390370000,2500000000,39,34,93,166,734250000,1350080000,415670000,2500000000,40,34,91,165,11680000,-36980000,25300000,0,1,0,-2,-1
1_1081,810550000,1250830000,438620000,2500000000,37,37,91,165,818650000,1191460000,489890000,2500000000,41,36,86,163,8100000,-59370000,51270000,0,4,-1,-5,-2
1_1082,684970000,1426680000,388350000,2500000000,37,34,86,157,686500000,1294130000,519370000,2500000000,39,30,89,158,1530000,-132550000,131020000,0,2,-4,3,1
1_1083,498470000,1552870000,448660000,2500000000,34,32,89,155,489850000,1503870000,506280000,2500000000,38,30,87,155,-8620000,-49000000,57620000,0,4,-2,-2,0
1_1084,431960000,1870130000,197910000,2500000000,35,29,79,143,423180000,1797640000,279180000,2500000000,37,30,87,154,-8780000,-72490000,81270000,0,2,1,8,11
1_1085,1347760000,891710000,260530000,2500000000,37,28,79,144,1381970000,733660000,384370000,2500000000,39,29,82,150,34210000,-158050000,123840000,0,2,1,3,6
1_1086,1121690000,1088930000,289380000,2500000000,36,31,86,153,1146400000,1004440000,349160000,2500000000,43,27,86,156,24710000,-84490000,59780000,0,7,-4,0,3
1_1087,1473270000,712420000,314310000,2500000000,40,34,86,160,1308090000,659170000,532740000,2500000000,41,32,83,156,-165180000,-53250000,218430000,0,1,-2,-3,-4
1_1088,653100000,1627380000,219520000,2500000000,37,33,93,163,614750000,1577220000,308030000,2500000000,40,29,84,153,-38350000,-50160000,88510000,0,3,-4,-9,-10
1_1089,506120000,1707090000,286790000,2500000000,34,28,84,146,531840000,1676900000,291260000,2500000000,40,25,84,149,25720000,-30190000,4470000,0,6,-3,0,3
1_1090,63070000,2200120000,236810000,2500000000,29,31,88,148,86830000,2162830000,250340000,2500000000,30,32,90,152,23760000,-37290000,13530000,0,1,1,2,4
1_1091,155710000,508210000,1825370000,2489290000,33,29,72,134,156190000,482620000,1850480000,2489290000,36,34,86,156,480000,-25590000,25110000,0,3,5,14,22
1_1092,939720000,672550000,887730000,2500000000,41,34,81,156,891460000,677120000,931420000,2500000000,47,36,90,173,-48260000,4570000,43690000,0,6,2,9,17
1_1093,810540000,1058520000,630940000,2500000000,39,37,86,162,823970000,1057310000,618720000,2500000000,40,35,86,161,13430000,-1210000,-12220000,0,1,-2,0,-1
1_1094,789060000,240560000,1470380000,2500000000,39,35,81,155,754140000,249480000,1496380000,2500000000,40,36,88,164,-34920000,8920000,26000000,0,1,1,7,9
1_1095,69880000,224830000,1898830000,2193540000,37,35,84,156,68680000,223550000,1901310000,2193540000,42,38,86,166,-1200000,-1280000,2480000,0,5,3,2,10
1_1096,1942520000,275580000,281900000,2500000000,38,30,74,142,1827970000,279210000,392820000,2500000000,41,33,75,149,-114550000,3630000,110920000,0,3,3,1,7
1_1097,1903880000,394760000,201360000,2500000000,40,31,74,145,1723890000,416410000,359700000,2500000000,42,30,77,149,-179990000,21650000,158340000,0,2,-1,3,4
1_1098,525120000,1269920000,704960000,2500000000,37,32,80,149,512640000,1264250000,723110000,2500000000,45,37,85,167,-12480000,-5670000,18150000,0,8,5,5,18
1_1099,1669220000,560640000,270140000,2500000000,38,31,72,141,1606720000,559140000,334140000,2500000000,41,34,77,152,-62500000,-1500000,64000000,0,3,3,5,11
1_1100,1654110000,323370000,522520000,2500000000,35,29,74,138,1678520000,327990000,493490000,2500000000,43,34,79,156,24410000,4620000,-29030000,0,8,5,5,18
1_1101,578970000,216530000,1704500000,2500000000,36,29,71,136,573350000,216250000,1710400000,2500000000,40,37,76,153,-5620000,-280000,5900000,0,4,8,5,17
1_1102,2048220000,74000000,377780000,2500000000,36,23,65,124,2031290000,80010000,388700000,2500000000,39,25,68,132,-16930000,6010000,10920000,0,3,2,3,8
1_1103,1823980000,201250000,474770000,2500000000,36,26,72,134,1849520000,206140000,444340000,2500000000,45,31,73,149,25540000,4890000,-30430000,0,9,5,1,15
1_1104,1599500000,12450000,888050000,2500000000,39,23,65,127,1584710000,13050000,902240000,2500000000,40,24,69,133,-14790000,600000,14190000,0,1,1,4,6
1_1105,1756030000,20230000,723740000,2500000000,38,21,65,124,1941870000,21010000,537120000,2500000000,40,25,69,134,185840000,780000,-186620000,0,2,4,4,10
1_1106,1157870000,15480000,1326650000,2500000000,42,28,79,149,1341380000,15480000,1143140000,2500000000,41,26,76,143,183510000,0,-183510000,0,-1,-2,-3,-6
1_1107,613260000,10970000,1875770000,2500000000,35,24,65,124,674990000,11210000,1813800000,2500000000,32,22,63,117,61730000,240000,-61970000,0,-3,-2,-2,-7
1_1108,827840000,7620000,1664540000,2500000000,37,27,67,131,861590000,7660000,1630750000,2500000000,36,26,72,134,33750000,40000,-33790000,0,-1,-1,5,3
1_1109,1936070000,233170000,330760000,2500000000,38,30,78,146,1749780000,243850000,506370000,2500000000,41,32,76,149,-186290000,10680000,175610000,0,3,2,-2,3
1_1110,1563460000,598690000,337850000,2500000000,40,39,81,160,1553200000,602760000,344040000,2500000000,46,37,81,164,-10260000,4070000,6190000,0,6,-2,0,4
1_1111,1815990000,232420000,451590000,2500000000,36,32,78,146,1553780000,249390000,696830000,2500000000,43,33,77,153,-262210000,16970000,245240000,0,7,1,-1,7
1_1112,1233130000,380890000,885980000,2500000000,41,39,92,172,1215810000,384870000,899320000,2500000000,48,41,89,178,-17320000,3980000,13340000,0,7,2,-3,6
1_1113,1974630000,209110000,316260000,2500000000,35,31,79,145,1927420000,211260000,361320000,2500000000,41,30,78,149,-47210000,2150000,45060000,0,6,-1,-1,4
1_1114,1711250000,241290000,547460000,2500000000,37,34,80,151,1631100000,243060000,625840000,2500000000,43,33,77,153,-80150000,1770000,78380000,0,6,-1,-3,2
1_1115,1812470000,355850000,331680000,2500000000,35,28,72,135,1811430000,360630000,327940000,2500000000,44,32,77,153,-1040000,4780000,-3740000,0,9,4,5,18
1_1116,1848180000,238120000,413700000,2500000000,37,30,75,142,1738250000,237720000,524030000,2500000000,42,33,76,151,-109930000,-400000,110330000,0,5,3,1,9
1_1117,1062240000,1111890000,325870000,2500000000,34,36,82,152,1062820000,1111470000,325710000,2500000000,44,36,86,166,580000,-420000,-160000,0,10,0,4,14
1_1118,1498710000,653540000,347750000,2500000000,37,30,74,141,1484920000,648640000,366440000,2500000000,45,33,82,160,-13790000,-4900000,18690000,0,8,3,8,19
1_1119,703010000,518140000,1278850000,2500000000,36,36,83,155,692870000,518010000,1289120000,2500000000,44,34,85,163,-10140000,-130000,10270000,0,8,-2,2,8
1_1120,1258270000,365710000,876020000,2500000000,36,27,74,137,1257050000,374710000,868240000,2500000000,43,35,83,161,-1220000,9000000,-7780000,0,7,8,9,24
1_1121,673120000,290640000,1536240000,2500000000,34,33,77,144,676320000,294220000,1529460000,2500000000,44,35,83,162,3200000,3580000,-6780000,0,10,2,6,18
1_1122,425450000,230580000,1843970000,2500000000,34,31,76,141,396340000,230140000,1873520000,2500000000,42,35,78,155,-29110000,-440000,29550000,0,8,4,2,14
1_1123,1670410000,317630000,511960000,2500000000,36,32,77,145,1734910000,322920000,442170000,2500000000,47,35,85,167,64500000,5290000,-69790000,0,11,3,8,22
1_1124,1515300000,280200000,704500000,2500000000,37,33,77,147,1494110000,291730000,714160000,2500000000,44,35,82,161,-21190000,11530000,9660000,0,7,2,5,14
1_1125,1836590000,60790000,602620000,2500000000,36,22,67,125,1821420000,60310000,618270000,2500000000,38,22,63,123,-15170000,-480000,15650000,0,2,0,-4,-2
1_1126,1791100000,192840000,516060000,2500000000,35,28,72,135,1869170000,195800000,435030000,2500000000,42,30,74,146,78070000,2960000,-81030000,0,7,2,2,11
1_1127,1839410000,13260000,647330000,2500000000,36,22,69,127,1876480000,14440000,609080000,2500000000,43,29,73,145,37070000,1180000,-38250000,0,7,7,4,18
1_1128,1799030000,39780000,661190000,2500000000,37,23,67,127,1930770000,40240000,528990000,2500000000,41,27,72,140,131740000,460000,-132200000,0,4,4,5,13
1_1129,1658500000,32800000,808700000,2500000000,37,22,68,127,1802420000,26820000,670760000,2500000000,40,22,72,134,143920000,-5980000,-137940000,0,3,0,4,7
1_1130,1402390000,33120000,1064490000,2500000000,38,21,66,125,1763600000,28360000,708040000,2500000000,44,24,74,142,361210000,-4760000,-356450000,0,6,3,8,17
1_1131,1691520000,64370000,744110000,2500000000,39,29,75,143,1863240000,63130000,573630000,2500000000,45,32,79,156,171720000,-1240000,-170480000,0,6,3,4,13
1_1132,1197130000,4840000,1298030000,2500000000,38,22,66,126,1493640000,3090000,1003270000,2500000000,32,18,58,108,296510000,-1750000,-294760000,0,-6,-4,-8,-18
1_1133,1390800000,1700000,1107500000,2500000000,36,22,65,123,1658450000,930000,840620000,2500000000,32,23,54,109,267650000,-770000,-266880000,0,-4,1,-11,-14
1_1134,1466380000,23720000,1009900000,2500000000,37,22,67,126,1687400000,16970000,795630000,2500000000,37,17,65,119,221020000,-6750000,-214270000,0,0,-5,-2,-7
1_1135,1511140000,650000,988210000,2500000000,37,20,66,123,1717430000,280000,782290000,2500000000,32,15,62,109,206290000,-370000,-205920000,0,-5,-5,-4,-14
1_1136,1051080000,2090000,1446830000,2500000000,39,23,67,129,1200820000,2760000,1296420000,2500000000,35,18,64,117,149740000,670000,-150410000,0,-4,-5,-3,-12
1_1137,1480860000,10690000,1008450000,2500000000,39,25,67,131,1587340000,8750000,903910000,2500000000,43,18,69,130,106480000,-1940000,-104540000,0,4,-7,2,-1
1_1138,1464460000,161120000,874420000,2500000000,37,27,69,133,1675540000,163180000,661280000,2500000000,39,29,64,132,211080000,2060000,-213140000,0,2,2,-5,-1
1_1139,1414800000,22910000,1062290000,2500000000,36,22,66,124,1704180000,23550000,772270000,2500000000,39,21,67,127,289380000,640000,-290020000,0,3,-1,1,3
1_1140,1510190000,57460000,932350000,2500000000,39,29,71,139,1650980000,65240000,783780000,2500000000,43,30,72,145,140790000,7780000,-148570000,0,4,1,1,6
1_1141,2087810000,139460000,272730000,2500000000,36,30,77,143,2009820000,158960000,331220000,2500000000,40,27,73,140,-77990000,19500000,58490000,0,4,-3,-4,-3
1_1142,738990000,174080000,1586860000,2499930000,40,36,89,165,778870000,175930000,1545130000,2499930000,44,39,100,183,39880000,1850000,-41730000,0,4,3,11,18
1_1143,183480000,396900000,1918190000,2498570000,40,37,96,173,204290000,393420000,1900860000,2498570000,46,42,98,186,20810000,-3480000,-17330000,0,6,5,2,13
1_1144,1904130000,262440000,333430000,2500000000,35,28,71,134,1973960000,264810000,261230000,2500000000,42,30,74,146,69830000,2370000,-72200000,0,7,2,3,12
1_1145,2094550000,105140000,300310000,2500000000,35,29,75,139,2055000000,122390000,322610000,2500000000,40,32,74,146,-39550000,17250000,22300000,0,5,3,-1,7
1_1146,1813840000,180980000,505180000,2500000000,38,33,86,157,1976500000,180640000,342860000,2500000000,43,33,87,163,162660000,-340000,-162320000,0,5,0,1,6
1_1147,1504440000,194180000,801380000,2500000000,38,33,86,157,1669970000,193220000,636810000,2500000000,43,34,83,160,165530000,-960000,-164570000,0,5,1,-3,3
1_1148,1000500000,1078880000,420620000,2500000000,37,32,78,147,1009490000,1076010000,414500000,2500000000,43,36,86,165,8990000,-2870000,-6120000,0,6,4,8,18
1_1149,1764510000,207740000,527750000,2500000000,35,28,73,136,1869470000,211590000,418940000,2500000000,43,31,78,152,104960000,3850000,-108810000,0,8,3,5,16
1_1150,908960000,479080000,1111960000,2500000000,38,36,88,162,818750000,477560000,1203690000,2500000000,43,35,90,168,-90210000,-1520000,91730000,0,5,-1,2,6
1_1151,999790000,890860000,609350000,2500000000,37,33,81,151,1023020000,888930000,588050000,2500000000,45,36,87,168,23230000,-1930000,-21300000,0,8,3,6,17
1_1152,1785880000,340310000,373810000,2500000000,35,30,75,140,1842220000,337160000,320620000,2500000000,42,33,79,154,56340000,-3150000,-53190000,0,7,3,4,14
1_1153,1134820000,761400000,603780000,2500000000,33,31,78,142,1134200000,769820000,595980000,2500000000,45,35,83,163,-620000,8420000,-7800000,0,12,4,5,21
1_1154,1514610000,493190000,492200000,2500000000,36,30,76,142,1499220000,499680000,501100000,2500000000,46,35,81,162,-15390000,6490000,8900000,0,10,5,5,20
1_1155,1720050000,198690000,581260000,2500000000,37,29,75,141,1850240000,200880000,448880000,2500000000,45,33,82,160,130190000,2190000,-132380000,0,8,4,7,19
1_1156,1759840000,207740000,532420000,2500000000,38,27,77,142,1837730000,220080000,442190000,2500000000,44,30,78,152,77890000,12340000,-90230000,0,6,3,1,10
1_1157,1627540000,422160000,450300000,2500000000,41,28,73,142,1666110000,428600000,405290000,2500000000,43,32,83,158,38570000,6440000,-45010000,0,2,4,10,16
1_1158,1301830000,733580000,464590000,2500000000,38,36,80,154,1208750000,735010000,556240000,2500000000,46,37,87,170,-93080000,1430000,91650000,0,8,1,7,16
1_1159,1795700000,43210000,661090000,2500000000,38,23,72,133,1893960000,43760000,562280000,2500000000,41,22,74,137,98260000,550000,-98810000,0,3,-1,2,4
1_1160,1820550000,155420000,524030000,2500000000,36,27,76,139,1790190000,158690000,551120000,2500000000,44,31,78,153,-30360000,3270000,27090000,0,8,4,2,14
1_1161,1865070000,154500000,480430000,2500000000,36,25,71,132,1818020000,154460000,527520000,2500000000,43,32,78,153,-47050000,-40000,47090000,0,7,7,7,21
1_1162,1772620000,36530000,690850000,2500000000,38,24,74,136,1763640000,38700000,697660000,2500000000,36,28,64,128,-8980000,2170000,6810000,0,-2,4,-10,-8
1_1163,1788690000,37080000,674230000,2500000000,39,27,79,145,1800840000,36250000,662910000,2500000000,43,29,74,146,12150000,-830000,-11320000,0,4,2,-5,1
1_1164,1621970000,95290000,782740000,2500000000,37,27,77,141,1868380000,102600000,529020000,2500000000,41,30,78,149,246410000,7310000,-253720000,0,4,3,1,8
1_1165,1803090000,212870000,484040000,2500000000,37,28,79,144,1908060000,223160000,368780000,2500000000,41,30,81,152,104970000,10290000,-115260000,0,4,2,2,8
1_1166,1704720000,25060000,770220000,2500000000,38,20,68,126,1805820000,27070000,667110000,2500000000,40,17,59,116,101100000,2010000,-103110000,0,2,-3,-9,-10
1_1167,1533930000,31010000,935060000,2500000000,38,24,71,133,1798940000,32660000,668400000,2500000000,40,20,68,128,265010000,1650000,-266660000,0,2,-4,-3,-5
1_1168,1655810000,51550000,792640000,2500000000,38,20,72,130,1888550000,56420000,555030000,2500000000,39,21,63,123,232740000,4870000,-237610000,0,1,1,-9,-7
1_1169,1736580000,83900000,679520000,2500000000,38,22,72,132,1767690000,93450000,638860000,2500000000,42,25,69,136,31110000,9550000,-40660000,0,4,3,-3,4
1_1170,1353770000,39850000,1106380000,2500000000,38,22,67,127,1447050000,39990000,1012960000,2500000000,41,26,66,133,93280000,140000,-93420000,0,3,4,-1,6
1_1171,1566190000,45420000,888390000,2500000000,38,22,69,129,1735330000,47470000,717200000,2500000000,40,23,67,130,169140000,2050000,-171190000,0,2,1,-2,1
1_1172,1597610000,36130000,866260000,2500000000,39,25,70,134,1611180000,36330000,852490000,2500000000,32,17,54,103,13570000,200000,-13770000,0,-7,-8,-16,-31
1_1173,1621320000,64840000,813840000,2500000000,39,24,75,138,1962160000,71470000,466370000,2500000000,35,17,66,118,340840000,6630000,-347470000,0,-4,-7,-9,-20
1_1174,104540000,80390000,2299710000,2484640000,31,38,84,153,109630000,81420000,2293590000,2484640000,38,39,90,167,5090000,1030000,-6120000,0,7,1,6,14
1_1175,1171320000,510830000,817850000,2500000000,34,31,77,142,1167480000,513680000,818840000,2500000000,46,36,81,163,-3840000,2850000,990000,0,12,5,4,21
1_1176,1138680000,583190000,778130000,2500000000,36,33,86,155,1114620000,590400000,794980000,2500000000,46,36,94,176,-24060000,7210000,16850000,0,10,3,8,21
1_1177,932960000,314560000,1252480000,2500000000,38,34,82,154,925470000,314030000,1260500000,2500000000,42,34,83,159,-7490000,-530000,8020000,0,4,0,1,5
1_1178,364040000,114280000,1951160000,2429480000,36,31,87,154,357170000,111220000,1961090000,2429480000,39,37,89,165,-6870000,-3060000,9930000,0,3,6,2,11
1_1179,1466160000,537450000,496390000,2500000000,40,32,81,153,1490020000,543000000,466980000,2500000000,46,36,87,169,23860000,5550000,-29410000,0,6,4,6,16
1_1180,967870000,1086690000,445440000,2500000000,37,33,79,149,1031920000,1069900000,398180000,2500000000,45,37,87,169,64050000,-16790000,-47260000,0,8,4,8,20
1_1181,452690000,14490000,1761180000,2228360000,37,33,85,155,456260000,14490000,1757610000,2228360000,39,35,77,151,3570000,0,-3570000,0,2,2,-8,-4
1_1182,1150010000,104200000,1245790000,2500000000,42,36,86,164,1123560000,101460000,1274980000,2500000000,45,37,95,177,-26450000,-2740000,29190000,0,3,1,9,13
1_1183,845850000,89510000,1564640000,2500000000,36,30,80,146,891540000,93950000,1514510000,2500000000,42,35,89,166,45690000,4440000,-50130000,0,6,5,9,20
1_1184,473020000,43130000,1944380000,2460530000,36,30,83,149,522640000,45560000,1892330000,2460530000,41,36,86,163,49620000,2430000,-52050000,0,5,6,3,14
1_1185,1739860000,94600000,665540000,2500000000,38,30,76,144,1929070000,111940000,458990000,2500000000,44,33,78,155,189210000,17340000,-206550000,0,6,3,2,11
1_1186,1234750000,180650000,1084600000,2500000000,43,37,89,169,1292110000,185460000,1022430000,2500000000,45,37,91,173,57360000,4810000,-62170000,0,2,0,2,4
1_1187,1524840000,18740000,956420000,2500000000,38,23,73,134,1691890000,18800000,789310000,2500000000,28,17,54,99,167050000,60000,-167110000,0,-10,-6,-19,-35
1_1188,1784670000,105810000,609520000,2500000000,38,24,73,135,1872590000,110160000,517250000,2500000000,41,27,74,142,87920000,4350000,-92270000,0,3,3,1,7
1_1189,773040000,105850000,1621110000,2500000000,33,21,52,106,772070000,102910000,1625020000,2500000000,34,19,57,110,-970000,-2940000,3910000,0,1,-2,5,4
1_1190,769470000,80910000,1649620000,2500000000,36,21,61,118,778310000,74540000,1647150000,2500000000,33,18,63,114,8840000,-6370000,-2470000,0,-3,-3,2,-4
1_1191,315160000,120480000,2064360000,2500000000,20,27,64,111,314120000,120450000,2065430000,2500000000,22,24,56,102,-1040000,-30000,1070000,0,2,-3,-8,-9
1_1192,648070000,70510000,1781420000,2500000000,26,20,56,102,647960000,70510000,1781530000,2500000000,25,20,55,100,-110000,0,110000,0,-1,0,-1,-2
1_1193,171640000,112140000,2216220000,2500000000,21,27,67,115,171540000,112860000,2215600000,2500000000,29,28,68,125,-100000,720000,-620000,0,8,1,1,10
1_1194,764820000,22700000,1712480000,2500000000,32,26,62,120,777570000,22560000,1699870000,2500000000,29,22,64,115,12750000,-140000,-12610000,0,-3,-4,2,-5
1_1195,511310000,13540000,1975150000,2500000000,33,22,67,122,499010000,13540000,1987450000,2500000000,34,22,62,118,-12300000,0,12300000,0,1,0,-5,-4
1_1196,1052880000,5260000,1441860000,2500000000,34,26,62,122,1118180000,5570000,1376250000,2500000000,31,23,57,111,65300000,310000,-65610000,0,-3,-3,-5,-11
1_1197,1220820000,4500000,1274680000,2500000000,35,26,66,127,1306910000,4370000,1188720000,2500000000,38,27,66,131,86090000,-130000,-85960000,0,3,1,0,4
1_1198,787050000,31470000,1681480000,2500000000,24,11,44,79,782120000,31470000,1686410000,2500000000,23,17,50,90,-4930000,0,4930000,0,-1,6,6,11
1_1199,821970000,21260000,1656770000,2500000000,30,21,58,109,813150000,21290000,1665560000,2500000000,26,17,53,96,-8820000,30000,8790000,0,-4,-4,-5,-13
1_1200,499160000,6270000,1994570000,2500000000,33,23,60,116,501700000,6350000,1991950000,2500000000,26,23,66,115,2540000,80000,-2620000,0,-7,0,6,-1
1_1201,317080000,46520000,2136400000,2500000000,21,22,61,104,317120000,46320000,2136560000,2500000000,26,22,61,109,40000,-200000,160000,0,5,0,0,5
1_1202,784940000,143330000,1571730000,2500000000,30,30,74,134,776980000,144070000,1578950000,2500000000,32,27,74,133,-7960000,740000,7220000,0,2,-3,0,-1
1_1203,643610000,29570000,1826820000,2500000000,36,34,75,145,640110000,29650000,1830240000,2500000000,32,26,64,122,-3500000,80000,3420000,0,-4,-8,-11,-23
1_1204,171270000,32040000,2118230000,2321540000,26,25,68,119,171440000,32040000,2118060000,2321540000,31,27,66,124,170000,0,-170000,0,5,2,-2,5
1_1205,268340000,56470000,2175190000,2500000000,23,30,70,123,268210000,56210000,2175580000,2500000000,29,28,63,120,-130000,-260000,390000,0,6,-2,-7,-3
1_1206,562980000,54830000,1882190000,2500000000,28,23,65,116,561970000,54830000,1883200000,2500000000,28,23,66,117,-1010000,0,1010000,0,0,0,1,1
1_1207,1356410000,8100000,1135490000,2500000000,38,26,68,132,1459470000,8160000,1032370000,2500000000,31,22,65,118,103060000,60000,-103120000,0,-7,-4,-3,-14
1_1208,1413540000,30410000,1056050000,2500000000,37,21,64,122,1686400000,30700000,782900000,2500000000,36,22,57,115,272860000,290000,-273150000,0,-1,1,-7,-7
1_1209,1274440000,23140000,1202420000,2500000000,38,21,73,132,1369560000,27100000,1103340000,2500000000,42,24,69,135,95120000,3960000,-99080000,0,4,3,-4,3
1_1210,1429480000,24440000,1046080000,2500000000,38,23,73,134,1559760000,24210000,916030000,2500000000,39,21,65,125,130280000,-230000,-130050000,0,1,-2,-8,-9
1_1211,1258690000,3950000,1237360000,2500000000,35,28,68,131,1270680000,3950000,1225370000,2500000000,32,19,56,107,11990000,0,-11990000,0,-3,-9,-12,-24
1_1212,1426130000,3350000,1070520000,2500000000,36,28,66,130,1435920000,3330000,1060750000,2500000000,36,21,62,119,9790000,-20000,-9770000,0,0,-7,-4,-11
1_1213,1690200000,6840000,802960000,2500000000,38,25,71,134,1828470000,6820000,664710000,2500000000,38,15,55,108,138270000,-20000,-138250000,0,0,-10,-16,-26
1_1214,1399610000,4280000,1096110000,2500000000,39,23,71,133,1602790000,4980000,892230000,2500000000,37,20,66,123,203180000,700000,-203880000,0,-2,-3,-5,-10
1_1215,148460000,1660000,2349880000,2500000000,21,26,58,105,148930000,1660000,2349410000,2500000000,17,21,50,88,470000,0,-470000,0,-4,-5,-8,-17
1_1216,354140000,470000,2145390000,2500000000,25,28,63,116,355280000,460000,2144260000,2500000000,29,25,64,118,1140000,-10000,-1130000,0,4,-3,1,2
1_1217,1105960000,0,1394040000,2500000000,31,30,63,124,1120690000,0,1379310000,2500000000,28,14,58,100,14730000,0,-14730000,0,-3,-16,-5,-24
1_1218,611390000,28410000,1860200000,2500000000,30,29,74,133,609670000,28740000,1861590000,2500000000,32,28,69,129,-1720000,330000,1390000,0,2,-1,-5,-4
1_1219,483610000,30130000,1986260000,2500000000,21,19,53,93,483770000,30130000,1986100000,2500000000,24,21,57,102,160000,0,-160000,0,3,2,4,9
1_1220,675420000,60090000,1764490000,2500000000,29,21,60,110,675400000,60090000,1764510000,2500000000,24,20,49,93,-20000,0,20000,0,-5,-1,-11,-17
1_1221,622240000,48290000,1829470000,2500000000,25,26,60,111,622100000,48290000,1829610000,2500000000,23,26,65,114,-140000,0,140000,0,-2,0,5,3
1_1222,453710000,37060000,2009230000,2500000000,20,27,61,108,453630000,37060000,2009310000,2500000000,21,18,52,91,-80000,0,80000,0,1,-9,-9,-17
1_1223,762160000,127330000,1610510000,2500000000,24,27,61,112,761390000,127380000,1611230000,2500000000,28,23,71,122,-770000,50000,720000,0,4,-4,10,10
1_1224,1234010000,16100000,1249890000,2500000000,37,22,70,129,1457570000,15980000,1026450000,2500000000,33,21,57,111,223560000,-120000,-223440000,0,-4,-1,-13,-18
1_1225,1414330000,19920000,1065750000,2500000000,38,23,73,134,1592700000,19470000,887830000,2500000000,38,17,63,118,178370000,-450000,-177920000,0,0,-6,-10,-16
1_1226,1359360000,19000000,1121640000,2500000000,38,22,69,129,1434560000,19040000,1046400000,2500000000,35,17,59,111,75200000,40000,-75240000,0,-3,-5,-10,-18
1_1227,259890000,0,2240110000,2500000000,26,23,55,104,263040000,0,2236960000,2500000000,24,20,56,100,3150000,0,-3150000,0,-2,-3,1,-4
1_1228,982890000,300000,1516810000,2500000000,33,30,62,125,1006040000,300000,1493660000,2500000000,28,14,46,88,23150000,0,-23150000,0,-5,-16,-16,-37
1_1229,795250000,71440000,1633310000,2500000000,12,17,51,80,792240000,71800000,1635960000,2500000000,21,15,46,82,-3010000,360000,2650000,0,9,-2,-5,2
1_1230,34950000,283470000,2181580000,2500000000,12,16,50,78,119170000,250490000,2130340000,2500000000,15,16,54,85,84220000,-32980000,-51240000,0,3,0,4,7
1_1231,100620000,493410000,1905970000,2500000000,25,30,75,130,130900000,438690000,1930410000,2500000000,24,28,76,128,30280000,-54720000,24440000,0,-1,-2,1,-2
1_1232,422240000,724990000,1352770000,2500000000,29,27,85,141,477400000,681630000,1340970000,2500000000,24,21,61,106,55160000,-43360000,-11800000,0,-5,-6,-24,-35
1_1233,39840000,691870000,1768290000,2500000000,25,35,90,150,105220000,618700000,1776080000,2500000000,15,28,71,114,65380000,-73170000,7790000,0,-10,-7,-19,-36
1_1234,1196180000,286930000,1016890000,2500000000,40,25,77,142,1183190000,281070000,1035740000,2500000000,29,22,69,120,-12990000,-5860000,18850000,0,-11,-3,-8,-22
1_1235,56600000,570090000,1873310000,2500000000,11,21,55,87,56870000,557200000,1885930000,2500000000,8,15,49,72,270000,-12890000,12620000,0,-3,-6,-6,-15
1_1236,11900000,922240000,1565860000,2500000000,7,17,46,70,24260000,893750000,1581990000,2500000000,5,18,49,72,12360000,-28490000,16130000,0,-2,1,3,2
1_1237,377580000,1116990000,1005430000,2500000000,24,20,57,101,330770000,1033690000,1135540000,2500000000,17,14,59,90,-46810000,-83300000,130110000,0,-7,-6,2,-11
1_1238,298880000,1203720000,997400000,2500000000,16,16,54,86,221650000,1157330000,1121020000,2500000000,15,11,44,70,-77230000,-46390000,123620000,0,-1,-5,-10,-16
1_1239,181920000,937670000,1380410000,2500000000,22,32,78,132,461250000,886360000,1152390000,2500000000,19,25,69,113,279330000,-51310000,-228020000,0,-3,-7,-9,-19
1_1240,30660000,595930000,1873410000,2500000000,16,28,66,110,35260000,588260000,1876480000,2500000000,13,25,62,100,4600000,-7670000,3070000,0,-3,-3,-4,-10
1_1241,883700000,359880000,1256420000,2500000000,25,25,70,120,1303310000,305530000,891160000,2500000000,21,16,53,90,419610000,-54350000,-365260000,0,-4,-9,-17,-30
1_1242,229470000,769150000,1501380000,2500000000,23,24,62,109,262930000,735460000,1501610000,2500000000,23,19,68,110,33460000,-33690000,230000,0,0,-5,6,1
1_1243,376250000,558220000,1565530000,2500000000,25,28,82,135,616920000,513390000,1369690000,2500000000,16,20,67,103,240670000,-44830000,-195840000,0,-9,-8,-15,-32
1_1244,149010000,1422780000,928210000,2500000000,31,25,79,135,169070000,1400280000,930650000,2500000000,26,22,62,110,20060000,-22500000,2440000,0,-5,-3,-17,-25
1_1245,408950000,905840000,1185210000,2500000000,30,24,70,124,451330000,878040000,1170630000,2500000000,27,14,54,95,42380000,-27800000,-14580000,0,-3,-10,-16,-29
1_1246,163610000,616830000,1719560000,2500000000,24,24,66,114,187880000,615780000,1696340000,2500000000,24,14,58,96,24270000,-1050000,-23220000,0,0,-10,-8,-18
1_1247,0,51800000,2004920000,2056720000,11,14,32,57,0,47470000,2009250000,2056720000,7,9,35,51,0,-4330000,4330000,0,-4,-5,3,-6
1_1248,44010000,457430000,1998560000,2500000000,15,19,46,80,50260000,439800000,2009940000,2500000000,11,11,43,65,6250000,-17630000,11380000,0,-4,-8,-3,-15
1_1249,366990000,732820000,1400190000,2500000000,23,27,63,113,397970000,721050000,1380980000,2500000000,23,21,65,109,30980000,-11770000,-19210000,0,0,-6,2,-4
1_1250,561910000,683870000,1254220000,2500000000,28,20,62,110,530020000,640780000,1329200000,2500000000,23,16,60,99,-31890000,-43090000,74980000,0,-5,-4,-2,-11
1_1251,138940000,812830000,1548230000,2500000000,13,18,51,82,127700000,801320000,1570980000,2500000000,10,14,49,73,-11240000,-11510000,22750000,0,-3,-4,-2,-9
1_1252,77020000,250160000,2172820000,2500000000,19,14,50,83,83730000,239270000,2177000000,2500000000,13,13,48,74,6710000,-10890000,4180000,0,-6,-1,-2,-9
1_1253,558970000,564710000,1376320000,2500000000,34,28,79,141,725820000,541060000,1233120000,2500000000,32,26,79,137,166850000,-23650000,-143200000,0,-2,-2,0,-4
1_1254,289440000,408200000,1802360000,2500000000,21,20,55,96,245250000,389020000,1865730000,2500000000,24,19,61,104,-44190000,-19180000,63370000,0,3,-1,6,8
1_1255,107520000,1027640000,1364840000,2500000000,22,29,60,111,147220000,1008300000,1344480000,2500000000,14,18,49,81,39700000,-19340000,-20360000,0,-8,-11,-11,-30
1_1256,279290000,538380000,1682330000,2500000000,14,19,48,81,306530000,505730000,1687740000,2500000000,14,16,51,81,27240000,-32650000,5410000,0,0,-3,3,0
1_1257,6150000,1977790000,516060000,2500000000,19,21,59,99,6180000,1937490000,556330000,2500000000,15,18,52,85,30000,-40300000,40270000,0,-4,-3,-7,-14
1_1258,141420000,1224570000,1134010000,2500000000,25,30,76,131,177070000,1199990000,1122940000,2500000000,27,27,81,135,35650000,-24580000,-11070000,0,2,-3,5,4
1_1259,366770000,464700000,1619290000,2450760000,21,23,62,106,374120000,405150000,1671490000,2450760000,23,24,74,121,7350000,-59550000,52200000,0,2,1,12,15
1_1260,327970000,513490000,1658540000,2500000000,14,19,53,86,382710000,485980000,1631310000,2500000000,15,13,47,75,54740000,-27510000,-27230000,0,1,-6,-6,-11
1_1261,672140000,353890000,1473970000,2500000000,21,20,51,92,673700000,366980000,1459320000,2500000000,20,19,64,103,1560000,13090000,-14650000,0,-1,-1,13,11
1_1262,268580000,284550000,1946870000,2500000000,36,27,70,133,222490000,214280000,2063230000,2500000000,25,23,64,112,-46090000,-70270000,116360000,0,-11,-4,-6,-21
1_1263,700540000,1495230000,304230000,2500000000,23,22,77,122,830930000,1377630000,291440000,2500000000,23,23,72,118,130390000,-117600000,-12790000,0,0,1,-5,-4
1_1264,447160000,1736750000,316090000,2500000000,33,29,92,154,435160000,1712920000,351920000,2500000000,28,21,83,132,-12000000,-23830000,35830000,0,-5,-8,-9,-22
1_1265,673110000,1516710000,310180000,2500000000,26,22,71,119,636000000,1498810000,365190000,2500000000,25,22,79,126,-37110000,-17900000,55010000,0,-1,0,8,7
1_1266,1198400000,502580000,799020000,2500000000,37,19,71,127,1202170000,512060000,785770000,2500000000,41,17,63,121,3770000,9480000,-13250000,0,4,-2,-8,-6
1_1267,333800000,1914430000,251770000,2500000000,30,22,76,128,314840000,1889230000,295930000,2500000000,30,19,83,132,-18960000,-25200000,44160000,0,0,-3,7,4
1_1268,363420000,1666190000,470390000,2500000000,26,29,89,144,358670000,1647110000,494220000,2500000000,32,29,89,150,-4750000,-19080000,23830000,0,6,0,0,6
1_1269,340460000,1805110000,354430000,2500000000,21,17,64,102,313360000,1796120000,390520000,2500000000,26,20,75,121,-27100000,-8990000,36090000,0,5,3,11,19
1_1270,7500000,2273400000,219100000,2500000000,22,28,81,131,5910000,2268320000,225770000,2500000000,18,28,73,119,-1590000,-5080000,6670000,0,-4,0,-8,-12
1_1271,260860000,1939780000,299360000,2500000000,30,26,80,136,249670000,1937590000,312740000,2500000000,29,25,86,140,-11190000,-2190000,13380000,0,-1,-1,6,4
1_1272,286440000,1823370000,390190000,2500000000,26,29,84,139,305390000,1789600000,405010000,2500000000,32,29,92,153,18950000,-33770000,14820000,0,6,0,8,14
1_1273,501870000,1672630000,325500000,2500000000,29,24,82,135,534780000,1635340000,329880000,2500000000,30,26,79,135,32910000,-37290000,4380000,0,1,2,-3,0
1_1274,284460000,1311750000,903790000,2500000000,25,33,83,141,337350000,1218090000,944560000,2500000000,27,31,91,149,52890000,-93660000,40770000,0,2,-2,8,8
1_1275,492600000,1521050000,486350000,2500000000,24,29,80,133,489750000,1445250000,565000000,2500000000,26,28,86,140,-2850000,-75800000,78650000,0,2,-1,6,7
1_1276,813450000,1112470000,574080000,2500000000,33,33,92,158,768790000,1053190000,678020000,2500000000,38,27,90,155,-44660000,-59280000,103940000,0,5,-6,-2,-3
1_1277,169420000,1769570000,561010000,2500000000,29,31,93,153,181310000,1736630000,582060000,2500000000,32,32,97,161,11890000,-32940000,21050000,0,3,1,4,8
1_1278,498510000,1229280000,772210000,2500000000,30,23,80,133,451520000,1128250000,920230000,2500000000,35,27,85,147,-46990000,-101030000,148020000,0,5,4,5,14
1_1279,455620000,1344500000,699880000,2500000000,25,30,80,135,444560000,1194570000,860870000,2500000000,30,33,91,154,-11060000,-149930000,160990000,0,5,3,11,19
1_1280,779960000,1555340000,164700000,2500000000,29,17,64,110,774510000,1548840000,176650000,2500000000,23,16,64,103,-5450000,-6500000,11950000,0,-6,-1,0,-7
1_1281,1214020000,772020000,513960000,2500000000,25,20,67,112,1280690000,732240000,487070000,2500000000,35,14,63,112,66670000,-39780000,-26890000,0,10,-6,-4,0
1_1282,245090000,1919640000,335270000,2500000000,27,27,86,140,231790000,1889420000,378790000,2500000000,28,29,84,141,-13300000,-30220000,43520000,0,1,2,-2,1
1_1283,111300000,1878300000,510400000,2500000000,27,27,85,139,104510000,1814790000,580700000,2500000000,29,28,93,150,-6790000,-63510000,70300000,0,2,1,8,11
1_1284,18280000,2031620000,450100000,2500000000,25,38,90,153,15560000,2048000000,436440000,2500000000,22,35,83,140,-2720000,16380000,-13660000,0,-3,-3,-7,-13
1_1285,118610000,1845840000,535550000,2500000000,32,35,101,168,118690000,1832470000,548840000,2500000000,36,35,98,169,80000,-13370000,13290000,0,4,0,-3,1
1_1286,4420000,2205220000,290360000,2500000000,22,30,74,126,5650000,2276610000,217740000,2500000000,18,28,78,124,1230000,71390000,-72620000,0,-4,-2,4,-2
1_1287,13350000,1943900000,542750000,2500000000,29,39,98,166,14020000,1961030000,524950000,2500000000,22,28,82,132,670000,17130000,-17800000,0,-7,-11,-16,-34
1_1288,206050000,1753170000,540780000,2500000000,25,33,88,146,268700000,1623180000,608120000,2500000000,29,33,94,156,62650000,-129990000,67340000,0,4,0,6,10
1_1289,217600000,1715230000,567170000,2500000000,27,36,92,155,254650000,1618250000,627100000,2500000000,29,36,100,165,37050000,-96980000,59930000,0,2,0,8,10
1_1290,30660000,2200640000,268700000,2500000000,18,29,77,124,35840000,2187000000,277160000,2500000000,23,27,78,128,5180000,-13640000,8460000,0,5,-2,1,4
1_1291,33740000,2123600000,342660000,2500000000,19,29,80,128,33570000,2154280000,312150000,2500000000,25,33,89,147,-170000,30680000,-30510000,0,6,4,9,19
1_1292,183020000,1898240000,418740000,2500000000,27,25,78,130,169700000,1829550000,500750000,2500000000,30,27,81,138,-13320000,-68690000,82010000,0,3,2,3,8
1_1293,98670000,1627860000,773470000,2500000000,25,39,93,157,106090000,1566320000,827590000,2500000000,29,36,96,161,7420000,-61540000,54120000,0,4,-3,3,4
1_1294,557150000,1067240000,875610000,2500000000,35,31,98,164,612460000,994960000,892580000,2500000000,31,25,84,140,55310000,-72280000,16970000,0,-4,-6,-14,-24
1_1295,771510000,897340000,831150000,2500000000,42,37,102,181,744960000,832580000,922460000,2500000000,41,40,105,186,-26550000,-64760000,91310000,0,-1,3,3,5
1_1296,904590000,523770000,1071640000,2500000000,31,23,72,126,843330000,509850000,1146820000,2500000000,38,22,82,142,-61260000,-13920000,75180000,0,7,-1,10,16
1_1297,803310000,798660000,898030000,2500000000,36,38,101,175,811520000,734850000,953630000,2500000000,36,23,87,146,8210000,-63810000,55600000,0,0,-15,-14,-29
1_1298,680050000,1547450000,272500000,2500000000,25,20,60,105,737680000,1480700000,281620000,2500000000,27,16,73,116,57630000,-66750000,9120000,0,2,-4,13,11
1_1299,448790000,1535330000,515880000,2500000000,34,30,97,161,479230000,1465210000,555560000,2500000000,37,30,100,167,30440000,-70120000,39680000,0,3,0,3,6
1_1300,1698430000,360480000,441090000,2500000000,26,18,68,112,1794860000,312840000,392300000,2500000000,28,17,68,113,96430000,-47640000,-48790000,0,2,-1,0,1
1_1301,1689470000,414450000,396080000,2500000000,26,17,69,112,1721180000,417870000,360950000,2500000000,34,14,72,120,31710000,3420000,-35130000,0,8,-3,3,8
1_1302,222730000,1718550000,558720000,2500000000,21,24,73,118,220590000,1676420000,602990000,2500000000,28,20,76,124,-2140000,-42130000,44270000,0,7,-4,3,6
1_1303,146580000,1935010000,418410000,2500000000,17,23,65,105,159970000,1895810000,444220000,2500000000,24,25,76,125,13390000,-39200000,25810000,0,7,2,11,20
1_1304,871980000,979670000,648350000,2500000000,21,21,70,112,881870000,1021920000,596210000,2500000000,26,20,65,111,9890000,42250000,-52140000,0,5,-1,-5,-1
1_1305,1213840000,703960000,582200000,2500000000,25,18,64,107,1268350000,696540000,535110000,2500000000,33,15,60,108,54510000,-7420000,-47090000,0,8,-3,-4,1
1_1306,134290000,1664970000,700740000,2500000000,25,32,81,138,134790000,1684670000,680540000,2500000000,28,33,91,152,500000,19700000,-20200000,0,3,1,10,14
1_1307,89840000,1905540000,504620000,2500000000,19,26,72,117,86870000,2003600000,409530000,2500000000,25,26,79,130,-2970000,98060000,-95090000,0,6,0,7,13
1_1308,707150000,1166510000,626340000,2500000000,25,32,74,131,701340000,1279800000,518860000,2500000000,28,26,81,135,-5810000,113290000,-107480000,0,3,-6,7,4
1_1309,1181020000,802580000,516400000,2500000000,25,19,65,109,1199140000,868670000,432190000,2500000000,28,22,67,117,18120000,66090000,-84210000,0,3,3,2,8
1_1310,97510000,1451940000,950550000,2500000000,26,35,85,146,91580000,1392620000,1015800000,2500000000,29,36,99,164,-5930000,-59320000,65250000,0,3,1,14,18
1_1311,53070000,1811230000,635700000,2500000000,18,32,81,131,60010000,1760910000,679080000,2500000000,27,35,92,154,6940000,-50320000,43380000,0,9,3,11,23
1_1312,705900000,1323250000,470850000,2500000000,23,25,80,128,722230000,1203200000,574570000,2500000000,27,29,85,141,16330000,-120050000,103720000,0,4,4,5,13
1_1313,262660000,1634620000,602720000,2500000000,19,30,75,124,271730000,1658860000,569410000,2500000000,28,30,86,144,9070000,24240000,-33310000,0,9,0,11,20
1_1314,440070000,1335980000,723950000,2500000000,38,40,99,177,441530000,1274430000,784040000,2500000000,29,29,83,141,1460000,-61550000,60090000,0,-9,-11,-16,-36
1_1315,98020000,926560000,1475420000,2500000000,19,33,79,131,118710000,918090000,1463200000,2500000000,23,30,76,129,20690000,-8470000,-12220000,0,4,-3,-3,-2
1_1316,840710000,767920000,891370000,2500000000,32,27,87,146,789160000,723550000,987290000,2500000000,30,23,89,142,-51550000,-44370000,95920000,0,-2,-4,2,-4
1_1317,355020000,1830740000,314240000,2500000000,30,27,79,136,378760000,1775280000,345960000,2500000000,22,20,74,116,23740000,-55460000,31720000,0,-8,-7,-5,-20
1_1318,902830000,980490000,616680000,2500000000,43,38,102,183,895120000,1002800000,602080000,2500000000,47,36,106,189,-7710000,22310000,-14600000,0,4,-2,4,6
1_1319,298380000,1402340000,799280000,2500000000,25,32,82,139,355380000,1352440000,792180000,2500000000,24,23,71,118,57000000,-49900000,-7100000,0,-1,-9,-11,-21
1_1320,1185440000,596370000,718190000,2500000000,34,20,73,127,1188270000,623260000,688470000,2500000000,40,26,85,151,2830000,26890000,-29720000,0,6,6,12,24
1_1321,893120000,799700000,807180000,2500000000,45,29,96,170,879890000,839650000,780460000,2500000000,49,27,90,166,-13230000,39950000,-26720000,0,4,-2,-6,-4
1_1322,1224340000,527870000,747790000,2500000000,47,33,92,172,1182050000,592900000,725050000,2500000000,47,24,86,157,-42290000,65030000,-22740000,0,0,-9,-6,-15
1_1323,996820000,577090000,926090000,2500000000,36,27,89,152,999170000,600020000,900810000,2500000000,44,28,97,169,2350000,22930000,-25280000,0,8,1,8,17
1_1324,453890000,1171720000,874390000,2500000000,45,33,92,170,441800000,1166930000,891270000,2500000000,45,29,94,168,-12090000,-4790000,16880000,0,0,-4,2,-2
1_1325,177350000,1800300000,522350000,2500000000,21,30,73,124,144730000,1867100000,488170000,2500000000,22,27,87,136,-32620000,66800000,-34180000,0,1,-3,14,12
1_1326,1351580000,471380000,677040000,2500000000,27,10,56,93,1434170000,368640000,697190000,2500000000,28,15,59,102,82590000,-102740000,20150000,0,1,5,3,9
1_1327,438380000,1612300000,449320000,2500000000,13,21,59,93,457890000,1646510000,395600000,2500000000,21,20,63,104,19510000,34210000,-53720000,0,8,-1,4,11
1_1328,1531850000,247660000,720490000,2500000000,34,14,48,96,1584840000,221110000,694050000,2500000000,37,17,57,111,52990000,-26550000,-26440000,0,3,3,9,15
1_1329,1468860000,429790000,601350000,2500000000,35,16,59,110,1481110000,402860000,616030000,2500000000,43,19,63,125,12250000,-26930000,14680000,0,8,3,4,15
1_1330,1593940000,428560000,477500000,2500000000,26,9,53,88,1640900000,438470000,420630000,2500000000,30,17,52,99,46960000,9910000,-56870000,0,4,8,-1,11
1_1331,1263160000,337930000,898910000,2500000000,31,13,63,107,1279140000,418460000,802400000,2500000000,39,18,67,124,15980000,80530000,-96510000,0,8,5,4,17
1_1332,229170000,1684820000,586010000,2500000000,19,24,72,115,231200000,1750720000,518080000,2500000000,26,25,73,124,2030000,65900000,-67930000,0,7,1,1,9
1_1333,865330000,657180000,977490000,2500000000,36,28,79,143,892260000,606310000,1001430000,2500000000,46,26,79,151,26930000,-50870000,23940000,0,10,-2,0,8
1_1334,372390000,1343980000,783630000,2500000000,28,32,83,143,396610000,1313360000,790030000,2500000000,20,21,69,110,24220000,-30620000,6400000,0,-8,-11,-14,-33
1_1335,1589580000,433600000,476820000,2500000000,44,28,79,151,1585060000,438900000,476040000,2500000000,48,26,87,161,-4520000,5300000,-780000,0,4,-2,8,10
1_1336,906210000,864230000,729560000,2500000000,36,27,88,151,906630000,883910000,709460000,2500000000,36,21,81,138,420000,19680000,-20100000,0,0,-6,-7,-13
1_1337,1190460000,721460000,588080000,2500000000,32,24,89,145,1216440000,727890000,555670000,2500000000,37,24,94,155,25980000,6430000,-32410000,0,5,0,5,10
1_1338,248420000,1703620000,547960000,2500000000,22,26,70,118,237100000,1813140000,449760000,2500000000,24,34,89,147,-11320000,109520000,-98200000,0,2,8,19,29
1_1339,369140000,1312980000,817880000,2500000000,33,24,84,141,364850000,1281540000,853610000,2500000000,33,26,81,140,-4290000,-31440000,35730000,0,0,2,-3,-1
1_1340,1185710000,386310000,927980000,2500000000,34,18,73,125,1303630000,329190000,867180000,2500000000,33,15,67,115,117920000,-57120000,-60800000,0,-1,-3,-6,-10
1_1341,702430000,1202440000,595130000,2500000000,35,30,90,155,751980000,1166730000,581290000,2500000000,41,32,92,165,49550000,-35710000,-13840000,0,6,2,2,10
1_1342,370240000,1466240000,663520000,2500000000,43,34,96,173,393450000,1300640000,805910000,2500000000,44,34,100,178,23210000,-165600000,142390000,0,1,0,4,5
1_1343,853930000,747360000,898710000,2500000000,37,36,92,165,897310000,524170000,1078520000,2500000000,39,32,86,157,43380000,-223190000,179810000,0,2,-4,-6,-8
1_1344,746410000,1282040000,471550000,2500000000,38,37,97,172,825150000,958740000,716110000,2500000000,43,38,92,173,78740000,-323300000,244560000,0,5,1,-5,1
1_1345,533790000,1665820000,300390000,2500000000,37,30,85,152,547560000,1614550000,337890000,2500000000,37,26,77,140,13770000,-51270000,37500000,0,0,-4,-8,-12
1_1346,1231500000,919040000,349460000,2500000000,38,32,87,157,1253530000,897580000,348890000,2500000000,43,34,91,168,22030000,-21460000,-570000,0,5,2,4,11
1_1347,688300000,1245920000,565780000,2500000000,36,33,86,155,741120000,1120290000,638590000,2500000000,35,27,83,145,52820000,-125630000,72810000,0,-1,-6,-3,-10
1_1348,791850000,1187790000,520360000,2500000000,38,31,90,159,811110000,988330000,700560000,2500000000,37,30,85,152,19260000,-199460000,180200000,0,-1,-1,-5,-7
1_1349,516050000,1473500000,510450000,2500000000,34,36,86,156,528890000,1334950000,636160000,2500000000,38,36,88,162,12840000,-138550000,125710000,0,4,0,2,6
1_1350,425550000,1691230000,383220000,2500000000,35,39,89,163,446370000,1613610000,440020000,2500000000,36,33,88,157,20820000,-77620000,56800000,0,1,-6,-1,-6
1_1351,226490000,1916270000,357240000,2500000000,35,39,89,163,217050000,1860520000,422430000,2500000000,32,33,86,151,-9440000,-55750000,65190000,0,-3,-6,-3,-12
1_1352,521870000,1476130000,502000000,2500000000,33,36,92,161,542350000,1336420000,621230000,2500000000,37,31,86,154,20480000,-139710000,119230000,0,4,-5,-6,-7
1_1353,700690000,1409180000,390130000,2500000000,34,32,86,152,761390000,1280000000,458610000,2500000000,40,28,85,153,60700000,-129180000,68480000,0,6,-4,-1,1
1_1354,232120000,1996750000,271130000,2500000000,34,33,86,153,243690000,1909870000,346440000,2500000000,39,31,88,158,11570000,-86880000,75310000,0,5,-2,2,5
1_1355,558640000,1757300000,184060000,2500000000,37,35,87,159,608100000,1664970000,226930000,2500000000,42,33,89,164,49460000,-92330000,42870000,0,5,-2,2,5
1_1356,553380000,1685170000,261450000,2500000000,36,39,93,168,534220000,1636820000,328960000,2500000000,39,37,90,166,-19160000,-48350000,67510000,0,3,-2,-3,-2
1_1357,1045030000,1216210000,238760000,2500000000,37,32,89,158,1058940000,1134270000,306790000,2500000000,40,30,81,151,13910000,-81940000,68030000,0,3,-2,-8,-7
1_1358,779930000,1469030000,251040000,2500000000,38,32,89,159,790250000,1394000000,315750000,2500000000,40,32,86,158,10320000,-75030000,64710000,0,2,0,-3,-1
1_1359,350640000,1861170000,288190000,2500000000,38,30,89,157,379250000,1745790000,374960000,2500000000,40,34,89,163,28610000,-115380000,86770000,0,2,4,0,6
1_1360,440010000,1833380000,226610000,2500000000,39,33,90,162,460950000,1741170000,297880000,2500000000,43,32,90,165,20940000,-92210000,71270000,0,4,-1,0,3
1_1361,425100000,358770000,1687460000,2471330000,41,38,80,159,388230000,326410000,1756690000,2471330000,44,32,81,157,-36870000,-32360000,69230000,0,3,-6,1,-2
1_1362,727670000,1243680000,528650000,2500000000,39,32,85,156,746250000,1097000000,656750000,2500000000,44,32,89,165,18580000,-146680000,128100000,0,5,0,4,9
1_1363,74770000,918940000,1506290000,2500000000,38,38,97,173,80980000,889000000,1530020000,2500000000,40,36,85,161,6210000,-29940000,23730000,0,2,-2,-12,-12
1_1364,1319450000,802100000,378450000,2500000000,36,20,72,128,1387350000,780940000,331710000,2500000000,41,21,76,138,67900000,-21160000,-46740000,0,5,1,4,10
1_1365,487390000,1808690000,203920000,2500000000,36,33,101,170,519760000,1780750000,199490000,2500000000,37,27,88,152,32370000,-27940000,-4430000,0,1,-6,-13,-18
1_1366,1226820000,765830000,507350000,2500000000,40,26,87,153,1353780000,744280000,401940000,2500000000,44,22,79,145,126960000,-21550000,-105410000,0,4,-4,-8,-8
1_1367,904780000,1228320000,366900000,2500000000,37,30,92,159,904040000,1132080000,463880000,2500000000,39,29,85,153,-740000,-96240000,96980000,0,2,-1,-7,-6
1_1368,1530960000,568530000,400510000,2500000000,42,27,93,162,1505600000,522150000,472250000,2500000000,45,22,81,148,-25360000,-46380000,71740000,0,3,-5,-12,-14
1_1369,911100000,1104210000,484690000,2500000000,38,33,90,161,993130000,901640000,605230000,2500000000,41,31,90,162,82030000,-202570000,120540000,0,3,-2,0,1
1_1370,1414160000,705360000,380480000,2500000000,45,29,93,167,1410670000,653960000,435370000,2500000000,44,29,88,161,-3490000,-51400000,54890000,0,-1,0,-5,-6
1_1371,1289370000,557880000,652750000,2500000000,42,22,78,142,1310700000,486290000,703010000,2500000000,45,27,75,147,21330000,-71590000,50260000,0,3,5,-3,5
1_1372,1594340000,338710000,566950000,2500000000,46,27,92,165,1645580000,342950000,511470000,2500000000,45,24,81,150,51240000,4240000,-55480000,0,-1,-3,-11,-15
1_1373,375680000,1910940000,213380000,2500000000,37,29,88,154,389630000,1796860000,313510000,2500000000,34,24,86,144,13950000,-114080000,100130000,0,-3,-5,-2,-10
1_1374,630020000,1528510000,341470000,2500000000,39,28,83,150,725120000,1158030000,616850000,2500000000,41,27,87,155,95100000,-370480000,275380000,0,2,-1,4,5
1_1375,199950000,1818670000,481380000,2500000000,37,30,93,160,222940000,1712480000,564580000,2500000000,37,33,93,163,22990000,-106190000,83200000,0,0,3,0,3
1_1376,710840000,1517690000,271470000,2500000000,40,31,85,156,736190000,1398240000,365570000,2500000000,40,28,84,152,25350000,-119450000,94100000,0,0,-3,-1,-4
1_1377,816940000,1231790000,451270000,2500000000,36,31,88,155,820410000,1140610000,538980000,2500000000,38,32,86,156,3470000,-91180000,87710000,0,2,1,-2,1
1_1378,843080000,1196760000,460160000,2500000000,37,31,88,156,847850000,1134050000,518100000,2500000000,40,32,86,158,4770000,-62710000,57940000,0,3,1,-2,2
1_1379,1079600000,955180000,465220000,2500000000,38,31,90,159,1180250000,780500000,539250000,2500000000,39,31,88,158,100650000,-174680000,74030000,0,1,0,-2,-1
1_1380,737710000,1296230000,466060000,2500000000,37,36,92,165,774410000,1122960000,602630000,2500000000,41,30,88,159,36700000,-173270000,136570000,0,4,-6,-4,-6
1_1381,315240000,1850460000,334300000,2500000000,34,36,88,158,303530000,1792710000,403760000,2500000000,38,31,86,155,-11710000,-57750000,69460000,0,4,-5,-2,-3
1_1382,633180000,1549430000,317390000,2500000000,37,32,92,161,612020000,1489560000,398420000,2500000000,41,31,82,154,-21160000,-59870000,81030000,0,4,-1,-10,-7
1_1383,536630000,1415140000,548230000,2500000000,35,33,88,156,547260000,1254800000,697940000,2500000000,45,31,91,167,10630000,-160340000,149710000,0,10,-2,3,11
1_1384,506880000,1707440000,285680000,2500000000,36,33,91,160,503400000,1664140000,332460000,2500000000,38,31,85,154,-3480000,-43300000,46780000,0,2,-2,-6,-6
1_1385,605200000,1359610000,535190000,2500000000,34,31,84,149,634790000,1283280000,581930000,2500000000,40,31,87,158,29590000,-76330000,46740000,0,6,0,3,9
1_1386,382180000,1891170000,226650000,2500000000,37,37,91,165,355390000,1851060000,293550000,2500000000,40,34,84,158,-26790000,-40110000,66900000,0,3,-3,-7,-7
1_1387,456110000,1679560000,364330000,2500000000,34,25,82,141,472500000,1591200000,436300000,2500000000,39,28,81,148,16390000,-88360000,71970000,0,5,3,-1,7
1_1388,471290000,1679530000,349180000,2500000000,37,36,89,162,497340000,1594400000,408260000,2500000000,41,34,84,159,26050000,-85130000,59080000,0,4,-2,-5,-3
1_1389,730090000,1506290000,263620000,2500000000,39,30,87,156,774980000,1309730000,415290000,2500000000,41,29,85,155,44890000,-196560000,151670000,0,2,-1,-2,-1
1_1390,639830000,1566610000,293560000,2500000000,38,30,84,152,689060000,1424290000,386650000,2500000000,39,29,84,152,49230000,-142320000,93090000,0,1,-1,0,0
1_1391,703650000,1507490000,288860000,2500000000,41,31,95,167,747120000,1306660000,446220000,2500000000,43,31,88,162,43470000,-200830000,157360000,0,2,0,-7,-5
1_1392,1267440000,825580000,406980000,2500000000,40,29,93,162,1302370000,700370000,497260000,2500000000,44,27,85,156,34930000,-125210000,90280000,0,4,-2,-8,-6
1_1393,0,0,224000000,224000000,41,35,91,167,0,0,224000000,224000000,41,33,85,159,0,0,0,0,0,-2,-6,-8
1_1394,443040000,913790000,597620000,1954450000,41,30,88,159,469100000,847330000,644720000,1961150000,42,33,87,162,26060000,-66460000,47100000,6700000,1,3,-1,3
1_1395,0,0,0,0,40,38,102,180,0,0,0,0,40,31,86,157,0,0,0,0,0,-7,-16,-23
1_1396,313450000,922230000,93390000,1329070000,40,35,91,166,346770000,818750000,171060000,1336580000,42,32,85,159,33320000,-103480000,77670000,7510000,2,-3,-6,-7
1_1397,11570000,0,919730000,931300000,32,22,69,123,10470000,0,919510000,929980000,34,23,66,123,-1100000,0,-220000,-1320000,2,1,-3,0
1_1398,1252450000,950200000,297350000,2500000000,45,24,96,165,1225890000,940640000,333470000,2500000000,45,23,81,149,-26560000,-9560000,36120000,0,0,-1,-15,-16
1_1399,1319740000,671990000,508270000,2500000000,35,24,84,143,1293710000,594350000,611940000,2500000000,38,24,80,142,-26030000,-77640000,103670000,0,3,0,-4,-1
1_1400,1207450000,788870000,503680000,2500000000,45,29,90,164,1198500000,761530000,539970000,2500000000,45,25,78,148,-8950000,-27340000,36290000,0,0,-4,-12,-16
1_1401,867190000,1146370000,486440000,2500000000,33,22,79,134,826770000,1056540000,616690000,2500000000,40,29,87,156,-40420000,-89830000,130250000,0,7,7,8,22
1_1402,1042100000,680430000,777470000,2500000000,42,23,73,138,1010750000,622940000,866310000,2500000000,46,28,84,158,-31350000,-57490000,88840000,0,4,5,11,20
1_1403,1425360000,379670000,694970000,2500000000,40,22,75,137,1269990000,380770000,849240000,2500000000,45,21,73,139,-155370000,1100000,154270000,0,5,-1,-2,2
1_1404,1247410000,860550000,392040000,2500000000,45,24,90,159,1304550000,785940000,409510000,2500000000,45,25,76,146,57140000,-74610000,17470000,0,0,1,-14,-13
1_1405,1238780000,726180000,535040000,2500000000,44,23,86,153,1314150000,706970000,478880000,2500000000,44,20,76,140,75370000,-19210000,-56160000,0,0,-3,-10,-13
1_1406,631150000,1540310000,328540000,2500000000,35,34,88,157,676160000,1400430000,423410000,2500000000,36,31,87,154,45010000,-139880000,94870000,0,1,-3,-1,-3
1_1407,565450000,1733140000,201410000,2500000000,38,29,83,150,649820000,1578450000,271730000,2500000000,37,27,84,148,84370000,-154690000,70320000,0,-1,-2,1,-2
1_1408,626140000,1484930000,388930000,2500000000,35,31,92,158,651960000,1302080000,545960000,2500000000,37,32,87,156,25820000,-182850000,157030000,0,2,1,-5,-2
1_1409,520050000,1713140000,266810000,2500000000,35,32,91,158,527080000,1567260000,405660000,2500000000,38,31,85,154,7030000,-145880000,138850000,0,3,-1,-6,-4
1_1410,407870000,1836090000,256040000,2500000000,37,38,91,166,473400000,1678770000,347830000,2500000000,38,38,90,166,65530000,-157320000,91790000,0,1,0,-1,0
1_1411,851470000,1307490000,341040000,2500000000,41,35,98,174,880820000,1193850000,425330000,2500000000,38,32,86,156,29350000,-113640000,84290000,0,-3,-3,-12,-18
1_1412,703670000,1165590000,630740000,2500000000,37,38,88,163,751610000,898040000,850350000,2500000000,43,37,88,168,47940000,-267550000,219610000,0,6,-1,0,5
1_1413,791880000,1294010000,414110000,2500000000,36,38,90,164,891620000,1070270000,538110000,2500000000,41,35,89,165,99740000,-223740000,124000000,0,5,-3,-1,1
1_1414,534300000,1453720000,511980000,2500000000,33,35,86,154,587370000,1280350000,632280000,2500000000,41,32,89,162,53070000,-173370000,120300000,0,8,-3,3,8
1_1415,537160000,1517830000,445010000,2500000000,34,36,93,163,603050000,1376070000,520880000,2500000000,39,35,91,165,65890000,-141760000,75870000,0,5,-1,-2,2
1_1416,787990000,1105310000,606700000,2500000000,35,34,89,158,809680000,1008030000,682290000,2500000000,40,35,88,163,21690000,-97280000,75590000,0,5,1,-1,5
1_1417,771560000,1262770000,465670000,2500000000,36,38,89,163,810380000,1039120000,650500000,2500000000,39,40,92,171,38820000,-223650000,184830000,0,3,2,3,8
1_1418,547710000,1476760000,475530000,2500000000,37,39,92,168,530110000,1397160000,572730000,2500000000,42,35,91,168,-17600000,-79600000,97200000,0,5,-4,-1,0
1_1419,682270000,1400500000,417230000,2500000000,37,33,92,162,712660000,1311530000,475810000,2500000000,38,33,84,155,30390000,-88970000,58580000,0,1,0,-8,-7
1_1420,614390000,1426460000,459150000,2500000000,42,35,93,170,651520000,1316130000,532350000,2500000000,44,32,91,167,37130000,-110330000,73200000,0,2,-3,-2,-3
1_1421,1216060000,542850000,741090000,2500000000,42,29,87,158,1238950000,484970000,776080000,2500000000,43,31,85,159,22890000,-57880000,34990000,0,1,2,-2,1
1_1422,701200000,1344380000,454420000,2500000000,38,34,89,161,708530000,1247490000,543980000,2500000000,45,29,89,163,7330000,-96890000,89560000,0,7,-5,0,2
1_1423,683420000,1254510000,562070000,2500000000,39,43,96,178,647510000,1193230000,659260000,2500000000,41,38,93,172,-35910000,-61280000,97190000,0,2,-5,-3,-6
1_1424,0,0,0,0,39,35,88,162,0,0,0,0,39,32,95,166,0,0,0,0,0,-3,7,4
1_1425,181460000,776390000,121460000,1079310000,38,31,87,156,203250000,730630000,153010000,1086890000,41,31,87,159,21790000,-45760000,31550000,7580000,3,0,0,3
1_1426,26920000,43920000,35050000,105890000,35,26,80,141,7210000,2710000,15280000,25200000,40,27,85,152,-19710000,-41210000,-19770000,-80690000,5,1,5,11
1_1427,364990000,689060000,90470000,1144520000,42,33,91,166,391240000,646550000,116710000,1154500000,45,30,89,164,26250000,-42510000,26240000,9980000,3,-3,-2,-2
1_1428,630340000,1255350000,614310000,2500000000,42,40,85,167,643020000,1114020000,742960000,2500000000,46,35,90,171,12680000,-141330000,128650000,0,4,-5,5,4
1_1429,258570000,618690000,904070000,1781330000,42,42,100,184,238140000,514770000,796830000,1549740000,45,41,100,186,-20430000,-103920000,-107240000,-231590000,3,-1,0,2
1_1430,761730000,1367100000,371170000,2500000000,43,37,90,170,802660000,1121160000,576180000,2500000000,41,33,82,156,40930000,-245940000,205010000,0,-2,-4,-8,-14
1_1431,723580000,1255760000,501760000,2481100000,40,33,83,156,735830000,1103740000,554260000,2393830000,47,37,92,176,12250000,-152020000,52500000,-87270000,7,4,9,20
1_1432,896910000,1208050000,395040000,2500000000,42,25,88,155,878240000,1160570000,461190000,2500000000,44,26,86,156,-18670000,-47480000,66150000,0,2,1,-2,1
1_1433,216220000,1720120000,563660000,2500000000,30,32,97,159,199360000,1629880000,670760000,2500000000,36,31,90,157,-16860000,-90240000,107100000,0,6,-1,-7,-2
1_1434,193820000,1496450000,414540000,2104810000,34,35,100,169,223810000,1477550000,412850000,2114210000,35,34,99,168,29990000,-18900000,-1690000,9400000,1,-1,-1,-1
1_1435,367770000,1644500000,487700000,2499970000,25,29,85,139,388970000,1476740000,633540000,2499250000,30,29,87,146,21200000,-167760000,145840000,-720000,5,0,2,7
1_1436,1396830000,761790000,341380000,2500000000,40,22,70,132,1462070000,647630000,390300000,2500000000,43,20,74,137,65240000,-114160000,48920000,0,3,-2,4,5
1_1437,1165500000,1019750000,314750000,2500000000,40,22,78,140,1214160000,970480000,315360000,2500000000,42,22,74,138,48660000,-49270000,610000,0,2,0,-4,-2
1_1438,1349150000,798470000,352380000,2500000000,44,27,82,153,1417520000,678970000,403510000,2500000000,41,24,74,139,68370000,-119500000,51130000,0,-3,-3,-8,-14
1_1439,1320380000,828760000,350860000,2500000000,42,31,94,167,1374430000,821770000,303800000,2500000000,45,26,83,154,54050000,-6990000,-47060000,0,3,-5,-11,-13
1_1440,1017300000,1100390000,382310000,2500000000,40,30,90,160,1068180000,1006460000,425360000,2500000000,43,32,91,166,50880000,-93930000,43050000,0,3,2,1,6
1_1441,523830000,1312600000,322550000,2158980000,40,35,93,168,546090000,1224580000,393840000,2164510000,42,28,82,152,22260000,-88020000,71290000,5530000,2,-7,-11,-16
1_1442,554770000,789550000,201900000,1546220000,39,38,104,181,592190000,740650000,220970000,1553810000,43,37,97,177,37420000,-48900000,19070000,7590000,4,-1,-7,-4
1_1443,7250000,4110000,2810000,14170000,39,40,108,187,8880000,4010000,2080000,14970000,38,31,90,159,1630000,-100000,-730000,800000,-1,-9,-18,-28
1_1444,352880000,1773600000,373520000,2500000000,37,33,88,158,375130000,1645800000,479070000,2500000000,38,35,93,166,22250000,-127800000,105550000,0,1,2,5,8
1_1445,764110000,1484130000,251760000,2500000000,37,34,89,160,803370000,1402850000,293780000,2500000000,43,34,90,167,39260000,-81280000,42020000,0,6,0,1,7
1_1446,455320000,1193170000,424390000,2072880000,39,42,102,183,505270000,1076980000,495280000,2077530000,41,39,97,177,49950000,-116190000,70890000,4650000,2,-3,-5,-6
1_1447,325550000,1801000000,373450000,2500000000,38,38,103,179,345530000,1724790000,429680000,2500000000,40,32,94,166,19980000,-76210000,56230000,0,2,-6,-9,-13
1_1448,579880000,1418530000,489040000,2487450000,35,35,91,161,585330000,1355920000,547110000,2488360000,39,36,86,161,5450000,-62610000,58070000,910000,4,1,-5,0
1_1449,584770000,1332140000,583090000,2500000000,42,40,96,178,608010000,1247960000,644030000,2500000000,39,37,90,166,23240000,-84180000,60940000,0,-3,-3,-6,-12
1_1450,289950000,480990000,255580000,1026520000,37,35,91,163,298390000,464960000,268270000,1031620000,44,37,96,177,8440000,-16030000,12690000,5100000,7,2,5,14
1_1451,540160000,550720000,279570000,1370450000,42,43,104,189,541530000,544000000,290930000,1376460000,45,40,94,179,1370000,-6720000,11360000,6010000,3,-3,-10,-10
1_1452,556110000,1350240000,593650000,2500000000,38,36,94,168,560030000,1242090000,697880000,2500000000,45,34,91,170,3920000,-108150000,104230000,0,7,-2,-3,2
1_1453,694730000,1365530000,439740000,2500000000,34,33,90,157,709920000,1296550000,493530000,2500000000,43,32,88,163,15190000,-68980000,53790000,0,9,-1,-2,6
1_1454,1149760000,677360000,493780000,2320900000,45,41,99,185,1157810000,574240000,592720000,2324770000,45,37,93,175,8050000,-103120000,98940000,3870000,0,-4,-6,-10
1_1455,576420000,360070000,216180000,1152670000,46,36,95,177,593800000,322580000,241420000,1157800000,46,39,95,180,17380000,-37490000,25240000,5130000,0,3,0,3
1_1456,863220000,1285910000,350870000,2500000000,45,30,94,169,873410000,1238350000,388240000,2500000000,46,31,85,162,10190000,-47560000,37370000,0,1,1,-9,-7
1_1457,636770000,984000000,879230000,2500000000,42,40,99,181,658350000,905420000,936230000,2500000000,45,39,95,179,21580000,-78580000,57000000,0,3,-1,-4,-2
1_1458,1105530000,461150000,288270000,1854950000,45,36,91,172,1023170000,374530000,254610000,1652310000,48,37,95,180,-82360000,-86620000,-33660000,-202640000,3,1,4,8
1_1459,528550000,833620000,250230000,1612400000,40,31,92,163,568870000,753070000,293940000,1615880000,43,39,91,173,40320000,-80550000,43710000,3480000,3,8,-1,10
1_1460,267160000,1590780000,267180000,2125120000,38,34,92,164,251160000,1492180000,169680000,1913020000,39,27,82,148,-16000000,-98600000,-97500000,-212100000,1,-7,-10,-16
1_1461,377000000,1742990000,270280000,2390270000,43,31,92,166,363840000,1621920000,281650000,2267410000,45,28,91,164,-13160000,-121070000,11370000,-122860000,2,-3,-1,-2
1_1462,823010000,1197500000,479490000,2500000000,39,32,84,155,823620000,1145720000,530660000,2500000000,45,36,90,171,610000,-51780000,51170000,0,6,4,6,16
1_1463,402090000,1487300000,610610000,2500000000,44,40,92,176,440330000,1436800000,622870000,2500000000,45,38,87,170,38240000,-50500000,12260000,0,1,-2,-5,-6
1_1464,658920000,1334750000,506330000,2500000000,37,36,82,155,689920000,1299650000,510430000,2500000000,43,31,87,161,31000000,-35100000,4100000,0,6,-5,5,6
1_1465,522450000,1683660000,293890000,2500000000,32,27,76,135,516830000,1649090000,334080000,2500000000,38,24,71,133,-5620000,-34570000,40190000,0,6,-3,-5,-2
1_1466,560200000,1667950000,271850000,2500000000,34,21,76,131,563580000,1668420000,268000000,2500000000,37,27,72,136,3380000,470000,-3850000,0,3,6,-4,5
1_1467,0,500000,3850000,4350000,37,29,79,145,0,3340000,3190000,6530000,31,28,87,146,0,2840000,-660000,2180000,-6,-1,8,1
1_1468,123790000,1063210000,437890000,1624890000,34,25,87,146,137890000,1045790000,457990000,1641670000,33,31,89,153,14100000,-17420000,20100000,16780000,-1,6,2,7
1_1469,451600000,445180000,344660000,1241440000,40,23,76,139,413650000,468410000,286490000,1168550000,36,26,85,147,-37950000,23230000,-58170000,-72890000,-4,3,9,8
1_1470,897980000,194850000,205530000,1298360000,43,29,86,158,910690000,148210000,245040000,1303940000,41,21,74,136,12710000,-46640000,39510000,5580000,-2,-8,-12,-22
1_1471,670040000,45610000,119360000,835010000,43,19,69,131,693720000,45260000,103010000,841990000,43,19,70,132,23680000,-350000,-16350000,6980000,0,0,1,1
1_1472,354330000,186320000,326320000,866970000,41,21,73,135,372200000,159130000,259090000,790420000,40,20,70,130,17870000,-27190000,-67230000,-76550000,-1,-1,-3,-5
1_1473,437920000,47670000,2014410000,2500000000,35,31,85,151,430520000,46040000,2023440000,2500000000,38,33,84,155,-7400000,-1630000,9030000,0,3,2,-1,4
1_1474,926780000,224530000,1348690000,2500000000,39,33,88,160,951810000,220530000,1327660000,2500000000,44,34,92,170,25030000,-4000000,-21030000,0,5,1,4,10
1_1475,1311300000,452610000,736090000,2500000000,39,34,90,163,1326570000,436960000,736470000,2500000000,46,36,93,175,15270000,-15650000,380000,0,7,2,3,12
1_1476,1739890000,26770000,733340000,2500000000,38,24,72,134,1912370000,27410000,560220000,2500000000,39,19,65,123,172480000,640000,-173120000,0,1,-5,-7,-11
1_1477,1825860000,163810000,510330000,2500000000,42,33,85,160,1858960000,167190000,473850000,2500000000,43,35,86,164,33100000,3380000,-36480000,0,1,2,1,4
1_1478,568640000,37780000,1678900000,2285320000,38,32,82,152,545960000,40200000,1699160000,2285320000,42,33,75,150,-22680000,2420000,20260000,0,4,1,-7,-2
1_1479,1080220000,109480000,1310300000,2500000000,42,35,89,166,1036900000,117210000,1345890000,2500000000,44,36,93,173,-43320000,7730000,35590000,0,2,1,4,7
1_1480,915250000,864830000,719920000,2500000000,41,36,86,163,745040000,909340000,845620000,2500000000,48,38,91,177,-170210000,44510000,125700000,0,7,2,5,14
1_1481,773870000,1170880000,555250000,2500000000,42,40,95,177,738820000,1189310000,571870000,2500000000,48,34,90,172,-35050000,18430000,16620000,0,6,-6,-5,-5
1_1482,1018930000,941400000,539670000,2500000000,41,37,77,155,833890000,979740000,686370000,2500000000,46,28,85,159,-185040000,38340000,146700000,0,5,-9,8,4
1_1483,698640000,1452900000,348460000,2500000000,40,36,91,167,702810000,1424340000,372850000,2500000000,44,25,77,146,4170000,-28560000,24390000,0,4,-11,-14,-21
1_1484,712720000,276250000,1511030000,2500000000,39,28,80,147,592630000,359420000,1547950000,2500000000,48,34,88,170,-120090000,83170000,36920000,0,9,6,8,23
1_1485,1210520000,570140000,719340000,2500000000,38,32,81,151,1006910000,653540000,839550000,2500000000,45,32,82,159,-203610000,83400000,120210000,0,7,0,1,8
1_1486,151450000,44100000,2304450000,2500000000,31,33,68,132,155900000,30440000,2313660000,2500000000,42,34,83,159,4450000,-13660000,9210000,0,11,1,15,27
1_1487,861590000,399700000,1238710000,2500000000,41,38,97,176,875470000,378680000,1245850000,2500000000,45,36,96,177,13880000,-21020000,7140000,0,4,-2,-1,1
1_1488,932950000,306700000,1260350000,2500000000,42,36,94,172,905530000,309990000,1284480000,2500000000,46,36,99,181,-27420000,3290000,24130000,0,4,0,5,9
1_1489,877230000,402000000,1220770000,2500000000,41,37,93,171,880820000,400040000,1219140000,2500000000,46,37,102,185,3590000,-1960000,-1630000,0,5,0,9,14
1_1490,1240590000,771980000,487430000,2500000000,43,35,86,164,1288530000,777730000,433740000,2500000000,48,42,91,181,47940000,5750000,-53690000,0,5,7,5,17
1_1491,1201990000,929880000,368130000,2500000000,43,38,85,166,1209000000,924720000,366280000,2500000000,49,36,95,180,7010000,-5160000,-1850000,0,6,-2,10,14
1_1492,1156850000,150090000,1193060000,2500000000,46,40,102,188,1150070000,143100000,1206830000,2500000000,49,41,107,197,-6780000,-6990000,13770000,0,3,1,5,9
1_1493,662130000,209640000,1628230000,2500000000,45,41,101,187,666400000,204610000,1628990000,2500000000,48,42,106,196,4270000,-5030000,760000,0,3,1,5,9
1_1494,1618670000,419010000,462320000,2500000000,38,30,79,147,1604130000,425830000,470040000,2500000000,46,36,87,169,-14540000,6820000,7720000,0,8,6,8,22
1_1495,1793820000,394780000,311400000,2500000000,43,35,85,163,1780020000,388620000,331360000,2500000000,47,39,92,178,-13800000,-6160000,19960000,0,4,4,7,15
1_1496,1055200000,389270000,1055530000,2500000000,45,39,99,183,1150000000,382800000,967200000,2500000000,46,39,103,188,94800000,-6470000,-88330000,0,1,0,4,5
1_1497,1303000000,430390000,766610000,2500000000,44,39,96,179,1266550000,433050000,800400000,2500000000,46,42,105,193,-36450000,2660000,33790000,0,2,3,9,14
1_1498,1098850000,921600000,479550000,2500000000,38,32,80,150,1243760000,933410000,322830000,2500000000,46,33,88,167,144910000,11810000,-156720000,0,8,1,8,17
1_1499,1378610000,628570000,492820000,2500000000,40,31,74,145,1406270000,650310000,443420000,2500000000,42,37,88,167,27660000,21740000,-49400000,0,2,6,14,22
1_1500,482740000,70110000,1947150000,2500000000,40,36,88,164,516080000,66810000,1917110000,2500000000,46,39,99,184,33340000,-3300000,-30040000,0,6,3,11,20
1_1501,337280000,127190000,1903130000,2367600000,40,36,91,167,438540000,119520000,1809540000,2367600000,45,40,103,188,101260000,-7670000,-93590000,0,5,4,12,21
1_1502,1109290000,524120000,866590000,2500000000,41,35,84,160,1284010000,540650000,675340000,2500000000,49,40,102,191,174720000,16530000,-191250000,0,8,5,18,31
1_1503,798020000,1180520000,521460000,2500000000,37,30,74,141,667290000,1286900000,545810000,2500000000,45,30,82,157,-130730000,106380000,24350000,0,8,0,8,16
1_1504,710690000,1350150000,439160000,2500000000,40,33,77,150,662970000,1439590000,397440000,2500000000,40,26,78,144,-47720000,89440000,-41720000,0,0,-7,1,-6
1_1505,685300000,1468000000,346700000,2500000000,40,31,81,152,604440000,1437550000,458010000,2500000000,44,30,82,156,-80860000,-30450000,111310000,0,4,-1,1,4
1_1506,815680000,702340000,981980000,2500000000,40,38,93,171,689090000,770490000,1040420000,2500000000,48,37,92,177,-126590000,68150000,58440000,0,8,-1,-1,6
1_1507,394090000,141770000,1926450000,2462310000,42,36,93,171,370270000,152270000,1939770000,2462310000,44,38,86,168,-23820000,10500000,13320000,0,2,2,-7,-3
1_1508,401230000,245840000,1793260000,2440330000,39,40,90,169,423320000,214200000,1802810000,2440330000,35,36,90,161,22090000,-31640000,9550000,0,-4,-4,0,-8
1_1509,645290000,311460000,1543250000,2500000000,45,42,96,183,657460000,279850000,1562690000,2500000000,48,42,101,191,12170000,-31610000,19440000,0,3,0,5,8
1_1510,31250000,44950000,2150320000,2226520000,32,32,84,148,31430000,35150000,2159940000,2226520000,41,35,85,161,180000,-9800000,9620000,0,9,3,1,13
1_1511,62400000,10730000,2078470000,2151600000,34,31,70,135,64480000,8080000,2079040000,2151600000,40,29,66,135,2080000,-2650000,570000,0,6,-2,-4,0
1_1512,346870000,214930000,1938200000,2500000000,41,40,98,179,370980000,114900000,2014120000,2500000000,41,42,96,179,24110000,-100030000,75920000,0,0,2,-2,0
1_1513,770270000,320260000,1409470000,2500000000,41,34,87,162,801290000,214780000,1483930000,2500000000,48,40,89,177,31020000,-105480000,74460000,0,7,6,2,15
1_1514,1066260000,700450000,733290000,2500000000,45,39,93,177,1146920000,498970000,854110000,2500000000,46,41,92,179,80660000,-201480000,120820000,0,1,2,-1,2
1_1515,1455440000,590310000,454250000,2500000000,44,39,93,176,1460660000,563630000,475710000,2500000000,49,37,94,180,5220000,-26680000,21460000,0,5,-2,1,4
1_1516,281930000,21660000,1928830000,2232420000,42,35,94,171,282510000,18020000,1931890000,2232420000,44,35,94,173,580000,-3640000,3060000,0,2,0,0,2
1_1517,1347750000,892990000,259260000,2500000000,41,36,85,162,1330350000,894060000,275590000,2500000000,44,35,89,168,-17400000,1070000,16330000,0,3,-1,4,6
1_1518,1149560000,1107000000,243440000,2500000000,42,32,83,157,1146090000,1117030000,236880000,2500000000,44,35,86,165,-3470000,10030000,-6560000,0,2,3,3,8
1_1519,1777700000,190710000,531590000,2500000000,41,30,80,151,1884000000,157230000,458770000,2500000000,45,37,86,168,106300000,-33480000,-72820000,0,4,7,6,17
1_1520,1219970000,502050000,777980000,2500000000,41,35,85,161,1270770000,460380000,768850000,2500000000,49,42,93,184,50800000,-41670000,-9130000,0,8,7,8,23
1_1521,1482580000,500900000,516520000,2500000000,40,33,83,156,1623060000,491990000,384950000,2500000000,46,35,88,169,140480000,-8910000,-131570000,0,6,2,5,13
1_1522,1550290000,387440000,562270000,2500000000,38,31,81,150,1687920000,358880000,453200000,2500000000,44,36,89,169,137630000,-28560000,-109070000,0,6,5,8,19
1_1523,1176720000,396110000,927170000,2500000000,43,39,86,168,1554350000,423850000,521800000,2500000000,47,41,96,184,377630000,27740000,-405370000,0,4,2,10,16
1_1524,1445240000,426180000,628580000,2500000000,40,36,81,157,1525520000,438230000,536250000,2500000000,48,36,87,171,80280000,12050000,-92330000,0,8,0,6,14
1_1525,1445040000,18280000,1036680000,2500000000,38,24,72,134,1668680000,18300000,813020000,2500000000,43,20,71,134,223640000,20000,-223660000,0,5,-4,-1,0
1_1526,1572100000,18570000,909330000,2500000000,38,24,70,132,1661370000,19200000,819430000,2500000000,32,18,64,114,89270000,630000,-89900000,0,-6,-6,-6,-18
1_1527,1071120000,7470000,1421410000,2500000000,39,21,67,127,1251250000,7370000,1241380000,2500000000,35,20,60,115,180130000,-100000,-180030000,0,-4,-1,-7,-12
1_1528,794880000,0,1705120000,2500000000,30,28,64,122,794870000,0,1705130000,2500000000,17,14,46,77,-10000,0,10000,0,-13,-14,-18,-45
1_1529,1210260000,148130000,1141610000,2500000000,31,28,66,125,1203470000,146900000,1149630000,2500000000,33,21,69,123,-6790000,-1230000,8020000,0,2,-7,3,-2
1_1530,404730000,14670000,2080600000,2500000000,25,18,58,101,404730000,14670000,2080600000,2500000000,24,18,48,90,0,0,0,0,-1,0,-10,-11
1_1531,352140000,21930000,2125930000,2500000000,22,25,65,112,370090000,21930000,2107980000,2500000000,31,26,65,122,17950000,0,-17950000,0,9,1,0,10
1_1532,148620000,0,2351380000,2500000000,16,24,49,89,159380000,0,2340620000,2500000000,18,21,49,88,10760000,0,-10760000,0,2,-3,0,-1
1_1533,480260000,63220000,1956520000,2500000000,21,29,63,113,479480000,62940000,1957580000,2500000000,30,30,71,131,-780000,-280000,1060000,0,9,1,8,18
1_1534,127350000,13430000,2359220000,2500000000,10,22,47,79,127090000,13430000,2359480000,2500000000,11,20,39,70,-260000,0,260000,0,1,-2,-8,-9
1_1535,387090000,65370000,2047540000,2500000000,19,22,54,95,387000000,65830000,2047170000,2500000000,17,17,48,82,-90000,460000,-370000,0,-2,-5,-6,-13
1_1536,1688360000,10750000,800890000,2500000000,39,24,74,137,1765060000,11530000,723410000,2500000000,39,20,67,126,76700000,780000,-77480000,0,0,-4,-7,-11
1_1537,1842980000,49960000,607060000,2500000000,38,23,72,133,1855410000,53050000,591540000,2500000000,40,18,66,124,12430000,3090000,-15520000,0,2,-5,-6,-9
1_1538,1861100000,195150000,443750000,2500000000,39,26,77,142,1909370000,199790000,390840000,2500000000,44,30,74,148,48270000,4640000,-52910000,0,5,4,-3,6
1_1539,1905540000,155550000,438910000,2500000000,40,30,79,149,1948770000,163250000,387980000,2500000000,44,33,77,154,43230000,7700000,-50930000,0,4,3,-2,5
1_1540,1415610000,6080000,1078310000,2500000000,35,23,71,129,1581060000,6090000,912850000,2500000000,33,24,69,126,165450000,10000,-165460000,0,-2,1,-2,-3
1_1541,1587840000,19350000,892810000,2500000000,38,24,72,134,1710280000,20060000,769660000,2500000000,40,29,75,144,122440000,710000,-123150000,0,2,5,3,10
1_1542,1802860000,30120000,667020000,2500000000,37,24,73,134,1919420000,30270000,550310000,2500000000,34,18,61,113,116560000,150000,-116710000,0,-3,-6,-12,-21
1_1543,1477590000,470000,1021940000,2500000000,35,22,67,124,1644780000,470000,854750000,2500000000,29,13,45,87,167190000,0,-167190000,0,-6,-9,-22,-37
1_1544,1614960000,5420000,879620000,2500000000,36,22,69,127,1688960000,5100000,805940000,2500000000,39,18,68,125,74000000,-320000,-73680000,0,3,-4,-1,-2
1_1545,1708680000,0,791320000,2500000000,36,24,62,122,1758530000,0,741470000,2500000000,31,22,58,111,49850000,0,-49850000,0,-5,-2,-4,-11
1_1546,1675810000,1720000,822470000,2500000000,34,26,67,127,1691520000,1720000,806760000,2500000000,34,21,60,115,15710000,0,-15710000,0,0,-5,-7,-12
1_1547,743770000,0,1756230000,2500000000,32,26,67,125,745830000,0,1754170000,2500000000,18,20,49,87,2060000,0,-2060000,0,-14,-6,-18,-38
1_1548,1273920000,490000,1225590000,2500000000,32,23,59,114,1302990000,1120000,1195890000,2500000000,28,17,64,109,29070000,630000,-29700000,0,-4,-6,5,-5
1_1549,1298070000,820000,1201110000,2500000000,34,22,61,117,1476140000,820000,1023040000,2500000000,28,12,47,87,178070000,0,-178070000,0,-6,-10,-14,-30
1_1550,229370000,0,2270630000,2500000000,25,28,59,112,465920000,0,2034080000,2500000000,23,27,63,113,236550000,0,-236550000,0,-2,-1,4,1
1_1551,836070000,7250000,1656680000,2500000000,13,28,53,94,835890000,7250000,1656860000,2500000000,13,19,45,77,-180000,0,180000,0,0,-9,-8,-17
1_1552,881040000,1990000,1616970000,2500000000,18,25,57,100,1137950000,1930000,1360120000,2500000000,20,21,55,96,256910000,-60000,-256850000,0,2,-4,-2,-4
1_1553,459920000,1930000,2038150000,2500000000,10,20,39,69,459920000,1930000,2038150000,2500000000,17,21,43,81,0,0,0,0,7,1,4,12
1_1554,504560000,53940000,1713010000,2271510000,35,29,78,142,496670000,55660000,1719180000,2271510000,38,32,78,148,-7890000,1720000,6170000,0,3,3,0,6
1_1555,469480000,56170000,1569250000,2094900000,35,30,80,145,470950000,58840000,1565110000,2094900000,43,35,76,154,1470000,2670000,-4140000,0,8,5,-4,9
1_1556,472770000,22720000,2004510000,2500000000,34,30,86,150,491290000,24270000,1984440000,2500000000,41,32,86,159,18520000,1550000,-20070000,0,7,2,0,9
1_1557,1521060000,59400000,919540000,2500000000,38,30,79,147,1672710000,63460000,763830000,2500000000,40,26,75,141,151650000,4060000,-155710000,0,2,-4,-4,-6
1_1558,1389370000,2600000,1108030000,2500000000,33,23,61,117,1604750000,2380000,892870000,2500000000,34,10,50,94,215380000,-220000,-215160000,0,1,-13,-11,-23
1_1559,1205530000,7930000,1286540000,2500000000,34,22,63,119,1302700000,8600000,1188700000,2500000000,30,19,60,109,97170000,670000,-97840000,0,-4,-3,-3,-10
1_1560,1292880000,3840000,1203280000,2500000000,30,32,67,129,1584420000,5850000,909730000,2500000000,45,29,77,151,291540000,2010000,-293550000,0,15,-3,10,22
1_1561,1560310000,1650000,938040000,2500000000,34,26,66,126,1765180000,1310000,733510000,2500000000,44,29,76,149,204870000,-340000,-204530000,0,10,3,10,23
1_1562,451070000,0,2048930000,2500000000,15,26,59,100,621650000,0,1878350000,2500000000,22,22,53,97,170580000,0,-170580000,0,7,-4,-6,-3
1_1563,428230000,137730000,1737120000,2303080000,40,37,89,166,495850000,160930000,1646300000,2303080000,44,40,99,183,67620000,23200000,-90820000,0,4,3,10,17
1_1564,1486880000,60800000,952320000,2500000000,38,28,78,144,1622430000,59050000,818520000,2500000000,43,27,80,150,135550000,-1750000,-133800000,0,5,-1,2,6
1_1565,1704540000,17770000,777690000,2500000000,36,25,73,134,1763610000,13040000,723350000,2500000000,42,26,79,147,59070000,-4730000,-54340000,0,6,1,6,13
1_1566,1620160000,16400000,863440000,2500000000,39,25,77,141,1713870000,14540000,771590000,2500000000,44,28,78,150,93710000,-1860000,-91850000,0,5,3,1,9
1_1567,1302620000,369700000,827680000,2500000000,45,26,80,151,1377820000,353250000,768930000,2500000000,43,22,80,145,75200000,-16450000,-58750000,0,-2,-4,0,-6
1_1568,173300000,586690000,1740010000,2500000000,38,39,97,174,214810000,573480000,1711710000,2500000000,31,31,79,141,41510000,-13210000,-28300000,0,-7,-8,-18,-33
1_1569,1838600000,279560000,381840000,2500000000,37,21,70,128,1866070000,281230000,352700000,2500000000,41,21,76,138,27470000,1670000,-29140000,0,4,0,6,10
1_1570,816020000,1147490000,536490000,2500000000,26,20,66,112,797410000,1158150000,544440000,2500000000,34,22,79,135,-18610000,10660000,7950000,0,8,2,13,23
1_1571,1398640000,534560000,566800000,2500000000,37,25,79,141,1394870000,555150000,549980000,2500000000,40,22,83,145,-3770000,20590000,-16820000,0,3,-3,4,4
1_1572,904750000,753770000,841480000,2500000000,28,21,72,121,944680000,669720000,885600000,2500000000,34,26,76,136,39930000,-84050000,44120000,0,6,5,4,15
1_1573,1294550000,432290000,773160000,2500000000,41,21,84,146,1383720000,440390000,675890000,2500000000,39,20,77,136,89170000,8100000,-97270000,0,-2,-1,-7,-10
1_1574,92390000,680760000,1625830000,2398980000,38,42,111,191,100590000,650500000,1647890000,2398980000,26,34,82,142,8200000,-30260000,22060000,0,-12,-8,-29,-49
1_1575,901460000,794650000,803890000,2500000000,32,24,90,146,940180000,804260000,755560000,2500000000,35,25,83,143,38720000,9610000,-48330000,0,3,1,-7,-3
1_1576,179210000,691900000,1607440000,2478550000,28,41,89,158,198580000,696010000,1583960000,2478550000,21,33,76,130,19370000,4110000,-23480000,0,-7,-8,-13,-28
1_1577,1627990000,385290000,486720000,2500000000,42,26,89,157,1612470000,400360000,487170000,2500000000,44,23,83,150,-15520000,15070000,450000,0,2,-3,-6,-7
1_1578,688090000,1071880000,740030000,2500000000,36,29,96,161,678790000,1089260000,731950000,2500000000,35,29,94,158,-9300000,17380000,-8080000,0,-1,0,-2,-3
1_1579,1146430000,726910000,626660000,2500000000,38,37,96,171,1155960000,728540000,615500000,2500000000,43,29,100,172,9530000,1630000,-11160000,0,5,-8,4,1
1_1580,1424630000,637570000,437800000,2500000000,34,31,91,156,1422230000,652280000,425490000,2500000000,42,23,88,153,-2400000,14710000,-12310000,0,8,-8,-3,-3
1_1581,1486310000,391980000,621710000,2500000000,33,19,58,110,1441570000,395720000,662710000,2500000000,43,17,67,127,-44740000,3740000,41000000,0,10,-2,9,17
1_1582,625370000,1203680000,670950000,2500000000,37,24,90,151,636740000,1113610000,749650000,2500000000,40,25,81,146,11370000,-90070000,78700000,0,3,1,-9,-5
1_1583,1318660000,389220000,792120000,2500000000,41,24,77,142,1375380000,469430000,655190000,2500000000,43,20,70,133,56720000,80210000,-136930000,0,2,-4,-7,-9
1_1584,848700000,659260000,992040000,2500000000,38,23,83,144,899420000,775240000,825340000,2500000000,46,25,80,151,50720000,115980000,-166700000,0,8,2,-3,7
1_1585,1452630000,248700000,738030000,2439360000,33,13,56,102,1414400000,107660000,891020000,2413080000,35,12,57,104,-38230000,-141040000,152990000,-26280000,2,-1,1,2
1_1586,1551030000,360400000,494370000,2405800000,27,11,46,84,1444860000,122330000,827840000,2395030000,33,10,57,100,-106170000,-238070000,333470000,-10770000,6,-1,11,16
1_1587,1547850000,176790000,775360000,2500000000,30,13,54,97,1561920000,237240000,700840000,2500000000,38,11,54,103,14070000,60450000,-74520000,0,8,-2,0,6
1_1588,992550000,865870000,641580000,2500000000,36,25,83,144,1055950000,880360000,563690000,2500000000,40,23,80,143,63400000,14490000,-77890000,0,4,-2,-3,-1
1_1589,452590000,1034510000,1012900000,2500000000,39,45,113,197,394200000,1033970000,1071830000,2500000000,33,41,100,174,-58390000,-540000,58930000,0,-6,-4,-13,-23
1_1590,109370000,1983990000,406640000,2500000000,19,20,51,90,111000000,2009410000,379590000,2500000000,19,16,65,100,1630000,25420000,-27050000,0,0,-4,14,10
1_1591,549160000,1283590000,667250000,2500000000,35,31,90,156,538350000,1328860000,632790000,2500000000,36,30,92,158,-10810000,45270000,-34460000,0,1,-1,2,2
1_1592,357650000,1614160000,528190000,2500000000,25,27,80,132,334210000,1629120000,536670000,2500000000,29,27,85,141,-23440000,14960000,8480000,0,4,0,5,9
1_1593,136380000,1770960000,592660000,2500000000,24,21,66,111,159540000,1800420000,540040000,2500000000,31,22,79,132,23160000,29460000,-52620000,0,7,1,13,21
1_1594,941140000,1086940000,471920000,2500000000,26,20,70,116,929140000,1102540000,468320000,2500000000,32,21,78,131,-12000000,15600000,-3600000,0,6,1,8,15
1_1595,1109650000,867060000,523290000,2500000000,39,34,87,160,1100730000,909450000,489820000,2500000000,37,30,91,158,-8920000,42390000,-33470000,0,-2,-4,4,-2
1_1596,861150000,1239830000,399020000,2500000000,32,33,85,150,869390000,1218840000,411770000,2500000000,33,25,82,140,8240000,-20990000,12750000,0,1,-8,-3,-10
1_1597,662030000,1410800000,427170000,2500000000,30,32,90,152,659460000,1426690000,413850000,2500000000,39,32,92,163,-2570000,15890000,-13320000,0,9,0,2,11
1_1598,252310000,1857400000,390290000,2500000000,27,26,83,136,229460000,1846010000,424530000,2500000000,31,27,90,148,-22850000,-11390000,34240000,0,4,1,7,12
1_1599,442020000,1610620000,447360000,2500000000,39,39,105,183,460740000,1604110000,435150000,2500000000,32,29,90,151,18720000,-6510000,-12210000,0,-7,-10,-15,-32
1_1600,326310000,1800820000,372870000,2500000000,23,36,92,151,313830000,1827980000,358190000,2500000000,31,35,99,165,-12480000,27160000,-14680000,0,8,-1,7,14
1_1601,495840000,1683850000,320310000,2500000000,25,27,78,130,508950000,1664570000,326480000,2500000000,25,22,75,122,13110000,-19280000,6170000,0,0,-5,-3,-8
1_1602,257760000,1714880000,527360000,2500000000,18,24,69,111,243800000,1511030000,745170000,2500000000,24,24,80,128,-13960000,-203850000,217810000,0,6,0,11,17
1_1603,1029210000,811120000,659670000,2500000000,33,22,73,128,1072620000,880830000,546550000,2500000000,38,21,69,128,43410000,69710000,-113120000,0,5,-1,-4,0
1_1604,1495470000,378030000,626500000,2500000000,28,12,47,87,1557890000,354920000,587190000,2500000000,33,13,59,105,62420000,-23110000,-39310000,0,5,1,12,18
1_1605,1824340000,193370000,482290000,2500000000,34,20,72,126,1834750000,181550000,483700000,2500000000,37,12,58,107,10410000,-11820000,1410000,0,3,-8,-14,-19
1_1606,1501700000,106340000,891960000,2500000000,29,13,56,98,1639740000,267750000,592510000,2500000000,36,15,57,108,138040000,161410000,-299450000,0,7,2,1,10
1_1607,1648410000,144360000,707230000,2500000000,38,19,59,116,1679170000,279360000,541470000,2500000000,36,20,58,114,30760000,135000000,-165760000,0,-2,1,-1,-2
1_1608,499260000,1337270000,663470000,2500000000,21,21,60,102,493480000,1374900000,631620000,2500000000,23,24,77,124,-5780000,37630000,-31850000,0,2,3,17,22
1_1609,1244010000,885690000,370300000,2500000000,39,38,107,184,1221370000,871020000,407610000,2500000000,37,32,102,171,-22640000,-14670000,37310000,0,-2,-6,-5,-13
1_1610,652560000,133510000,1496330000,2282400000,38,33,94,165,653550000,130190000,1498660000,2282400000,38,28,102,168,990000,-3320000,2330000,0,0,-5,8,3
1_1611,745220000,1329390000,425390000,2500000000,36,33,90,159,749980000,1323080000,426940000,2500000000,32,26,86,144,4760000,-6310000,1550000,0,-4,-7,-4,-15
1_1612,460940000,1427260000,611800000,2500000000,41,45,117,203,460640000,1384670000,654690000,2500000000,39,39,111,189,-300000,-42590000,42890000,0,-2,-6,-6,-14
1_1613,459580000,658700000,1381720000,2500000000,35,39,111,185,466270000,632970000,1400760000,2500000000,35,33,99,167,6690000,-25730000,19040000,0,0,-6,-12,-18
1_1614,296340000,221410000,1732870000,2250620000,26,36,97,159,295230000,209590000,1745800000,2250620000,34,34,104,172,-1110000,-11820000,12930000,0,8,-2,7,13
1_1615,425240000,1674620000,400140000,2500000000,35,38,93,166,446440000,1609410000,444150000,2500000000,34,37,103,174,21200000,-65210000,44010000,0,-1,-1,10,8
1_1616,400140000,1825160000,274700000,2500000000,26,28,78,132,394760000,1777070000,328170000,2500000000,21,23,68,112,-5380000,-48090000,53470000,0,-5,-5,-10,-20
1_1617,195180000,1970670000,334150000,2500000000,20,30,78,128,213140000,1939640000,347220000,2500000000,27,29,84,140,17960000,-31030000,13070000,0,7,-1,6,12
1_1618,39400000,2220120000,240480000,2500000000,9,29,63,101,39730000,2014370000,445900000,2500000000,14,32,67,113,330000,-205750000,205420000,0,5,3,4,12
1_1619,158840000,1516760000,262250000,1937850000,27,38,98,163,177350000,1416020000,339600000,1932970000,31,32,88,151,18510000,-100740000,77350000,-4880000,4,-6,-10,-12
1_1620,581050000,1354180000,564770000,2500000000,16,20,56,92,560420000,1453190000,486390000,2500000000,20,22,60,102,-20630000,99010000,-78380000,0,4,2,4,10
1_1621,356240000,1277510000,471310000,2105060000,21,22,66,109,340870000,1293820000,466320000,2101010000,27,27,79,133,-15370000,16310000,-4990000,-4050000,6,5,13,24
1_1622,121290000,939920000,455820000,1517030000,29,31,95,155,108510000,958340000,426740000,1493590000,32,29,85,146,-12780000,18420000,-29080000,-23440000,3,-2,-10,-9
1_1623,438050000,1212180000,812180000,2462410000,21,29,79,129,417450000,1310970000,732760000,2461180000,29,28,89,146,-20600000,98790000,-79420000,-1230000,8,-1,10,17
1_1624,174900000,312850000,209570000,697320000,29,32,87,148,159560000,362480000,172170000,694210000,29,26,80,135,-15340000,49630000,-37400000,-3110000,0,-6,-7,-13
1_1625,16180000,1028410000,1444280000,2488870000,24,40,91,155,31320000,1023590000,1433960000,2488870000,30,34,95,159,15140000,-4820000,-10320000,0,6,-6,4,4
1_1626,557580000,1380180000,562240000,2500000000,26,37,96,159,568380000,1339700000,591920000,2500000000,27,30,98,155,10800000,-40480000,29680000,0,1,-7,2,-4
1_1627,58340000,256920000,2184740000,2500000000,22,39,86,147,58730000,299180000,2142090000,2500000000,24,36,87,147,390000,42260000,-42650000,0,2,-3,1,0
1_1628,213990000,443770000,271400000,929160000,20,44,86,150,206100000,401590000,261130000,868820000,34,36,100,170,-7890000,-42180000,-10270000,-60340000,14,-8,14,20
1_1629,123200000,358420000,1090570000,1572190000,25,36,86,147,104880000,375250000,1048970000,1529100000,28,39,95,162,-18320000,16830000,-41600000,-43090000,3,3,9,15
1_1630,673530000,1314770000,511700000,2500000000,40,38,93,171,739740000,1190160000,570100000,2500000000,44,33,90,167,66210000,-124610000,58400000,0,4,-5,-3,-4
1_1631,1087940000,1054540000,357520000,2500000000,40,32,86,158,1078540000,949170000,472290000,2500000000,47,28,85,160,-9400000,-105370000,114770000,0,7,-4,-1,2
1_1632,758540000,1246680000,494780000,2500000000,37,31,85,153,832530000,980940000,686530000,2500000000,47,32,91,170,73990000,-265740000,191750000,0,10,1,6,17
1_1633,1055000000,789250000,441200000,2285450000,42,33,87,162,1123630000,687430000,413820000,2224880000,47,38,90,175,68630000,-101820000,-27380000,-60570000,5,5,3,13
1_1634,717220000,1501540000,281240000,2500000000,34,25,79,138,719440000,1502280000,278280000,2500000000,41,27,80,148,2220000,740000,-2960000,0,7,2,1,10
1_1635,725520000,1416470000,358010000,2500000000,36,30,83,149,725650000,1433330000,341020000,2500000000,41,25,74,140,130000,16860000,-16990000,0,5,-5,-9,-9
1_1636,712850000,1379040000,408110000,2500000000,40,34,84,158,744620000,1340850000,414530000,2500000000,45,26,80,151,31770000,-38190000,6420000,0,5,-8,-4,-7
1_1637,535150000,1619680000,345170000,2500000000,40,31,85,156,584740000,1473800000,441460000,2500000000,41,27,80,148,49590000,-145880000,96290000,0,1,-4,-5,-8
1_1638,333650000,1730000,113960000,449340000,38,12,64,114,271700000,120000,124820000,396640000,39,15,66,120,-61950000,-1610000,10860000,-52700000,1,3,2,6
1_1639,241540000,51400000,54660000,347600000,35,14,70,119,235390000,38590000,64340000,338320000,38,17,64,119,-6150000,-12810000,9680000,-9280000,3,3,-6,0
1_1640,0,0,0,0,34,34,88,156,0,0,0,0,36,34,92,162,0,0,0,0,2,0,4,6
1_1641,15380000,56840000,20130000,92350000,33,35,94,162,15930000,55070000,25000000,96000000,34,32,85,151,550000,-1770000,4870000,3650000,1,-3,-9,-11
1_1642,856320000,142160000,261250000,1259730000,42,27,84,153,715160000,90110000,183360000,988630000,47,38,89,174,-141160000,-52050000,-77890000,-271100000,5,11,5,21
1_1643,757790000,383810000,247440000,1389040000,42,32,82,156,720190000,310710000,288240000,1319140000,47,34,90,171,-37600000,-73100000,40800000,-69900000,5,2,8,15
1_1644,0,0,0,0,46,34,89,169,0,0,0,0,46,39,89,174,0,0,0,0,0,5,0,5
1_1645,764330000,1324650000,411020000,2500000000,39,30,86,155,789570000,1111460000,598970000,2500000000,45,35,91,171,25240000,-213190000,187950000,0,6,5,5,16
1_1646,1103070000,898010000,498920000,2500000000,41,34,88,163,1162320000,709390000,628290000,2500000000,47,37,98,182,59250000,-188620000,129370000,0,6,3,10,19
1_1647,712690000,629960000,598610000,1941260000,40,36,88,164,702580000,527090000,679140000,1908810000,49,39,94,182,-10110000,-102870000,80530000,-32450000,9,3,6,18
1_1648,298810000,750940000,294270000,1344020000,41,36,84,161,270090000,634400000,327650000,1232140000,47,40,98,185,-28720000,-116540000,33380000,-111880000,6,4,14,24
1_1649,129310000,1410370000,583770000,2123450000,37,24,80,141,139510000,1331990000,627680000,2099180000,29,31,81,141,10200000,-78380000,43910000,-24270000,-8,7,1,0
1_1650,237850000,252880000,174920000,665650000,41,37,88,166,229830000,226530000,206490000,662850000,48,40,98,186,-8020000,-26350000,31570000,-2800000,7,3,10,20
1_1651,8240000,234820000,123500000,366560000,27,31,85,143,11950000,222140000,105530000,339620000,25,26,78,129,3710000,-12680000,-17970000,-26940000,-2,-5,-7,-14
1_1652,1027660000,1044470000,427870000,2500000000,34,27,74,135,935590000,1014360000,550050000,2500000000,41,27,85,153,-92070000,-30110000,122180000,0,7,0,11,18
1_1653,347090000,1985300000,167610000,2500000000,33,22,74,129,338580000,1984890000,176530000,2500000000,41,25,77,143,-8510000,-410000,8920000,0,8,3,3,14
1_1654,1281240000,562180000,656580000,2500000000,38,29,81,148,1133590000,563940000,802470000,2500000000,45,34,82,161,-147650000,1760000,145890000,0,7,5,1,13
1_1655,783190000,1351240000,365570000,2500000000,38,30,78,146,776000000,1330400000,393600000,2500000000,44,33,83,160,-7190000,-20840000,28030000,0,6,3,5,14
1_1656,856970000,378610000,1264420000,2500000000,40,33,90,163,742130000,245580000,1512290000,2500000000,48,33,91,172,-114840000,-133030000,247870000,0,8,0,1,9
1_1657,1148750000,910700000,440550000,2500000000,40,31,79,150,963090000,790170000,746740000,2500000000,47,33,83,163,-185660000,-120530000,306190000,0,7,2,4,13
1_1658,1276280000,752890000,470830000,2500000000,43,30,80,153,1092250000,614420000,793330000,2500000000,46,30,83,159,-184030000,-138470000,322500000,0,3,0,3,6
1_1659,1148940000,488510000,862550000,2500000000,47,37,95,179,1183430000,431710000,884860000,2500000000,47,40,95,182,34490000,-56800000,22310000,0,0,3,0,3
1_1660,1285070000,683820000,531110000,2500000000,45,37,94,176,1144310000,602020000,753670000,2500000000,46,37,93,176,-140760000,-81800000,222560000,0,1,0,-1,0
1_1661,881010000,772600000,846390000,2500000000,49,38,93,180,893500000,478570000,1127930000,2500000000,47,34,92,173,12490000,-294030000,281540000,0,-2,-4,-1,-7
1_1662,1284470000,737040000,478490000,2500000000,42,23,78,143,1322890000,579590000,597520000,2500000000,44,31,79,154,38420000,-157450000,119030000,0,2,8,1,11
1_1663,862330000,380120000,1257550000,2500000000,42,39,101,182,908280000,335860000,1255860000,2500000000,50,38,106,194,45950000,-44260000,-1690000,0,8,-1,5,12
1_1664,1442140000,518640000,539220000,2500000000,45,37,88,170,1461880000,497040000,541080000,2500000000,47,37,93,177,19740000,-21600000,1860000,0,2,0,5,7
1_1665,1392240000,734210000,373550000,2500000000,43,34,87,164,1461930000,697120000,340950000,2500000000,46,40,92,178,69690000,-37090000,-32600000,0,3,6,5,14
1_1666,1696610000,184080000,619310000,2500000000,40,30,80,150,1823920000,142940000,533140000,2500000000,49,37,87,173,127310000,-41140000,-86170000,0,9,7,7,23
1_1667,1510720000,354850000,634430000,2500000000,44,33,82,159,1507040000,335700000,657260000,2500000000,48,34,90,172,-3680000,-19150000,22830000,0,4,1,8,13
1_1668,1738620000,185200000,576180000,2500000000,41,31,80,152,1889930000,169140000,440930000,2500000000,46,35,85,166,151310000,-16060000,-135250000,0,5,4,5,14
1_1669,1887840000,75710000,536450000,2500000000,40,27,75,142,2034880000,56180000,408940000,2500000000,49,33,86,168,147040000,-19530000,-127510000,0,9,6,11,26
1_1670,1220560000,391930000,887510000,2500000000,39,32,73,144,1565040000,412400000,522560000,2500000000,45,36,85,166,344480000,20470000,-364950000,0,6,4,12,22
1_1671,1307470000,160250000,1032280000,2500000000,40,33,83,156,1699900000,175090000,625010000,2500000000,46,33,83,162,392430000,14840000,-407270000,0,6,0,0,6
1_1672,1101970000,551820000,846210000,2500000000,42,31,82,155,981600000,636350000,882050000,2500000000,46,32,78,156,-120370000,84530000,35840000,0,4,1,-4,1
1_1673,743930000,694280000,1061790000,2500000000,45,37,97,179,681660000,841260000,977080000,2500000000,48,41,94,183,-62270000,146980000,-84710000,0,3,4,-3,4
1_1674,1301540000,732100000,466360000,2500000000,44,27,79,150,1145060000,675030000,679910000,2500000000,45,34,78,157,-156480000,-57070000,213550000,0,1,7,-1,7
1_1675,1224370000,471020000,804610000,2500000000,38,26,75,139,1022710000,450400000,1026890000,2500000000,45,31,79,155,-201660000,-20620000,222280000,0,7,5,4,16
1_1676,1338000000,585670000,576330000,2500000000,42,28,85,155,1265020000,569000000,665980000,2500000000,45,31,77,153,-72980000,-16670000,89650000,0,3,3,-8,-2
1_1677,1262780000,677800000,559420000,2500000000,46,29,79,154,1156110000,612520000,731370000,2500000000,46,36,83,165,-106670000,-65280000,171950000,0,0,7,4,11
1_1678,1045510000,780710000,673780000,2500000000,43,34,85,162,1061920000,816590000,621490000,2500000000,44,33,79,156,16410000,35880000,-52290000,0,1,-1,-6,-6
1_1679,1234080000,801680000,464240000,2500000000,43,29,81,153,1125130000,776270000,598600000,2500000000,45,33,82,160,-108950000,-25410000,134360000,0,2,4,1,7
1_1680,923520000,923330000,653150000,2500000000,44,38,93,175,911680000,1025610000,562710000,2500000000,48,38,89,175,-11840000,102280000,-90440000,0,4,0,-4,0
1_1681,1081290000,988200000,430510000,2500000000,40,29,81,150,1076330000,1088370000,335300000,2500000000,44,31,81,156,-4960000,100170000,-95210000,0,4,2,0,6
1_1682,1228460000,617130000,654410000,2500000000,47,34,94,175,1247620000,569800000,682580000,2500000000,47,34,88,169,19160000,-47330000,28170000,0,0,0,-6,-6
1_1683,1136080000,840820000,523100000,2500000000,42,26,77,145,1147540000,877580000,474880000,2500000000,43,27,74,144,11460000,36760000,-48220000,0,1,1,-3,-1
1_1684,1075970000,732780000,691250000,2500000000,44,29,89,162,1036770000,764380000,698850000,2500000000,48,37,89,174,-39200000,31600000,7600000,0,4,8,0,12
1_1685,1327570000,734910000,437520000,2500000000,42,28,87,157,1308100000,721810000,470090000,2500000000,45,33,84,162,-19470000,-13100000,32570000,0,3,5,-3,5
1_1686,539490000,206220000,1718080000,2463790000,43,33,94,170,548300000,185780000,1729710000,2463790000,48,36,102,186,8810000,-20440000,11630000,0,5,3,8,16
1_1687,197560000,33470000,1908240000,2139270000,39,35,83,157,206080000,29220000,1903970000,2139270000,46,37,84,167,8520000,-4250000,-4270000,0,7,2,1,10
1_1688,142360000,11770000,2014910000,2169040000,34,28,82,144,145650000,7790000,2015600000,2169040000,38,32,88,158,3290000,-3980000,690000,0,4,4,6,14
1_1689,1297090000,468500000,734410000,2500000000,47,37,92,176,1391380000,443480000,665140000,2500000000,44,37,86,167,94290000,-25020000,-69270000,0,-3,0,-6,-9
1_1690,1191370000,936650000,371980000,2500000000,42,30,86,158,1357030000,921630000,221340000,2500000000,44,37,89,170,165660000,-15020000,-150640000,0,2,7,3,12
1_1691,1590870000,267620000,641510000,2500000000,39,33,89,161,1599160000,242250000,658590000,2500000000,47,36,93,176,8290000,-25370000,17080000,0,8,3,4,15
1_1692,1322520000,754690000,422790000,2500000000,42,38,94,174,1356460000,740120000,403420000,2500000000,47,40,101,188,33940000,-14570000,-19370000,0,5,2,7,14
1_1693,1576860000,201930000,721210000,2500000000,43,33,82,158,1663310000,158360000,678330000,2500000000,48,35,84,167,86450000,-43570000,-42880000,0,5,2,2,9
1_1694,1371420000,212050000,916530000,2500000000,39,30,79,148,1355740000,182160000,962100000,2500000000,44,35,83,162,-15680000,-29890000,45570000,0,5,5,4,14
1_1695,1740410000,108970000,650620000,2500000000,38,31,81,150,1753930000,81260000,664810000,2500000000,44,32,84,160,13520000,-27710000,14190000,0,6,1,3,10
1_1696,1733680000,113320000,653000000,2500000000,39,25,80,144,1689760000,76080000,734160000,2500000000,42,26,80,148,-43920000,-37240000,81160000,0,3,1,0,4
1_1697,1619700000,130280000,750020000,2500000000,43,30,81,154,1698720000,102280000,699000000,2500000000,45,32,83,160,79020000,-28000000,-51020000,0,2,2,2,6
1_1698,1658220000,246080000,595700000,2500000000,44,30,83,157,1731170000,208040000,560790000,2500000000,47,34,87,168,72950000,-38040000,-34910000,0,3,4,4,11
1_1699,1431050000,175460000,893490000,2500000000,41,33,84,158,1472860000,135760000,891380000,2500000000,45,30,82,157,41810000,-39700000,-2110000,0,4,-3,-2,-1
1_1700,1607960000,177360000,714680000,2500000000,45,31,84,160,1626890000,151920000,721190000,2500000000,48,33,84,165,18930000,-25440000,6510000,0,3,2,0,5
1_1701,1711090000,388920000,399990000,2500000000,39,30,76,145,1802560000,399900000,297540000,2500000000,45,35,87,167,91470000,10980000,-102450000,0,6,5,11,22
1_1702,1657020000,151880000,691100000,2500000000,39,32,78,149,1822590000,125780000,551630000,2500000000,48,35,84,167,165570000,-26100000,-139470000,0,9,3,6,18
1_1703,1660200000,308140000,531660000,2500000000,39,28,75,142,1743440000,345240000,411320000,2500000000,42,37,82,161,83240000,37100000,-120340000,0,3,9,7,19
1_1704,1716990000,192850000,590160000,2500000000,39,29,77,145,1796250000,181150000,522600000,2500000000,39,32,83,154,79260000,-11700000,-67560000,0,0,3,6,9
1_1705,587730000,923280000,988990000,2500000000,35,28,75,138,651380000,903760000,944860000,2500000000,42,32,84,158,63650000,-19520000,-44130000,0,7,4,9,20
1_1706,777370000,858180000,860060000,2495610000,30,26,75,131,833790000,683140000,976320000,2493250000,43,29,84,156,56420000,-175040000,116260000,-2360000,13,3,9,25
1_1707,309090000,231600000,349370000,890060000,43,33,88,164,349010000,169640000,393650000,912300000,48,39,96,183,39920000,-61960000,44280000,22240000,5,6,8,19
1_1708,884480000,473540000,310330000,1668350000,38,30,81,149,904000000,390140000,419100000,1713240000,46,26,75,147,19520000,-83400000,108770000,44890000,8,-4,-6,-2
1_1709,921130000,749460000,656790000,2327380000,35,29,73,137,936890000,626610000,821930000,2385430000,45,35,81,161,15760000,-122850000,165140000,58050000,10,6,8,24
1_1710,391580000,235150000,885510000,1512240000,41,31,80,152,395750000,245880000,870610000,1512240000,46,36,85,167,4170000,10730000,-14900000,0,5,5,5,15
1_1711,842610000,648590000,472510000,1963710000,40,33,89,162,852270000,684800000,426640000,1963710000,44,31,83,158,9660000,36210000,-45870000,0,4,-2,-6,-4
1_1712,996940000,325600000,1177460000,2500000000,44,31,84,159,1010280000,250480000,1239240000,2500000000,47,37,91,175,13340000,-75120000,61780000,0,3,6,7,16
1_1713,329720000,88440000,1187750000,1605910000,41,31,79,151,333560000,71540000,1200650000,1605750000,41,34,84,159,3840000,-16900000,12900000,-160000,0,3,5,8
1_1714,1776350000,242370000,481280000,2500000000,39,30,82,151,1752710000,199070000,548220000,2500000000,45,33,86,164,-23640000,-43300000,66940000,0,6,3,4,13
1_1715,1545230000,343950000,600450000,2489630000,43,38,99,180,1557400000,311350000,620850000,2489600000,47,41,105,193,12170000,-32600000,20400000,-30000,4,3,6,13
1_1716,998370000,313750000,925560000,2237680000,44,35,91,170,1009820000,286330000,941540000,2237690000,49,38,94,181,11450000,-27420000,15980000,10000,5,3,3,11
1_1717,1709700000,189550000,600750000,2500000000,40,29,81,150,1718860000,166800000,614340000,2500000000,45,35,84,164,9160000,-22750000,13590000,0,5,6,3,14
1_1718,1740790000,128680000,630530000,2500000000,39,26,79,144,1678070000,93630000,728300000,2500000000,45,33,87,165,-62720000,-35050000,97770000,0,6,7,8,21
1_1719,1430800000,153280000,915920000,2500000000,42,31,79,152,1320860000,148090000,1031050000,2500000000,41,32,84,157,-109940000,-5190000,115130000,0,-1,1,5,5
1_1720,1655820000,60730000,783450000,2500000000,38,30,79,147,1556160000,46090000,897750000,2500000000,39,30,76,145,-99660000,-14640000,114300000,0,1,0,-3,-2
1_1721,1362480000,227770000,909750000,2500000000,41,27,78,146,1369210000,196190000,934600000,2500000000,47,34,82,163,6730000,-31580000,24850000,0,6,7,4,17
1_1722,1734550000,141320000,624130000,2500000000,41,29,80,150,1701140000,105370000,693490000,2500000000,46,36,87,169,-33410000,-35950000,69360000,0,5,7,7,19
1_1723,1566770000,201400000,731830000,2500000000,39,26,77,142,1636050000,177150000,686800000,2500000000,46,33,79,158,69280000,-24250000,-45030000,0,7,7,2,16
1_1724,1668410000,62180000,769410000,2500000000,41,28,80,149,1689820000,41470000,768710000,2500000000,44,23,72,139,21410000,-20710000,-700000,0,3,-5,-8,-10
1_1725,1505070000,208780000,786150000,2500000000,38,29,74,141,1827920000,205730000,466350000,2500000000,42,32,77,151,322850000,-3050000,-319800000,0,4,3,3,10
1_1726,1483760000,423910000,592330000,2500000000,43,35,86,164,1582050000,397670000,520280000,2500000000,46,36,83,165,98290000,-26240000,-72050000,0,3,1,-3,1
1_1727,1713150000,91820000,695030000,2500000000,38,25,71,134,2056060000,86210000,357730000,2500000000,44,29,80,153,342910000,-5610000,-337300000,0,6,4,9,19
1_1728,1692440000,130040000,677520000,2500000000,38,29,76,143,1906270000,116480000,477250000,2500000000,44,30,79,153,213830000,-13560000,-200270000,0,6,1,3,10
1_1729,1383760000,134870000,981370000,2500000000,42,30,80,152,1393290000,111710000,995000000,2500000000,47,34,87,168,9530000,-23160000,13630000,0,5,4,7,16
1_1730,1098490000,190390000,461810000,1750690000,47,31,87,165,951240000,159340000,640040000,1750620000,48,34,93,175,-147250000,-31050000,178230000,-70000,1,3,6,10
1_1731,1541840000,210400000,747760000,2500000000,41,32,82,155,1625560000,186390000,688050000,2500000000,48,37,90,175,83720000,-24010000,-59710000,0,7,5,8,20
1_1732,1189920000,280870000,1029210000,2500000000,43,34,86,163,1207080000,259010000,1033910000,2500000000,50,36,89,175,17160000,-21860000,4700000,0,7,2,3,12
1_1733,1693160000,47980000,757790000,2498930000,38,27,73,138,2124260000,43090000,331580000,2498930000,45,29,76,150,431100000,-4890000,-426210000,0,7,2,3,12
1_1734,1195550000,130370000,1174080000,2500000000,42,29,77,148,1479670000,117750000,902580000,2500000000,47,32,81,160,284120000,-12620000,-271500000,0,5,3,4,12
1_1735,775500000,128310000,1586670000,2490480000,45,40,103,188,861500000,151020000,1477960000,2490480000,51,41,105,197,86000000,22710000,-108710000,0,6,1,2,9
1_1736,1473230000,434850000,591920000,2500000000,36,32,81,149,1682100000,473130000,344770000,2500000000,49,39,93,181,208870000,38280000,-247150000,0,13,7,12,32
1_1737,183140000,16460000,2282020000,2481620000,42,32,85,159,280210000,9930000,2191480000,2481620000,48,37,94,179,97070000,-6530000,-90540000,0,6,5,9,20
1_1738,1436320000,33410000,1030270000,2500000000,37,27,74,138,1423930000,28460000,1047610000,2500000000,43,24,69,136,-12390000,-4950000,17340000,0,6,-3,-5,-2
1_1739,1376110000,220690000,903200000,2500000000,39,31,81,151,1637180000,209060000,653760000,2500000000,46,35,84,165,261070000,-11630000,-249440000,0,7,4,3,14
1_1740,1126990000,582530000,790480000,2500000000,44,43,93,180,1338160000,625210000,536630000,2500000000,48,46,100,194,211170000,42680000,-253850000,0,4,3,7,14
1_1741,1638420000,296290000,565290000,2500000000,39,32,82,153,1745170000,318210000,436620000,2500000000,42,35,86,163,106750000,21920000,-128670000,0,3,3,4,10
1_1742,1274320000,138170000,1087510000,2500000000,39,30,83,152,1465510000,149400000,885090000,2500000000,48,34,89,171,191190000,11230000,-202420000,0,9,4,6,19
1_1743,1489340000,144800000,865860000,2500000000,38,31,84,153,1626360000,146720000,726920000,2500000000,44,38,84,166,137020000,1920000,-138940000,0,6,7,0,13
1_1744,1009210000,67430000,1423360000,2500000000,42,33,86,161,1274850000,57610000,1167540000,2500000000,42,36,93,171,265640000,-9820000,-255820000,0,0,3,7,10
1_1745,850680000,131650000,1517670000,2500000000,43,39,95,177,1016530000,93600000,1389870000,2500000000,50,43,112,205,165850000,-38050000,-127800000,0,7,4,17,28
1_1746,1084960000,40710000,1374330000,2500000000,38,28,78,144,1339800000,32240000,1127960000,2500000000,38,29,73,140,254840000,-8470000,-246370000,0,0,1,-5,-4
1_1747,1260970000,51560000,1187470000,2500000000,38,28,78,144,1632090000,39420000,828490000,2500000000,46,28,82,156,371120000,-12140000,-358980000,0,8,0,4,12
1_1748,1435510000,22500000,1041990000,2500000000,37,30,76,143,1627820000,15120000,857060000,2500000000,49,31,87,167,192310000,-7380000,-184930000,0,12,1,11,24
1_1749,1159940000,68740000,1271320000,2500000000,38,25,72,135,1568530000,73170000,858300000,2500000000,45,28,81,154,408590000,4430000,-413020000,0,7,3,9,19
1_1750,1593830000,20790000,885380000,2500000000,35,25,74,134,1926960000,12480000,560560000,2500000000,44,29,77,150,333130000,-8310000,-324820000,0,9,4,3,16
1_1751,1174910000,32720000,1292370000,2500000000,39,25,74,138,1505280000,25800000,968920000,2500000000,41,26,69,136,330370000,-6920000,-323450000,0,2,1,-5,-2
1_1752,1640050000,9450000,850500000,2500000000,30,23,62,115,1657770000,5890000,836340000,2500000000,38,24,69,131,17720000,-3560000,-14160000,0,8,1,7,16
1_1753,1704580000,15280000,780140000,2500000000,33,23,70,126,1948690000,11220000,540090000,2500000000,41,23,66,130,244110000,-4060000,-240050000,0,8,0,-4,4
1_1754,1428450000,26820000,1044730000,2500000000,35,26,68,129,1543270000,20650000,936080000,2500000000,39,27,71,137,114820000,-6170000,-108650000,0,4,1,3,8
1_1755,1382660000,6310000,1111030000,2500000000,32,25,67,124,1728010000,6020000,765970000,2500000000,38,22,63,123,345350000,-290000,-345060000,0,6,-3,-4,-1
1_1756,1495670000,620000,1003710000,2500000000,25,21,60,106,1560510000,1850000,937640000,2500000000,34,21,65,120,64840000,1230000,-66070000,0,9,0,5,14
1_1757,1498570000,12200000,989230000,2500000000,34,26,64,124,1514210000,10610000,975180000,2500000000,40,25,73,138,15640000,-1590000,-14050000,0,6,-1,9,14
1_1758,1616300000,0,883700000,2500000000,33,24,61,118,1619000000,0,881000000,2500000000,31,23,59,113,2700000,0,-2700000,0,-2,-1,-2,-5
1_1759,1297770000,1630000,1200600000,2500000000,35,25,68,128,1364050000,1300000,1134650000,2500000000,36,27,67,130,66280000,-330000,-65950000,0,1,2,-1,2
1_1760,1677400000,620000,821980000,2500000000,12,19,40,71,1677250000,770000,821980000,2500000000,20,14,49,83,-150000,150000,0,0,8,-5,9,12
1_1761,1355580000,0,1144420000,2500000000,22,29,62,113,1460080000,0,1039920000,2500000000,29,21,59,109,104500000,0,-104500000,0,7,-8,-3,-4
1_1762,1040960000,0,1459040000,2500000000,28,28,65,121,1344920000,0,1155080000,2500000000,33,22,64,119,303960000,0,-303960000,0,5,-6,-1,-2
1_1763,1728410000,0,771590000,2500000000,33,30,68,131,1867040000,290000,632670000,2500000000,38,23,73,134,138630000,290000,-138920000,0,5,-7,5,3
1_1764,418550000,13010000,2068440000,2500000000,21,31,71,123,417940000,13190000,2068870000,2500000000,26,30,75,131,-610000,180000,430000,0,5,-1,4,8
1_1765,1123080000,2340000,1374580000,2500000000,17,25,57,99,1122940000,2490000,1374570000,2500000000,18,21,52,91,-140000,150000,-10000,0,1,-4,-5,-8
1_1766,202080000,0,2297920000,2500000000,14,19,51,84,194710000,0,2305290000,2500000000,19,22,54,95,-7370000,0,7370000,0,5,3,3,11
1_1767,587200000,4880000,1907920000,2500000000,31,29,66,126,629530000,4070000,1866400000,2500000000,32,31,69,132,42330000,-810000,-41520000,0,1,2,3,6
1_1768,1170000,0,2498830000,2500000000,10,28,56,94,1170000,0,2498830000,2500000000,10,19,39,68,0,0,0,0,0,-9,-17,-26
1_1769,181240000,8300000,2310460000,2500000000,12,26,56,94,181240000,8300000,2310460000,2500000000,17,19,51,87,0,0,0,0,5,-7,-5,-7
1_1770,1457070000,30660000,1012270000,2500000000,37,27,71,135,1649640000,27300000,823060000,2500000000,44,30,78,152,192570000,-3360000,-189210000,0,7,3,7,17
1_1771,1539020000,30700000,930280000,2500000000,36,26,71,133,1773910000,22110000,703980000,2500000000,47,29,74,150,234890000,-8590000,-226300000,0,11,3,3,17
1_1772,1536780000,89970000,873250000,2500000000,39,26,76,141,1773280000,68320000,658400000,2500000000,47,32,82,161,236500000,-21650000,-214850000,0,8,6,6,20
1_1773,1501250000,31940000,966810000,2500000000,40,26,75,141,1812220000,18560000,669220000,2500000000,43,28,84,155,310970000,-13380000,-297590000,0,3,2,9,14
1_1774,1159560000,21050000,1319390000,2500000000,41,28,80,149,1520250000,14560000,965190000,2500000000,39,26,78,143,360690000,-6490000,-354200000,0,-2,-2,-2,-6
1_1775,1255110000,24910000,1219980000,2500000000,34,25,70,129,1463120000,17120000,1019760000,2500000000,43,26,77,146,208010000,-7790000,-200220000,0,9,1,7,17
1_1776,1547830000,21600000,930570000,2500000000,37,24,69,130,1758190000,19920000,721890000,2500000000,39,24,73,136,210360000,-1680000,-208680000,0,2,0,4,6
1_1777,1323090000,18790000,1158120000,2500000000,38,25,74,137,1851790000,15380000,632830000,2500000000,42,26,72,140,528700000,-3410000,-525290000,0,4,1,-2,3
1_1778,1371980000,27100000,1100830000,2499910000,31,25,66,122,1748710000,19790000,731410000,2499910000,40,28,78,146,376730000,-7310000,-369420000,0,9,3,12,24
1_1779,1523230000,7620000,969150000,2500000000,32,25,68,125,1560760000,9360000,929880000,2500000000,37,24,73,134,37530000,1740000,-39270000,0,5,-1,5,9
1_1780,1656440000,20660000,822900000,2500000000,37,25,68,130,1692170000,16160000,791670000,2500000000,44,27,81,152,35730000,-4500000,-31230000,0,7,2,13,22
1_1781,1689360000,5310000,805330000,2500000000,32,25,65,122,1720930000,5610000,773460000,2500000000,40,23,71,134,31570000,300000,-31870000,0,8,-2,6,12
1_1782,1737250000,0,762750000,2500000000,31,30,67,128,1768500000,320000,731180000,2500000000,37,31,68,136,31250000,320000,-31570000,0,6,1,1,8
1_1783,1118800000,650000,1380550000,2500000000,34,27,67,128,1180000000,0,1320000000,2500000000,31,24,64,119,61200000,-650000,-60550000,0,-3,-3,-3,-9
1_1784,1619580000,0,875170000,2494750000,31,22,59,112,1719010000,0,775720000,2494730000,33,20,56,109,99430000,0,-99450000,-20000,2,-2,-3,-3
1_1785,1114860000,0,1385140000,2500000000,32,28,67,127,1258820000,0,1241180000,2500000000,31,27,72,130,143960000,0,-143960000,0,-1,-1,5,3
1_1786,1578720000,4920000,916360000,2500000000,35,32,77,144,1852610000,3380000,644010000,2500000000,42,31,80,153,273890000,-1540000,-272350000,0,7,-1,3,9
1_1787,802650000,33190000,1664160000,2500000000,21,31,58,110,737140000,33650000,1729210000,2500000000,28,31,68,127,-65510000,460000,65050000,0,7,0,10,17
1_1788,332060000,0,2167940000,2500000000,28,25,63,116,442000000,0,2058000000,2500000000,32,26,66,124,109940000,0,-109940000,0,4,1,3,8
1_1789,410600000,22560000,2066840000,2500000000,16,28,58,102,410590000,23670000,2065740000,2500000000,20,30,68,118,-10000,1110000,-1100000,0,4,2,10,16
1_1790,991020000,3080000,1505900000,2500000000,26,28,66,120,1111720000,3080000,1385200000,2500000000,40,30,74,144,120700000,0,-120700000,0,14,2,8,24
1_1791,304480000,18440000,2177080000,2500000000,12,24,49,85,304470000,18440000,2177090000,2500000000,16,22,48,86,-10000,0,10000,0,4,-2,-1,1
1_1792,86550000,7430000,2406020000,2500000000,15,24,50,89,86450000,7430000,2406120000,2500000000,13,24,60,97,-100000,0,100000,0,-2,0,10,8
1_1793,1205580000,22000000,1081960000,2309540000,35,26,69,130,1543740000,9130000,756730000,2309600000,37,22,67,126,338160000,-12870000,-325230000,60000,2,-4,-2,-4
1_1794,1455100000,34380000,1004730000,2494210000,38,26,71,135,1746770000,22260000,725190000,2494220000,45,26,82,153,291670000,-12120000,-279540000,10000,7,0,11,18
1_1795,1224550000,11730000,680780000,1917060000,39,28,75,142,1430440000,8650000,477980000,1917070000,41,24,72,137,205890000,-3080000,-202800000,10000,2,-4,-3,-5
1_1796,972000000,8860000,681390000,1662250000,33,23,67,123,1033180000,4970000,624090000,1662240000,39,26,71,136,61180000,-3890000,-57300000,-10000,6,3,4,13
1_1797,1344420000,57820000,769090000,2171330000,44,31,84,159,1483150000,51760000,636360000,2171270000,50,37,91,178,138730000,-6060000,-132730000,-60000,6,6,7,19
1_1798,602290000,1632990000,264720000,2500000000,39,27,83,149,720540000,1382320000,397140000,2500000000,39,25,79,143,118250000,-250670000,132420000,0,0,-2,-4,-6
1_1799,1672600000,44160000,783240000,2500000000,41,31,81,153,1863370000,31950000,604680000,2500000000,51,36,87,174,190770000,-12210000,-178560000,0,10,5,6,21
1_1800,1772720000,99950000,532700000,2405370000,43,31,78,152,1911620000,92500000,401250000,2405370000,48,39,89,176,138900000,-7450000,-131450000,0,5,8,11,24
1_1801,1363470000,29410000,660390000,2053270000,42,29,78,149,1585430000,21980000,445850000,2053260000,50,33,83,166,221960000,-7430000,-214540000,-10000,8,4,5,17
1_1802,6740000,685940000,1651860000,2344540000,27,35,87,149,3700000,706980000,1633860000,2344540000,21,33,77,131,-3040000,21040000,-18000000,0,-6,-2,-10,-18
1_1803,748810000,487220000,1263970000,2500000000,30,38,86,154,887140000,565650000,1047210000,2500000000,33,34,93,160,138330000,78430000,-216760000,0,3,-4,7,6
1_1804,0,6450000,2238960000,2245410000,6,24,42,72,0,6450000,2238960000,2245410000,8,31,49,88,0,0,0,0,2,7,7,16
4_001,2051950000,7390100000,4920180000,14362230000,46,43,107,196,2092410000,7255770000,5014050000,14362230000,43,37,93,173,40460000,-134330000,93870000,0,-3,-6,-14,-23
4_002,6205350000,1607970000,2917550000,10730870000,44,33,86,163,6123690000,1635320000,2932730000,10691740000,47,38,100,185,-81660000,27350000,15180000,-39130000,3,5,14,22
4_003,991170000,6185410000,1939980000,9116560000,25,22,73,120,1065880000,6099210000,1951470000,9116560000,48,35,91,174,74710000,-86200000,11490000,0,23,13,18,54
4_004,5499890000,620000,3765790000,9266300000,37,35,101,173,5755350000,2370000,3508580000,9266300000,18,22,60,100,255460000,1750000,-257210000,0,-19,-13,-41,-73
4_005,4108580000,3504780000,3327590000,10940950000,51,36,106,193,4120020000,3430980000,3389950000,10940950000,49,32,101,182,11440000,-73800000,62360000,0,-2,-4,-5,-11
4_006,1417710000,3443010000,825630000,5686350000,34,24,82,140,1459020000,3379480000,847850000,5686350000,31,37,101,169,41310000,-63530000,22220000,0,-3,13,19,29
4_007,1191470000,3307380000,734230000,5233080000,34,36,93,163,1272610000,3149950000,831990000,5254550000,34,24,83,141,81140000,-157430000,97760000,21470000,0,-12,-10,-22
4_008,9507020000,422100000,4271570000,14200690000,32,30,69,131,10412000000,460570000,3328120000,14200690000,41,30,92,163,904980000,38470000,-943450000,0,9,0,23,32
4_009,4109250000,9971000000,5110260000,19190510000,35,34,91,160,4238460000,9999110000,4952940000,19190510000,19,24,67,110,129210000,28110000,-157320000,0,-16,-10,-24,-50
4_010,2428220000,4036990000,6979670000,13444880000,35,34,96,165,3166610000,3125710000,7152560000,13444880000,51,45,105,201,738390000,-911280000,172890000,0,16,11,9,36
4_011,3456650000,5944780000,1055700000,10457130000,37,34,82,153,3552970000,5799340000,1104820000,10457130000,46,32,95,173,96320000,-145440000,49120000,0,9,-2,13,20
4_012,2194780000,4119730000,2776980000,9091490000,49,37,95,181,2709350000,3672670000,2709470000,9091490000,28,36,97,161,514570000,-447060000,-67510000,0,-21,-1,2,-20
4_013,889630000,960140000,7281800000,9131570000,39,29,81,149,1132670000,678000000,7320900000,9131570000,47,37,95,179,243040000,-282140000,39100000,0,8,8,14,30
4_014,474140000,6044560000,7751540000,14270240000,37,37,98,172,508430000,5441430000,8320380000,14270240000,45,31,79,155,34290000,-603130000,568840000,0,8,-6,-19,-17
4_015,3886640000,4592190000,1972490000,10451320000,45,33,101,179,3894530000,4525900000,2030890000,10451320000,47,41,93,181,7890000,-66290000,58400000,0,2,8,-8,2
4_016,5224560000,1482250000,4075390000,10782200000,38,31,71,140,5841950000,1611350000,3328900000,10782200000,32,29,73,134,617390000,129100000,-746490000,0,-6,-2,2,-6
4_017,756820000,2777850000,4800370000,8335040000,36,35,108,179,730660000,2753350000,4851030000,8335040000,41,38,92,171,-26160000,-24500000,50660000,0,5,3,-16,-8
4_018,3844030000,3273000000,3568040000,10685070000,32,39,89,160,3746820000,3189620000,3821170000,10757610000,32,30,92,154,-97210000,-83380000,253130000,72540000,0,-9,3,-6
4_019,6100410000,1226020000,12762880000,20089310000,34,40,95,169,5956270000,880010000,13253030000,20089310000,28,32,77,137,-144140000,-346010000,490150000,0,-6,-8,-18,-32
4_020,3479950000,5377730000,2221380000,11079060000,39,31,81,151,3558690000,5001270000,2531990000,11091950000,49,28,87,164,78740000,-376460000,310610000,12890000,10,-3,6,13
4_021,6342990000,564570000,6925250000,13832810000,41,41,94,176,6153530000,564330000,7114950000,13832810000,52,28,102,182,-189460000,-240000,189700000,0,11,-13,8,6
4_022,5280740000,3221230000,4395260000,12897230000,46,43,114,203,5604340000,3541280000,3751610000,12897230000,46,29,95,170,323600000,320050000,-643650000,0,0,-14,-19,-33
4_023,2074830000,2095860000,4870930000,9041620000,42,33,106,181,3097580000,1925670000,4018370000,9041620000,42,33,103,178,1022750000,-170190000,-852560000,0,0,0,-3,-3
4_024,4227220000,1693730000,4526610000,10447560000,25,29,68,122,4357030000,1718780000,4371750000,10447560000,46,42,102,190,129810000,25050000,-154860000,0,21,13,34,68
4_025,3454200000,4515850000,2123880000,10093930000,16,28,68,112,3538510000,4089950000,2478170000,10106630000,42,48,106,196,84310000,-425900000,354290000,12700000,26,20,38,84
4_026,3549320000,204330000,6328300000,10081950000,38,24,81,143,3423630000,263400000,6394920000,10081950000,35,38,95,168,-125690000,59070000,66620000,0,-3,14,14,25
4_027,4611640000,3666990000,1515760000,9794390000,42,32,89,163,4810740000,3462160000,1544080000,9816980000,48,31,91,170,199100000,-204830000,28320000,22590000,6,-1,2,7
4_028,3303330000,4698480000,2330040000,10331850000,38,27,83,148,3282540000,4585750000,2463560000,10331850000,41,35,93,169,-20790000,-112730000,133520000,0,3,8,10,21
4_029,2814710000,3395110000,4568410000,10778230000,38,35,82,155,3210710000,3263710000,4303810000,10778230000,42,33,98,173,396000000,-131400000,-264600000,0,4,-2,16,18
4_030,567080000,2135150000,2903960000,5606190000,36,40,108,184,638820000,2086160000,2881210000,5606190000,44,30,88,162,71740000,-48990000,-22750000,0,8,-10,-20,-22
4_031,938170000,8341810000,1166310000,10446290000,39,45,100,184,940020000,8127340000,1378930000,10446290000,46,35,89,170,1850000,-214470000,212620000,0,7,-10,-11,-14
4_032,4749890000,4078940000,1869390000,10698220000,35,28,86,149,4863110000,3931530000,1903580000,10698220000,47,30,80,157,113220000,-147410000,34190000,0,12,2,-6,8
4_033,3362820000,4840640000,6414700000,14618160000,54,40,115,209,2303210000,4855590000,7459360000,14618160000,44,29,89,162,-1059610000,14950000,1044660000,0,-10,-11,-26,-47
4_034,731300000,6574500000,3021540000,10327340000,46,41,93,180,879530000,6569590000,2878220000,10327340000,33,34,96,163,148230000,-4910000,-143320000,0,-13,-7,3,-17
4_035,5480610000,2564690000,3022780000,11068080000,44,37,100,181,4757540000,2461010000,3849530000,11068080000,54,43,113,210,-723070000,-103680000,826750000,0,10,6,13,29
4_036,1336770000,5264500000,5980720000,12581990000,39,39,96,174,1407190000,5392690000,5782110000,12581990000,48,36,89,173,70420000,128190000,-198610000,0,9,-3,-7,-1
4_037,417390000,3591580000,720470000,4729440000,34,28,92,154,423780000,3472000000,833660000,4729440000,35,24,89,148,6390000,-119580000,113190000,0,1,-4,-3,-6
4_038,1078530000,2561420000,1805920000,5445870000,38,23,81,142,1003210000,2491390000,1951270000,5445870000,43,36,104,183,-75320000,-70030000,145350000,0,5,13,23,41
4_039,1173320000,380100000,6153790000,7707210000,43,46,127,216,1211250000,254720000,6241240000,7707210000,32,28,76,136,37930000,-125380000,87450000,0,-11,-18,-51,-80
4_040,2522140000,114360000,9909860000,12546360000,38,30,89,157,2494190000,114570000,9937600000,12546360000,33,35,104,172,-27950000,210000,27740000,0,-5,5,15,15
4_041,6616300000,1466100000,3003270000,11085670000,44,23,85,152,7450830000,1466510000,2168330000,11085670000,47,36,90,173,834530000,410000,-834940000,0,3,13,5,21
4_042,1803340000,6811990000,2370620000,10985950000,43,35,84,162,1832220000,6667550000,2486180000,10985950000,35,37,102,174,28880000,-144440000,115560000,0,-8,2,18,12
4_043,3328030000,6534040000,3963320000,13825390000,41,33,89,163,3457110000,6458370000,3909910000,13825390000,47,37,94,178,129080000,-75670000,-53410000,0,6,4,5,15
4_044,6200070000,5851390000,5811510000,17862970000,29,42,94,165,6083980000,5229800000,6549190000,17862970000,42,37,84,163,-116090000,-621590000,737680000,0,13,-5,-10,-2
4_045,3748310000,2445050000,7638580000,13831940000,49,34,88,171,3567550000,2379180000,7885210000,13831940000,49,38,101,188,-180760000,-65870000,246630000,0,0,4,13,17
4_046,241990000,4802700000,5036850000,10081540000,44,37,98,179,313040000,4814840000,4953660000,10081540000,49,37,97,183,71050000,12140000,-83190000,0,5,0,-1,4
4_047,3215830000,7336360000,1837460000,12389650000,45,28,97,170,3237550000,7104360000,2047740000,12389650000,32,22,79,133,21720000,-232000000,210280000,0,-13,-6,-18,-37
4_048,2844170000,5767330000,2075370000,10686870000,56,48,127,231,2790270000,5455540000,2441060000,10686870000,35,27,68,130,-53900000,-311790000,365690000,0,-21,-21,-59,-101
4_049,2762970000,3612090000,1954110000,8329170000,32,30,77,139,2749360000,3486810000,2093000000,8329170000,45,35,81,161,-13610000,-125280000,138890000,0,13,5,4,22
4_050,3977000000,1994930000,4786320000,10758250000,41,28,76,145,4437880000,2015070000,4305300000,10758250000,53,39,92,184,460880000,20140000,-481020000,0,12,11,16,39
4_051,3104330000,471740000,6703630000,10279700000,33,26,77,136,3108200000,471830000,6699670000,10279700000,38,40,107,185,3870000,90000,-3960000,0,5,14,30,49
4_052,2321340000,4395880000,1436120000,8153340000,34,39,97,170,2357700000,4276770000,1518870000,8153340000,49,37,85,171,36360000,-119110000,82750000,0,15,-2,-12,1
4_053,2814200000,7607800000,2385250000,12807250000,47,43,102,192,3052560000,6587350000,3167340000,12807250000,55,43,122,220,238360000,-1020450000,782090000,0,8,0,20,28
4_054,3493610000,6466250000,2857020000,12816880000,41,40,104,185,3460210000,6103550000,3253120000,12816880000,54,40,110,204,-33400000,-362700000,396100000,0,13,0,6,19
4_055,2401860000,2289980000,1109530000,5801370000,36,44,96,176,2411090000,1826890000,1368400000,5606380000,45,38,97,180,9230000,-463090000,258870000,-194990000,9,-6,1,4
4_056,3348580000,31220000,2166260000,5546060000,41,38,98,177,3764310000,25040000,1756710000,5546060000,45,33,91,169,415730000,-6180000,-409550000,0,4,-5,-7,-8
4_057,6048940000,178020000,4897000000,11123960000,43,31,82,156,7412540000,157070000,3554350000,11123960000,51,37,102,190,1363600000,-20950000,-1342650000,0,8,6,20,34
4_058,3774600000,3797660000,4724430000,12296690000,43,35,86,164,2691200000,3556500000,6048990000,12296690000,27,29,87,143,-1083400000,-241160000,1324560000,0,-16,-6,1,-21
4_059,3702400000,5601280000,1919460000,11223140000,48,39,98,185,3582790000,5262790000,2377560000,11223140000,49,36,91,176,-119610000,-338490000,458100000,0,1,-3,-7,-9
4_060,3453520000,4431050000,3083620000,10968190000,47,35,99,181,3536290000,4537800000,2894100000,10968190000,46,36,91,173,82770000,106750000,-189520000,0,-1,1,-8,-8
4_061,3124450000,7337910000,581040000,11043400000,46,33,91,170,2075150000,6969480000,1998770000,11043400000,44,39,101,184,-1049300000,-368430000,1417730000,0,-2,6,10,14
4_062,1038700000,3036150000,1090450000,5165300000,32,40,85,157,1045870000,2980070000,1139360000,5165300000,42,24,77,143,7170000,-56080000,48910000,0,10,-16,-8,-14
4_063,505900000,5013260000,3276510000,8795670000,42,33,91,166,454060000,4796990000,3544620000,8795670000,47,37,92,176,-51840000,-216270000,268110000,0,5,4,1,10
4_064,559440000,8393070000,5587800000,14540310000,47,40,104,191,541230000,8005130000,5993950000,14540310000,32,25,93,150,-18210000,-387940000,406150000,0,-15,-15,-11,-41
4_065,3623130000,3426400000,1871540000,8921070000,46,25,84,155,3889010000,2642570000,2389490000,8921070000,50,33,82,165,265880000,-783830000,517950000,0,4,8,-2,10
4_066,1955880000,707610000,4870620000,7534110000,46,27,89,162,1962950000,679860000,4891300000,7534110000,51,39,110,200,7070000,-27750000,20680000,0,5,12,21,38
4_067,577610000,3798350000,769310000,5145270000,33,33,95,161,549500000,3741580000,854190000,5145270000,47,32,98,177,-28110000,-56770000,84880000,0,14,-1,3,16
4_068,6134960000,2015240000,6141800000,14292000000,42,38,109,189,5734800000,2054270000,6502930000,14292000000,40,39,88,167,-400160000,39030000,361130000,0,-2,1,-21,-22
4_069,3155750000,2892330000,4404540000,10452620000,38,35,84,157,3151610000,2885890000,4415120000,10452620000,27,22,86,135,-4140000,-6440000,10580000,0,-11,-13,2,-22
4_070,499450000,4348870000,5952910000,10801230000,44,50,115,209,511320000,4271180000,6018730000,10801230000,51,33,97,181,11870000,-77690000,65820000,0,7,-17,-18,-28
4_071,2935760000,4401090000,3089420000,10426270000,47,42,93,182,3085130000,4469590000,2871550000,10426270000,44,38,97,179,149370000,68500000,-217870000,0,-3,-4,4,-3
4_072,2226770000,378140000,6747230000,9352140000,48,36,102,186,2238280000,364880000,6748980000,9352140000,43,22,79,144,11510000,-13260000,1750000,0,-5,-14,-23,-42
4_073,4257910000,3359930000,1307630000,8925470000,41,43,95,179,4554270000,3004960000,1366240000,8925470000,23,34,71,128,296360000,-354970000,58610000,0,-18,-9,-24,-51
4_074,1270260000,6720490000,2702360000,10693110000,39,30,75,144,1285110000,6831380000,2576620000,10693110000,33,40,105,178,14850000,110890000,-125740000,0,-6,10,30,34
4_075,3802890000,2026400000,3370810000,9200100000,25,33,75,133,3945950000,2012940000,3241210000,9200100000,46,44,103,193,143060000,-13460000,-129600000,0,21,11,28,60
4_076,4962310000,370130000,3879010000,9211450000,39,38,91,168,5600460000,368250000,3242740000,9211450000,26,23,75,124,638150000,-1880000,-636270000,0,-13,-15,-16,-44
4_077,3761070000,3701780000,1260680000,8723530000,40,43,96,179,3867120000,3597810000,1258600000,8723530000,44,39,93,176,106050000,-103970000,-2080000,0,4,-4,-3,-3
4_078,2814640000,29620000,2275880000,5120140000,40,31,78,149,3003170000,30220000,2086750000,5120140000,28,24,76,128,188530000,600000,-189130000,0,-12,-7,-2,-21
4_079,4391990000,4554020000,1391360000,10337370000,29,34,88,151,4363430000,4480800000,1493140000,10337370000,49,37,93,179,-28560000,-73220000,101780000,0,20,3,5,28
4_080,823180000,3257130000,5255770000,9336080000,39,27,91,157,1083250000,3161550000,5091280000,9336080000,31,32,87,150,260070000,-95580000,-164490000,0,-8,5,-4,-7
4_081,482900000,2440380000,6047200000,8970480000,42,38,85,165,484520000,2419740000,6066220000,8970480000,48,33,89,170,1620000,-20640000,19020000,0,6,-5,4,5
4_082,4176130000,7883370000,2038390000,14097890000,36,43,110,189,4374150000,7295140000,2428600000,14097890000,30,31,90,151,198020000,-588230000,390210000,0,-6,-12,-20,-38
4_083,3872220000,3333490000,5351280000,12556990000,39,37,85,161,3750780000,3499710000,5306500000,12556990000,40,33,99,172,-121440000,166220000,-44780000,0,1,-4,14,11
4_084,2088500000,3770640000,3949270000,9808410000,31,40,94,165,2089110000,3244340000,4101320000,9434770000,39,32,95,166,610000,-526300000,152050000,-373640000,8,-8,1,1
4_085,1321610000,3087190000,6339540000,10748340000,46,41,94,181,1405170000,2813050000,6530120000,10748340000,34,35,94,163,83560000,-274140000,190580000,0,-12,-6,0,-18
4_086,1651840000,4218870000,1709390000,7580100000,28,26,90,144,1770150000,3807580000,2002370000,7580100000,36,24,77,137,118310000,-411290000,292980000,0,8,-2,-13,-7
4_087,4027290000,7425710000,8233860000,19686860000,37,43,90,170,4122470000,7334410000,8229980000,19686860000,33,38,104,175,95180000,-91300000,-3880000,0,-4,-5,14,5
4_088,4350020000,3062130000,2876550000,10288700000,24,34,69,127,4362700000,2925050000,3000950000,10288700000,33,29,81,143,12680000,-137080000,124400000,0,9,-5,12,16
4_089,5324280000,5060000,3762070000,9091410000,46,41,102,189,5624610000,5640000,3461160000,9091410000,32,35,94,161,300330000,580000,-300910000,0,-14,-6,-8,-28
4_090,2790820000,1531810000,1183360000,5505990000,41,26,83,150,2803360000,1554850000,1147780000,5505990000,36,33,95,164,12540000,23040000,-35580000,0,-5,7,12,14
4_091,3296030000,2962510000,2822510000,9081050000,39,31,89,159,3211170000,3024520000,2845360000,9081050000,43,44,112,199,-84860000,62010000,22850000,0,4,13,23,40
4_092,4633180000,4267950000,2019320000,10920450000,43,38,98,179,4476000000,3787960000,1986600000,10250560000,47,36,85,168,-157180000,-479990000,-32720000,-669890000,4,-2,-13,-11
4_093,2529650000,4614820000,2925610000,10070080000,41,29,74,144,2577300000,3966310000,3526470000,10070080000,47,34,99,180,47650000,-648510000,600860000,0,6,5,25,36
4_094,4992120000,43880000,3558180000,8594180000,42,42,98,182,5503310000,42720000,3048150000,8594180000,44,37,92,173,511190000,-1160000,-510030000,0,2,-5,-6,-9
4_095,10227810000,907860000,5546490000,16682160000,38,38,96,172,11343530000,804190000,4534420000,16682140000,31,31,78,140,1115720000,-103670000,-1012070000,-20000,-7,-7,-18,-32
4_096,6630120000,21120000,4469680000,11120920000,44,33,90,167,6870730000,19520000,4230650000,11120900000,47,36,98,181,240610000,-1600000,-239030000,-20000,3,3,8,14
4_097,5603620000,6635030000,2195690000,14434340000,30,46,96,172,5865570000,5972320000,2596450000,14434340000,39,40,100,179,261950000,-662710000,400760000,0,9,-6,4,7
4_098,725750000,33250000,7105310000,7864310000,25,26,74,125,835980000,3430000,7024900000,7864310000,43,42,96,181,110230000,-29820000,-80410000,0,18,16,22,56
4_099,5010340000,20010000,7884250000,12914600000,38,28,94,160,5009150000,20730000,7884720000,12914600000,39,34,102,175,-1190000,720000,470000,0,1,6,8,15
4_100,5987840000,558110000,2660820000,9206770000,41,30,89,160,5792800000,474100000,2939870000,9206770000,48,38,87,173,-195040000,-84010000,279050000,0,7,8,-2,13
4_101,4404470000,3522930000,2414570000,10341970000,38,37,89,164,4307460000,3153160000,2881350000,10341970000,41,28,88,157,-97010000,-369770000,466780000,0,3,-9,-1,-7
4_102,1593800000,2699010000,882520000,5175330000,48,44,110,202,1554130000,2549860000,1071340000,5175330000,50,43,100,193,-39670000,-149150000,188820000,0,2,-1,-10,-9
4_103,4399030000,300000,6022070000,10421400000,35,36,94,165,4521690000,300000,5899410000,10421400000,41,22,86,149,122660000,0,-122660000,0,6,-14,-8,-16
4_104,2697090000,1034020000,4531340000,8262450000,33,44,97,174,2678140000,1034210000,4550100000,8262450000,49,31,106,186,-18950000,190000,18760000,0,16,-13,9,12
4_105,2700320000,1208800000,6138690000,10047810000,48,28,92,168,2880200000,1203680000,5963930000,10047810000,50,30,89,169,179880000,-5120000,-174760000,0,2,2,-3,1
4_106,4980570000,3187770000,2915100000,11083440000,49,30,97,176,5073290000,2719060000,3291090000,11083440000,41,24,70,135,92720000,-468710000,375990000,0,-8,-6,-27,-41
4_107,3064350000,6124520000,1794840000,10983710000,45,38,95,178,3093450000,6081640000,1808620000,10983710000,48,29,91,168,29100000,-42880000,13780000,0,3,-9,-4,-10
4_108,6369980000,3751640000,5537760000,15659380000,36,30,75,141,7123060000,3440300000,5096020000,15659380000,43,36,89,168,753080000,-311340000,-441740000,0,7,6,14,27
4_109,2793610000,5566570000,1726700000,10086880000,41,32,86,159,2745140000,5574930000,1766810000,10086880000,43,49,100,192,-48470000,8360000,40110000,0,2,17,14,33
4_110,3978830000,1295260000,6251810000,11525900000,38,42,107,187,4984900000,1384690000,5156310000,11525900000,44,40,99,183,1006070000,89430000,-1095500000,0,6,-2,-8,-4
4_111,2650510000,677310000,4825990000,8153810000,36,35,109,180,2721610000,663100000,4769100000,8153810000,42,44,114,200,71100000,-14210000,-56890000,0,6,9,5,20
4_112,469920000,7320030000,6539010000,14328960000,41,39,88,168,480410000,7159820000,6688730000,14328960000,33,39,105,177,10490000,-160210000,149720000,0,-8,0,17,9
4_113,2179470000,7243480000,1289720000,10712670000,36,31,95,162,2218180000,6969500000,1524990000,10712670000,28,32,83,143,38710000,-273980000,235270000,0,-8,1,-12,-19
4_114,989800000,5453900000,1788790000,8232490000,43,32,91,166,1234990000,5038150000,1959350000,8232490000,49,37,93,179,245190000,-415750000,170560000,0,6,5,2,13
4_115,3014500000,3823190000,2088420000,8926110000,43,27,88,158,3218440000,2937670000,2770000000,8926110000,53,45,111,209,203940000,-885520000,681580000,0,10,18,23,51
4_116,4591150000,317590000,6210200000,11118940000,37,31,98,166,5781040000,249430000,5088470000,11118940000,47,41,92,180,1189890000,-68160000,-1121730000,0,10,10,-6,14
4_117,7804410000,4857730000,3970060000,16632200000,46,43,109,198,7266050000,4530350000,4835800000,16632200000,44,33,96,173,-538360000,-327380000,865740000,0,-2,-10,-13,-25
4_118,482540000,3749030000,6601760000,10833330000,45,38,99,182,471240000,3700950000,6661140000,10833330000,38,35,84,157,-11300000,-48080000,59380000,0,-7,-3,-15,-25
4_119,2696980000,435890000,6361670000,9494540000,32,36,90,158,2214650000,646190000,6633700000,9494540000,46,30,95,171,-482330000,210300000,272030000,0,14,-6,5,13
4_120,3470280000,5090990000,4123240000,12684510000,51,40,107,198,3561590000,4665590000,4457330000,12684510000,39,35,97,171,91310000,-425400000,334090000,0,-12,-5,-10,-27
4_121,2469290000,5437390000,1009420000,8916100000,45,42,103,190,2451370000,5270320000,1194410000,8916100000,29,38,87,154,-17920000,-167070000,184990000,0,-16,-4,-16,-36
4_122,10043480000,585890000,3489070000,14118440000,45,37,88,170,10326670000,605160000,3186610000,14118440000,50,33,107,190,283190000,19270000,-302460000,0,5,-4,19,20
4_123,3035920000,2376340000,4673410000,10085670000,49,42,99,190,3061580000,2329220000,4694870000,10085670000,37,36,103,176,25660000,-47120000,21460000,0,-12,-6,4,-14
4_124,866490000,1435150000,2505210000,4806850000,33,29,90,152,845430000,1430390000,2531030000,4806850000,43,42,95,180,-21060000,-4760000,25820000,0,10,13,5,28
4_125,2015840000,6933240000,1758560000,10707640000,37,27,83,147,2202160000,6389710000,2115770000,10707640000,36,38,98,172,186320000,-543530000,357210000,0,-1,11,15,25
4_126,4141610000,4815300000,4870180000,13827090000,47,42,106,195,4069820000,4855400000,4901870000,13827090000,47,38,90,175,-71790000,40100000,31690000,0,0,-4,-16,-20
4_127,7017830000,8061390000,2811920000,17891140000,28,39,96,163,7265720000,6231830000,4393590000,17891140000,30,38,91,159,247890000,-1829560000,1581670000,0,2,-1,-5,-4
4_128,5446320000,105130000,4780450000,10331900000,44,44,108,196,5220570000,102160000,5009170000,10331900000,43,43,104,190,-225750000,-2970000,228720000,0,-1,-1,-4,-6
4_129,389300000,6124560000,5126210000,11640070000,46,44,103,193,442720000,5475870000,5721480000,11640070000,33,26,85,144,53420000,-648690000,595270000,0,-13,-18,-18,-49
4_130,6767580000,1757580000,2558540000,11083700000,50,34,102,186,6807130000,1632540000,2644000000,11083670000,42,34,81,157,39550000,-125040000,85460000,-30000,-8,0,-21,-29
4_131,1834610000,16641380000,2978460000,21454450000,43,37,92,172,1803100000,16161020000,3490330000,21454450000,37,32,72,141,-31510000,-480360000,511870000,0,-6,-5,-20,-31
4_132,6519940000,310970000,2260720000,9091630000,31,38,95,164,6754110000,322170000,2015350000,9091630000,51,43,96,190,234170000,11200000,-245370000,0,20,5,1,26
4_133,7040020000,1443540000,5634960000,14118520000,48,36,99,183,7218190000,1467520000,5432810000,14118520000,46,33,91,170,178170000,23980000,-202150000,0,-2,-3,-8,-13
4_134,1299710000,5773510000,3588540000,10661760000,40,35,94,169,1405640000,5594280000,3661840000,10661760000,52,41,91,184,105930000,-179230000,73300000,0,12,6,-3,15
4_135,4143670000,1725590000,7067210000,12936470000,19,33,76,128,4163420000,1525370000,7247680000,12936470000,43,34,90,167,19750000,-200220000,180470000,0,24,1,14,39
4_136,807170000,4999370000,7030700000,12837240000,40,37,92,169,843360000,4252360000,7741520000,12837240000,34,21,81,136,36190000,-747010000,710820000,0,-6,-16,-11,-33
4_137,7042680000,730640000,3325620000,11098940000,40,34,79,153,7127460000,608180000,3363300000,11098940000,35,39,105,179,84780000,-122460000,37680000,0,-5,5,26,26
4_138,3069990000,11348610000,2226760000,16645360000,49,42,104,195,3118850000,10855400000,2671110000,16645360000,44,37,86,167,48860000,-493210000,444350000,0,-5,-5,-18,-28
4_139,6147090000,2312620000,1877630000,10337340000,44,27,85,156,6100120000,2324570000,1912650000,10337340000,48,35,105,188,-46970000,11950000,35020000,0,4,8,20,32
4_140,4802090000,89510000,4364830000,9256430000,29,43,99,171,5919610000,56310000,3280510000,9256430000,48,40,106,194,1117520000,-33200000,-1084320000,0,19,-3,7,23
4_141,6080680000,4104790000,3545250000,13730720000,40,35,101,176,6068960000,4020320000,3641440000,13730720000,44,31,78,153,-11720000,-84470000,96190000,0,4,-4,-23,-23
4_142,4939640000,558840000,6286260000,11784740000,39,42,98,179,4960350000,580230000,6244160000,11784740000,47,28,88,163,20710000,21390000,-42100000,0,8,-14,-10,-16
4_143,682160000,5926250000,6113590000,12722000000,27,35,83,145,700560000,5734390000,6287050000,12722000000,46,30,91,167,18400000,-191860000,173460000,0,19,-5,8,22
4_144,760140000,325860000,13396140000,14482140000,21,16,50,87,836630000,827860000,12817650000,14482140000,46,39,108,193,76490000,502000000,-578490000,0,25,23,58,106
4_145,1157650000,5651630000,3620310000,10429590000,46,35,92,173,1268100000,5087150000,4074340000,10429590000,50,40,89,179,110450000,-564480000,454030000,0,4,5,-3,6
4_146,7037370000,8037270000,4860760000,19935400000,40,35,94,169,6913230000,7979100000,5043070000,19935400000,41,34,89,164,-124140000,-58170000,182310000,0,1,-1,-5,-5
4_147,299890000,1253920000,7242180000,8795990000,37,34,96,167,367740000,1307050000,7121200000,8795990000,45,40,93,178,67850000,53130000,-120980000,0,8,6,-3,11
4_148,3300130000,4596440000,6668930000,14565500000,32,29,80,141,4264830000,3982060000,6318610000,14565500000,32,38,94,164,964700000,-614380000,-350320000,0,0,9,14,23
4_149,5308640000,3408830000,1625030000,10342500000,38,40,94,172,5572960000,2905120000,1864420000,10342500000,36,34,87,157,264320000,-503710000,239390000,0,-2,-6,-7,-15
4_150,4343910000,234800000,5644340000,10223050000,44,32,100,176,4301770000,148240000,5773040000,10223050000,40,42,109,191,-42140000,-86560000,128700000,0,-4,10,9,15
4_151,450690000,5868990000,3181770000,9501450000,29,19,75,123,437980000,5963670000,3099800000,9501450000,36,37,106,179,-12710000,94680000,-81970000,0,7,18,31,56
4_152,6556590000,51490000,4525910000,11133990000,43,40,88,171,6794030000,41120000,4298840000,11133990000,49,34,103,186,237440000,-10370000,-227070000,0,6,-6,15,15
4_153,3255150000,2507200000,4690400000,10452750000,50,36,106,192,3316470000,2501020000,4635260000,10452750000,49,43,104,196,61320000,-6180000,-55140000,0,-1,7,-2,4
4_154,1899370000,145260000,6876780000,8921410000,41,26,75,142,1899420000,145260000,6876730000,8921410000,43,35,82,160,50000,0,-50000,0,2,9,7,18
4_155,2158110000,7474980000,4619490000,14252580000,48,42,105,195,2176780000,7431770000,4644030000,14252580000,39,40,104,183,18670000,-43210000,24540000,0,-9,-2,-1,-12
4_156,3446110000,5064110000,3589380000,12099600000,32,44,100,176,3486720000,4987610000,3625270000,12099600000,32,31,94,157,40610000,-76500000,35890000,0,0,-13,-6,-19
4_157,2690490000,6381880000,1286590000,10358960000,47,37,92,176,2708320000,6317090000,1333550000,10358960000,45,24,74,143,17830000,-64790000,46960000,0,-2,-13,-18,-33
4_158,2359380000,290680000,5859580000,8509640000,39,38,88,165,2355140000,291110000,5863390000,8509640000,26,20,69,115,-4240000,430000,3810000,0,-13,-18,-19,-50
4_159,4551890000,9059450000,2455460000,16066800000,40,32,88,160,4844100000,8060750000,3161950000,16066800000,42,36,89,167,292210000,-998700000,706490000,0,2,4,1,7
4_160,1344120000,166130000,8279470000,9789720000,38,40,103,181,1342990000,166310000,8280420000,9789720000,24,19,67,110,-1130000,180000,950000,0,-14,-21,-36,-71
4_161,6556580000,3381670000,2878650000,12816900000,45,36,97,178,6694770000,3508010000,2614120000,12816900000,50,37,92,179,138190000,126340000,-264530000,0,5,1,-5,1
4_162,2076230000,8281090000,5290610000,15647930000,40,43,100,183,2476560000,7553050000,5618320000,15647930000,34,36,95,165,400330000,-728040000,327710000,0,-6,-7,-5,-18
4_163,1423090000,2228290000,1829560000,5480940000,34,39,99,172,900130000,2449580000,2131230000,5480940000,52,42,102,196,-522960000,221290000,301670000,0,18,3,3,24
4_164,1227920000,5306830000,6702140000,13236890000,44,36,95,175,1710470000,4393540000,7132880000,13236890000,44,47,97,188,482550000,-913290000,430740000,0,0,11,2,13
4_165,7865020000,244150000,3030180000,11139350000,47,36,100,183,8423840000,247660000,2467850000,11139350000,54,33,100,187,558820000,3510000,-562330000,0,7,-3,0,4
4_166,6384180000,30840000,4695680000,11110700000,41,34,77,152,7004140000,26290000,4080270000,11110700000,49,26,103,178,619960000,-4550000,-615410000,0,8,-8,26,26
4_167,10853340000,1929700000,11125300000,23908340000,28,33,82,143,11153410000,1974380000,10780550000,23908340000,42,31,90,163,300070000,44680000,-344750000,0,14,-2,8,20
4_168,2348500000,5055580000,1762660000,9166740000,39,29,86,154,2307140000,5146170000,1713430000,9166740000,53,36,104,193,-41360000,90590000,-49230000,0,14,7,18,39
4_169,6315420000,2995990000,2019180000,11330590000,35,27,95,157,6372570000,2957170000,2000850000,11330590000,52,37,107,196,57150000,-38820000,-18330000,0,17,10,12,39
4_170,2504980000,5883020000,2300090000,10688090000,45,39,101,185,2440370000,5572130000,2675590000,10688090000,38,36,95,169,-64610000,-310890000,375500000,0,-7,-3,-6,-16
4_171,508260000,1772560000,3405530000,5686350000,34,38,92,164,604680000,1702520000,3379150000,5686350000,40,30,81,151,96420000,-70040000,-26380000,0,6,-8,-11,-13
4_172,665270000,29870000,7868210000,8563350000,40,26,77,143,664660000,30050000,7868640000,8563350000,49,40,89,178,-610000,180000,430000,0,9,14,12,35
4_173,2961780000,3826530000,3673820000,10462130000,39,43,100,182,2976770000,3831520000,3653840000,10462130000,31,32,79,142,14990000,4990000,-19980000,0,-8,-11,-21,-40
4_174,2068700000,5483770000,1418900000,8971370000,33,37,98,168,2067970000,5383800000,1519600000,8971370000,42,37,96,175,-730000,-99970000,100700000,0,9,0,-2,7
4_175,579930000,1209690000,14904280000,16693900000,50,45,108,203,725790000,1098640000,14869470000,16693900000,45,32,97,174,145860000,-111050000,-34810000,0,-5,-13,-11,-29
4_176,1704700000,2511800000,8484870000,12701370000,40,37,96,173,1599700000,2441020000,8660650000,12701370000,48,30,99,177,-105000000,-70780000,175780000,0,8,-7,3,4
4_177,190300000,1985790000,8768150000,10944240000,35,45,98,178,199370000,2040840000,8704030000,10944240000,47,37,99,183,9070000,55050000,-64120000,0,12,-8,1,5
4_178,4616350000,3307130000,2517890000,10441370000,42,39,95,176,4723780000,3244180000,2473410000,10441370000,48,42,106,196,107430000,-62950000,-44480000,0,6,3,11,20
4_179,3546230000,2608290000,3031950000,9186470000,42,44,106,192,1963900000,2555430000,4667140000,9186470000,30,15,74,119,-1582330000,-52860000,1635190000,0,-12,-29,-32,-73
4_180,2291860000,47540000,2820840000,5160240000,40,25,79,144,2231010000,26160000,2903070000,5160240000,39,33,100,172,-60850000,-21380000,82230000,0,-1,8,21,28
4_181,2843520000,7037340000,2789650000,12670510000,37,35,103,175,2929340000,6554110000,3187060000,12670510000,48,42,101,191,85820000,-483230000,397410000,0,11,7,-2,16
4_182,653500000,144030000,8129520000,8927050000,35,32,89,156,616630000,136970000,8173450000,8927050000,49,44,108,201,-36870000,-7060000,43930000,0,14,12,19,45
4_183,2662680000,9130490000,4307880000,16101050000,48,34,91,173,2928500000,8642600000,4529950000,16101050000,45,43,102,190,265820000,-487890000,222070000,0,-3,9,11,17
4_184,1470180000,1486900000,1504730000,4461810000,38,38,81,157,1556240000,1195420000,1730570000,4482230000,38,31,76,145,86060000,-291480000,225840000,20420000,0,-7,-5,-12
4_185,8316840000,119850000,6441340000,14878030000,35,29,95,159,9264940000,123910000,5489180000,14878030000,51,40,97,188,948100000,4060000,-952160000,0,16,11,2,29
4_186,1365260000,5385950000,6811140000,13562350000,38,32,71,141,1360040000,5124450000,7077860000,13562350000,37,44,100,181,-5220000,-261500000,266720000,0,-1,12,29,40
4_187,2111040000,8341350000,6181550000,16633940000,42,39,86,167,1212440000,7872560000,7548940000,16633940000,42,37,82,161,-898600000,-468790000,1367390000,0,0,-2,-4,-6
4_188,5838620000,2636840000,2222200000,10697660000,43,35,90,168,5854890000,2597600000,2245170000,10697660000,49,35,92,176,16270000,-39240000,22970000,0,6,0,2,8
4_189,3408110000,6674920000,2409420000,12492450000,46,39,92,177,3395790000,6584970000,2511690000,12492450000,28,28,89,145,-12320000,-89950000,102270000,0,-18,-11,-3,-32
4_190,7190030000,698980000,3209880000,11098890000,46,28,98,172,7232970000,543370000,3322550000,11098890000,45,39,92,176,42940000,-155610000,112670000,0,-1,11,-6,4
4_191,6686240000,511170000,2884150000,10081560000,46,49,127,222,6589760000,510810000,2980990000,10081560000,30,23,84,137,-96480000,-360000,96840000,0,-16,-26,-43,-85
4_192,2058460000,1845830000,5172670000,9076960000,37,19,71,127,2131020000,1696810000,5249130000,9076960000,43,45,98,186,72560000,-149020000,76460000,0,6,26,27,59
4_193,9483220000,538210000,5567620000,15589050000,27,40,103,170,9975860000,557260000,5055930000,15589050000,40,35,85,160,492640000,19050000,-511690000,0,13,-5,-18,-10
4_194,3965890000,8990210000,3120730000,16076830000,48,41,95,184,4138160000,8004390000,3934280000,16076830000,31,26,94,151,172270000,-985820000,813550000,0,-17,-15,-1,-33
4_195,4336930000,6972450000,5874410000,17183790000,45,34,89,168,4393240000,6458830000,6331720000,17183790000,44,30,88,162,56310000,-513620000,457310000,0,-1,-4,-1,-6
4_196,690550000,11055600000,4894440000,16640590000,48,31,92,171,672680000,8825830000,7142080000,16640590000,35,33,96,164,-17870000,-2229770000,2247640000,0,-13,2,4,-7
4_197,2846980000,2442510000,3429780000,8719270000,46,43,104,193,2796580000,2408570000,3514120000,8719270000,34,33,96,163,-50400000,-33940000,84340000,0,-12,-10,-8,-30
4_198,6037650000,11553450000,2699010000,20290110000,40,38,99,177,6501730000,10405820000,3388570000,20296120000,49,37,87,173,464080000,-1147630000,689560000,6010000,9,-1,-12,-4
4_199,4993250000,381620000,8700210000,14075080000,42,38,94,174,5656430000,372210000,8046440000,14075080000,50,26,85,161,663180000,-9410000,-653770000,0,8,-12,-9,-13
4_200,2886360000,6241970000,1867270000,10995600000,45,45,100,190,2883360000,6113420000,1998820000,10995600000,52,28,103,183,-3000000,-128550000,131550000,0,7,-17,3,-7
4_201,4771970000,7830240000,1931000000,14533210000,43,44,110,197,4863450000,6542500000,3127260000,14533210000,32,40,87,159,91480000,-1287740000,1196260000,0,-11,-4,-23,-38
4_202,167510000,1746610000,4184230000,6098350000,42,20,83,145,158270000,1587870000,4352210000,6098350000,47,21,82,150,-9240000,-158740000,167980000,0,5,1,-1,5
4_203,7303160000,71910000,5046820000,12421890000,37,36,95,168,8123300000,73470000,4225120000,12421890000,31,32,89,152,820140000,1560000,-821700000,0,-6,-4,-6,-16
4_204,1136790000,8465400000,4935300000,14537490000,30,36,84,150,2012940000,7721970000,4802580000,14537490000,31,29,82,142,876150000,-743430000,-132720000,0,1,-7,-2,-8
4_205,1844070000,186380000,6915520000,8945970000,32,24,78,134,1841210000,186580000,6918180000,8945970000,43,50,105,198,-2860000,200000,2660000,0,11,26,27,64
4_206,511790000,3744460000,7453230000,11709480000,37,37,100,174,506770000,3531920000,7670790000,11709480000,21,33,73,127,-5020000,-212540000,217560000,0,-16,-4,-27,-47
4_207,3246570000,6750000,5708890000,8962210000,40,35,81,156,4067840000,8680000,4885690000,8962210000,51,39,89,179,821270000,1930000,-823200000,0,11,4,8,23
4_208,2943060000,11585670000,2948090000,17476820000,39,43,90,172,2961190000,11529590000,2986040000,17476820000,31,35,84,150,18130000,-56080000,37950000,0,-8,-8,-6,-22
4_209,3846430000,559750000,7125490000,11531670000,38,30,77,145,3931580000,548930000,7051160000,11531670000,42,27,71,140,85150000,-10820000,-74330000,0,4,-3,-6,-5
4_210,2311330000,5473110000,1196720000,8981160000,36,40,91,167,2332350000,5400900000,1247910000,8981160000,26,26,79,131,21020000,-72210000,51190000,0,-10,-14,-12,-36
4_211,587630000,4102840000,5679300000,10369770000,30,30,85,145,687490000,4013280000,5669000000,10369770000,34,35,103,172,99860000,-89560000,-10300000,0,4,5,18,27
4_212,1873400000,6828840000,1754880000,10457120000,34,41,89,164,1952980000,6817470000,1686670000,10457120000,29,28,74,131,79580000,-11370000,-68210000,0,-5,-13,-15,-33
4_213,5457280000,993090000,4149210000,10599580000,36,42,99,177,5493610000,923180000,4182790000,10599580000,47,35,92,174,36330000,-69910000,33580000,0,11,-7,-7,-3
4_214,1801580000,5223140000,3431660000,10456380000,49,26,99,174,1837420000,5194850000,3424110000,10456380000,48,34,97,179,35840000,-28290000,-7550000,0,-1,8,-2,5
4_215,3767170000,4989920000,1590450000,10347540000,43,31,81,155,3834650000,4698430000,1814460000,10347540000,47,33,87,167,67480000,-291490000,224010000,0,4,2,6,12
4_216,223310000,6505040000,5428910000,12157260000,41,29,88,158,242520000,5707220000,6207520000,12157260000,41,38,106,185,19210000,-797820000,778610000,0,0,9,18,27
4_217,3436890000,4922830000,1721220000,10080940000,40,31,85,156,3599310000,4295950000,2185680000,10080940000,33,39,89,161,162420000,-626880000,464460000,0,-7,8,4,5
4_218,3108300000,5161930000,2077340000,10347570000,35,29,69,133,3296070000,4838490000,2213010000,10347570000,47,35,100,182,187770000,-323440000,135670000,0,12,6,31,49
4_219,1098870000,4552470000,4429980000,10081320000,47,41,98,186,1228100000,4107260000,4745970000,10081330000,49,27,93,169,129230000,-445210000,315990000,10000,2,-14,-5,-17
4_220,2130940000,898100000,9000450000,12029490000,29,32,87,148,2242390000,813130000,8973970000,12029490000,33,23,84,140,111450000,-84970000,-26480000,0,4,-9,-3,-8
4_221,8639850000,4920000,6200830000,14845600000,37,38,96,171,9735950000,3990000,5105660000,14845600000,30,37,89,156,1096100000,-930000,-1095170000,0,-7,-1,-7,-15
4_222,163200000,83130000,5056820000,5303150000,40,47,105,192,145390000,71770000,5085990000,5303150000,34,19,79,132,-17810000,-11360000,29170000,0,-6,-28,-26,-60
4_223,2919040000,2906710000,3250150000,9075900000,41,27,71,139,2833910000,2737850000,3504140000,9075900000,45,40,99,184,-85130000,-168860000,253990000,0,4,13,28,45
4_224,302770000,1107620000,14287180000,15697570000,38,29,80,147,420460000,874100000,14403010000,15697570000,54,41,114,209,117690000,-233520000,115830000,0,16,12,34,62
4_225,4763730000,2912930000,3022730000,10699390000,22,33,74,129,4744320000,2956430000,2998640000,10699390000,38,36,81,155,-19410000,43500000,-24090000,0,16,3,7,26
4_226,1401130000,4538950000,8295220000,14235300000,23,24,75,122,1418180000,4274680000,8542440000,14235300000,32,35,102,169,17050000,-264270000,247220000,0,9,11,27,47
4_227,6124130000,190670000,4051490000,10366290000,42,35,86,163,7288460000,132610000,2945380000,10366450000,47,35,96,178,1164330000,-58060000,-1106110000,160000,5,0,10,15
4_228,4125600000,2271290000,3678730000,10075620000,34,29,89,152,4070960000,880860000,5123800000,10075620000,34,35,94,163,-54640000,-1390430000,1445070000,0,0,6,5,11
4_229,6548980000,831740000,3993310000,11374030000,35,36,83,154,6279750000,705510000,4388790000,11374050000,53,45,112,210,-269230000,-126230000,395480000,20000,18,9,29,56
4_230,430570000,451670000,11963070000,12845310000,42,43,92,177,550480000,349480000,11945350000,12845310000,53,42,111,206,119910000,-102190000,-17720000,0,11,-1,19,29
4_231,6514890000,1727720000,2722330000,10964940000,23,22,72,117,6694820000,1735000000,2535120000,10964940000,48,24,78,150,179930000,7280000,-187210000,0,25,2,6,33
4_232,4338430000,4390990000,4668750000,13398170000,46,32,87,165,3763300000,4392650000,5242220000,13398170000,45,27,77,149,-575130000,1660000,573470000,0,-1,-5,-10,-16
4_233,4211050000,3874210000,6098030000,14183290000,38,38,97,173,4252130000,3759400000,6171760000,14183290000,45,41,94,180,41080000,-114810000,73730000,0,7,3,-3,7
4_234,1379100000,385220000,9078640000,10842960000,46,35,98,179,1325500000,373400000,9144060000,10842960000,47,32,73,152,-53600000,-11820000,65420000,0,1,-3,-25,-27
4_235,8309210000,1414680000,4970610000,14694500000,41,45,101,187,8274500000,1427130000,4992870000,14694500000,23,20,66,109,-34710000,12450000,22260000,0,-18,-25,-35,-78
4_236,3111320000,5644300000,1586270000,10341890000,48,39,102,189,3189340000,5098010000,2054540000,10341890000,28,26,80,134,78020000,-546290000,468270000,0,-20,-13,-22,-55
4_237,5770430000,1044120000,3186190000,10000740000,39,38,99,176,5750650000,1072250000,3177840000,10000740000,26,17,71,114,-19780000,28130000,-8350000,0,-13,-21,-28,-62
4_238,768360000,3780920000,17120420000,21669700000,51,39,99,189,1182870000,2852540000,17634290000,21669700000,48,39,96,183,414510000,-928380000,513870000,0,-3,0,-3,-6
4_239,2652770000,6079390000,1952360000,10684520000,33,38,100,171,2769620000,5644490000,2271820000,10685930000,42,31,77,150,116850000,-434900000,319460000,1410000,9,-7,-23,-21
4_240,4194930000,8540640000,2405380000,15140950000,30,40,84,154,4429310000,7939380000,2772260000,15140950000,46,30,81,157,234380000,-601260000,366880000,0,16,-10,-3,3
4_241,3756840000,531490000,4014600000,8302930000,22,26,70,118,4419690000,642660000,3240580000,8302930000,52,35,91,178,662850000,111170000,-774020000,0,30,9,21,60
4_242,2817370000,4496720000,827530000,8141620000,32,45,97,174,2439230000,4408420000,1293970000,8141620000,20,26,73,119,-378140000,-88300000,466440000,0,-12,-19,-24,-55
4_243,1270940000,5881860000,5318520000,12471320000,37,29,89,155,1294930000,5658710000,5399270000,12352910000,33,34,100,167,23990000,-223150000,80750000,-118410000,-4,5,11,12
4_244,4566590000,2921600000,1939650000,9427840000,30,33,93,156,4490610000,2958340000,2023780000,9472730000,46,31,79,156,-75980000,36740000,84130000,44890000,16,-2,-14,0
4_245,1253250000,1349310000,2261130000,4863690000,37,34,86,157,1272450000,1354090000,2237150000,4863690000,35,41,111,187,19200000,4780000,-23980000,0,-2,7,25,30
4_246,6261560000,558640000,6227610000,13047810000,41,35,92,168,6763910000,586850000,5697050000,13047810000,30,30,78,138,502350000,28210000,-530560000,0,-11,-5,-14,-30
4_247,9300740000,1075220000,4270940000,14646900000,38,26,76,140,10901030000,1008980000,2736890000,14646900000,54,37,92,183,1600290000,-66240000,-1534050000,0,16,11,16,43
4_248,4257920000,4507320000,3219290000,11984530000,35,43,100,178,4393140000,4046200000,3545190000,11984530000,40,36,83,159,135220000,-461120000,325900000,0,5,-7,-17,-19
4_249,2127300000,1477950000,5076580000,8681830000,46,34,99,179,2099380000,1416910000,5165540000,8681830000,31,35,85,151,-27920000,-61040000,88960000,0,-15,1,-14,-28
4_250,255370000,496420000,8495330000,9247120000,24,34,82,140,356520000,634400000,8256200000,9247120000,33,37,89,159,101150000,137980000,-239130000,0,9,3,7,19
4_251,754770000,6526420000,3526670000,10807860000,42,37,98,177,767490000,6500620000,3539750000,10807860000,48,31,100,179,12720000,-25800000,13080000,0,6,-6,2,2
4_252,3330350000,6454480000,4874500000,14659330000,26,33,81,140,2284290000,6006210000,6368830000,14659330000,42,42,90,174,-1046060000,-448270000,1494330000,0,16,9,9,34
4_253,4356590000,1776190000,2823710000,8956490000,45,43,111,199,4376040000,1594370000,2768690000,8739100000,33,41,85,159,19450000,-181820000,-55020000,-217390000,-12,-2,-26,-40
4_254,3509690000,2530610000,3924080000,9964380000,29,40,94,163,3455930000,2496310000,4012140000,9964380000,21,20,63,104,-53760000,-34300000,88060000,0,-8,-20,-31,-59
4_255,2458370000,3833630000,6861730000,13153730000,39,34,85,158,2479460000,3527590000,7146680000,13153730000,39,28,101,168,21090000,-306040000,284950000,0,0,-6,16,10
4_256,1179340000,6188080000,8863750000,16231170000,42,39,97,178,1305610000,5674070000,9251490000,16231170000,48,30,78,156,126270000,-514010000,387740000,0,6,-9,-19,-22
4_257,3110410000,4902860000,1062970000,9076240000,42,30,82,154,3228210000,4764020000,1084010000,9076240000,28,19,77,124,117800000,-138840000,21040000,0,-14,-11,-5,-30
4_258,2044790000,396510000,7255170000,9696470000,51,30,101,182,2030260000,397280000,7268930000,9696470000,44,37,85,166,-14530000,770000,13760000,0,-7,7,-16,-16
4_259,1083000000,745180000,12116010000,13944190000,38,43,106,187,902780000,474930000,12566480000,13944190000,48,30,91,169,-180220000,-270250000,450470000,0,10,-13,-15,-18
4_260,707240000,3578560000,6367220000,10653020000,43,40,91,174,715440000,3409090000,6528490000,10653020000,34,30,86,150,8200000,-169470000,161270000,0,-9,-10,-5,-24
4_261,5676550000,6517310000,2929400000,15123260000,31,32,79,142,5930680000,5039720000,4152860000,15123260000,48,34,82,164,254130000,-1477590000,1223460000,0,17,2,3,22
4_262,4689640000,4382490000,2504230000,11576360000,38,22,86,146,4768650000,3688560000,3119150000,11576360000,30,29,80,139,79010000,-693930000,614920000,0,-8,7,-6,-7
4_263,1910710000,231690000,6648190000,8790590000,37,38,100,175,1906020000,231250000,6653320000,8790590000,28,28,67,123,-4690000,-440000,5130000,0,-9,-10,-33,-52
4_264,4023950000,5544050000,4269590000,13837590000,41,39,94,174,4120750000,4491100000,5225740000,13837590000,48,33,80,161,96800000,-1052950000,956150000,0,7,-6,-14,-13
4_265,3569860000,7191160000,1910910000,12671930000,24,20,63,107,3630240000,6844070000,2197620000,12671930000,45,32,94,171,60380000,-347090000,286710000,0,21,12,31,64
4_266,6180740000,1938120000,2739020000,10857880000,38,32,76,146,5848990000,1937900000,3070990000,10857880000,49,43,93,185,-331750000,-220000,331970000,0,11,11,17,39
4_267,4764280000,214720000,4733440000,9712440000,48,25,84,157,4625400000,214890000,4872150000,9712440000,52,37,104,193,-138880000,170000,138710000,0,4,12,20,36
4_268,3686240000,1333180000,7751690000,12771110000,33,48,117,198,3194270000,1560490000,8016350000,12771110000,36,23,93,152,-491970000,227310000,264660000,0,3,-25,-24,-46
4_269,2692320000,6006320000,5800390000,14499030000,39,42,101,182,3785780000,5543260000,5169990000,14499030000,53,43,109,205,1093460000,-463060000,-630400000,0,14,1,8,23
4_270,2072800000,2130000,6851500000,8926430000,37,23,72,132,2094580000,2120000,6829730000,8926430000,38,36,90,164,21780000,-10000,-21770000,0,1,13,18,32
4_271,1919830000,9441910000,3738160000,15099900000,40,41,91,172,1952050000,9039310000,4121070000,15112430000,47,27,95,169,32220000,-402600000,382910000,12530000,7,-14,4,-3
4_272,5404640000,3497680000,2677420000,11579740000,38,34,92,164,5429830000,3452730000,2697180000,11579740000,31,37,103,171,25190000,-44950000,19760000,0,-7,3,11,7
4_273,1306110000,7900810000,5268840000,14475760000,30,21,79,130,1768950000,7204490000,5502320000,14475760000,44,42,125,211,462840000,-696320000,233480000,0,14,21,46,81
4_274,1551600000,6754070000,1775880000,10081550000,45,43,97,185,1622720000,5565190000,2893640000,10081550000,47,35,89,171,71120000,-1188880000,1117760000,0,2,-8,-8,-14
4_275,9569860000,1660290000,2878260000,14108410000,44,35,93,172,8884230000,1698270000,3525910000,14108410000,34,35,97,166,-685630000,37980000,647650000,0,-10,0,4,-6
4_276,4607650000,6165340000,3329940000,14102930000,43,38,96,177,4716070000,5334320000,4052540000,14102930000,31,31,82,144,108420000,-831020000,722600000,0,-12,-7,-14,-33
4_277,387030000,1892470000,8307180000,10586680000,46,34,89,169,381340000,1869140000,8336200000,10586680000,41,27,89,157,-5690000,-23330000,29020000,0,-5,-7,0,-12
4_278,1981520000,497740000,5080330000,7559590000,19,27,72,118,1977880000,495320000,5086390000,7559590000,50,39,105,194,-3640000,-2420000,6060000,0,31,12,33,76
4_279,3163160000,5139490000,2033440000,10336090000,36,30,86,152,3149400000,5016530000,2170160000,10336090000,49,44,102,195,-13760000,-122960000,136720000,0,13,14,16,43
4_280,1745950000,7417980000,1298810000,10462740000,37,35,92,164,1754040000,7355190000,1353510000,10462740000,36,38,89,163,8090000,-62790000,54700000,0,-1,3,-3,-1
4_281,3862650000,4308820000,2165890000,10337360000,40,41,98,179,3793930000,4158540000,2384890000,10337360000,21,31,74,126,-68720000,-150280000,219000000,0,-19,-10,-24,-53
4_282,1870070000,5753550000,1582290000,9205910000,41,35,99,175,2066740000,4974440000,2164730000,9205910000,36,34,97,167,196670000,-779110000,582440000,0,-5,-1,-2,-8
4_283,7882120000,3947070000,2283640000,14112830000,38,39,92,169,7671220000,3937780000,2503830000,14112830000,35,39,85,159,-210900000,-9290000,220190000,0,-3,0,-7,-10
4_284,1863590000,2461560000,6132580000,10457730000,29,29,89,147,1901960000,2484720000,6071050000,10457730000,50,46,106,202,38370000,23160000,-61530000,0,21,17,17,55
4_285,3874460000,83100000,2429530000,6387090000,31,25,72,128,4359590000,69870000,1957650000,6387110000,49,36,83,168,485130000,-13230000,-471880000,20000,18,11,11,40
4_286,1986260000,7214160000,8084000000,17284420000,41,19,75,135,2173530000,6997880000,8113010000,17284420000,33,38,91,162,187270000,-216280000,29010000,0,-8,19,16,27
4_287,5127930000,2225250000,5825400000,13178580000,45,31,83,159,5001060000,2231280000,5946240000,13178580000,48,41,101,190,-126870000,6030000,120840000,0,3,10,18,31
4_288,3497180000,227780000,1435240000,5160200000,33,32,85,150,3382260000,167450000,1610490000,5160200000,39,33,99,171,-114920000,-60330000,175250000,0,6,1,14,21
4_289,5450150000,4652350000,3737900000,13840400000,49,36,101,186,5467070000,4708120000,3665210000,13840400000,44,45,99,188,16920000,55770000,-72690000,0,-5,9,-2,2
4_290,652990000,2057270000,12672300000,15382560000,41,40,92,173,868810000,1102110000,13411640000,15382560000,36,44,104,184,215820000,-955160000,739340000,0,-5,4,12,11
4_291,2396610000,2766760000,3537930000,8701300000,46,30,90,166,2390590000,2678100000,3632610000,8701300000,46,43,100,189,-6020000,-88660000,94680000,0,0,13,10,23
4_292,40370000,1300310000,6323120000,7663800000,44,38,104,186,43210000,1222440000,6398150000,7663800000,34,21,82,137,2840000,-77870000,75030000,0,-10,-17,-22,-49
4_293,7297750000,720620000,6424540000,14442910000,25,28,75,128,7058470000,719760000,6664680000,14442910000,39,32,96,167,-239280000,-860000,240140000,0,14,4,21,39
4_294,6578330000,2972760000,7226630000,16777720000,51,41,105,197,6429180000,2993300000,7355240000,16777720000,47,36,101,184,-149150000,20540000,128610000,0,-4,-5,-4,-13
4_295,6489960000,99550000,3777890000,10367400000,45,35,100,180,7287910000,91200000,2988290000,10367400000,34,40,88,162,797950000,-8350000,-789600000,0,-11,5,-12,-18
4_296,4328840000,8225680000,1538940000,14093460000,36,42,94,172,4307370000,7861090000,1925000000,14093460000,51,35,106,192,-21470000,-364590000,386060000,0,15,-7,12,20
4_297,8314690000,2910390000,3193760000,14418840000,42,35,99,176,8630720000,2660630000,3127490000,14418840000,45,27,88,160,316030000,-249760000,-66270000,0,3,-8,-11,-16
4_298,4097060000,5683750000,2986310000,12767120000,40,23,72,135,4114640000,5677560000,2974920000,12767120000,47,37,106,190,17580000,-6190000,-11390000,0,7,14,34,55
4_299,5776510000,917120000,11903040000,18596670000,32,33,79,144,5701120000,914740000,11980810000,18596670000,50,29,99,178,-75390000,-2380000,77770000,0,18,-4,20,34
4_300,540720000,11398650000,2465770000,14405140000,33,36,92,161,540880000,11557030000,2307230000,14405140000,29,31,84,144,160000,158380000,-158540000,0,-4,-5,-8,-17
4_301,314050000,2317950000,2268000000,4900000000,39,35,96,170,328760000,2254100000,2317140000,4900000000,46,34,104,184,14710000,-63850000,49140000,0,7,-1,8,14
4_302,1328350000,121870000,7317120000,8767340000,45,28,91,164,1324890000,121750000,7320700000,8767340000,52,43,107,202,-3460000,-120000,3580000,0,7,15,16,38
4_303,5819630000,335410000,6560000000,12715040000,43,44,102,189,6371550000,349840000,5993650000,12715040000,47,43,109,199,551920000,14430000,-566350000,0,4,-1,7,10
4_304,5717200000,1349470000,3259440000,10326110000,44,35,91,170,5655950000,1380650000,3289510000,10326110000,48,40,91,179,-61250000,31180000,30070000,0,4,5,0,9
4_305,7669540000,124110000,4177290000,11970940000,40,27,77,144,8192610000,109370000,3668960000,11970940000,36,32,99,167,523070000,-14740000,-508330000,0,-4,5,22,23
4_306,3196150000,2112060000,5074180000,10382390000,45,26,93,164,3052700000,1589330000,5740360000,10382390000,39,40,91,170,-143450000,-522730000,666180000,0,-6,14,-2,6
4_307,3445810000,3358420000,3438990000,10243220000,44,39,95,178,3556240000,3301540000,3385440000,10243220000,34,34,95,163,110430000,-56880000,-53550000,0,-10,-5,0,-15
4_308,905610000,6657810000,2518320000,10081740000,49,37,90,176,1030240000,5989280000,3062220000,10081740000,49,41,102,192,124630000,-668530000,543900000,0,0,4,12,16
4_309,114510000,1525730000,3509800000,5150040000,30,38,100,168,135660000,1223720000,3790660000,5150040000,47,34,101,182,21150000,-302010000,280860000,0,17,-4,1,14
4_310,3644880000,7867190000,3689660000,15201730000,43,44,98,185,3710950000,6955080000,4535700000,15201730000,33,37,105,175,66070000,-912110000,846040000,0,-10,-7,7,-10
4_311,3779930000,2846060000,3617400000,10243390000,32,35,86,153,2344570000,2873210000,5025610000,10243390000,33,35,88,156,-1435360000,27150000,1408210000,0,1,0,2,3
4_312,554140000,6970300000,3267600000,10792040000,39,32,99,170,577480000,6892620000,3321940000,10792040000,50,47,106,203,23340000,-77680000,54340000,0,11,15,7,33
4_313,3650530000,3767290000,3039840000,10457660000,46,37,96,179,3661020000,3755190000,3041450000,10457660000,47,37,93,177,10490000,-12100000,1610000,0,1,0,-3,-2
4_314,1886260000,6203470000,10008690000,18098420000,41,42,102,185,2245810000,6206410000,9646200000,18098420000,20,32,81,133,359550000,2940000,-362490000,0,-21,-10,-21,-52
4_315,205620000,756590000,3722010000,4684220000,30,33,76,139,236330000,723660000,3724230000,4684220000,47,38,84,169,30710000,-32930000,2220000,0,17,5,8,30
4_316,727520000,1905870000,11666600000,14299990000,47,31,100,178,683270000,2892950000,10723770000,14299990000,47,32,96,175,-44250000,987080000,-942830000,0,0,1,-4,-3
4_317,6341730000,1808810000,2181770000,10332310000,49,21,86,156,6291460000,1787420000,2253430000,10332310000,30,30,92,152,-50270000,-21390000,71660000,0,-19,9,6,-4
4_318,928030000,11053320000,4124410000,16105760000,36,43,109,188,830470000,10680570000,4594720000,16105760000,34,23,77,134,-97560000,-372750000,470310000,0,-2,-20,-32,-54
4_319,1268710000,9007090000,4929140000,15204940000,41,27,93,161,1603780000,9339720000,4261440000,15204940000,43,35,94,172,335070000,332630000,-667700000,0,2,8,1,11
4_320,1876350000,4345390000,5122180000,11343920000,43,28,85,156,1526450000,4413800000,5403670000,11343920000,51,34,86,171,-349900000,68410000,281490000,0,8,6,1,15
4_321,1081770000,687590000,3646430000,5415790000,50,29,88,167,1174350000,618970000,3622470000,5415790000,50,37,90,177,92580000,-68620000,-23960000,0,0,8,2,10
4_322,1269600000,3128410000,6687670000,11085680000,31,35,75,141,1066180000,2071100000,7948400000,11085680000,50,40,98,188,-203420000,-1057310000,1260730000,0,19,5,23,47
4_323,3348350000,6150000,2031230000,5385730000,39,43,93,175,3589790000,5830000,1790110000,5385730000,41,39,98,178,241440000,-320000,-241120000,0,2,-4,5,3
4_324,2697150000,3900560000,4154300000,10752010000,45,22,78,145,3432740000,3302740000,4016530000,10752010000,51,33,96,180,735590000,-597820000,-137770000,0,6,11,18,35
4_325,7372180000,495660000,2494730000,10362570000,40,41,110,191,7761440000,511360000,2089770000,10362570000,33,24,84,141,389260000,15700000,-404960000,0,-7,-17,-26,-50
4_326,2342480000,5469720000,1314110000,9126310000,39,36,95,170,2506480000,5296850000,1322980000,9126310000,43,36,95,174,164000000,-172870000,8870000,0,4,0,0,4
4_327,1841990000,6522920000,1447670000,9812580000,41,34,75,150,1760170000,6451060000,1601350000,9812580000,27,25,65,117,-81820000,-71860000,153680000,0,-14,-9,-10,-33
4_328,5188670000,9670150000,2736220000,17595040000,43,36,95,174,5380500000,9310520000,2904020000,17595040000,35,32,92,159,191830000,-359630000,167800000,0,-8,-4,-3,-15
4_329,2937820000,502720000,10392650000,13833190000,47,39,95,181,2888920000,505230000,10439040000,13833190000,30,22,77,129,-48900000,2510000,46390000,0,-17,-17,-18,-52
4_330,1624100000,5052250000,4494120000,11170470000,38,29,72,139,1969590000,4847020000,4353860000,11170470000,47,37,91,175,345490000,-205230000,-140260000,0,9,8,19,36
4_331,1606680000,1866800000,7771190000,11244670000,43,43,97,183,1415450000,1948370000,7880850000,11244670000,47,37,84,168,-191230000,81570000,109660000,0,4,-6,-13,-15
4_332,3086070000,862550000,9883960000,13832580000,47,38,105,190,3110480000,860190000,9861910000,13832580000,49,34,98,181,24410000,-2360000,-22050000,0,2,-4,-7,-9
4_333,8183220000,8328200000,3583890000,20095310000,41,21,77,139,8189970000,6258980000,5646360000,20095310000,38,36,99,173,6750000,-2069220000,2062470000,0,-3,15,22,34
4_334,3138090000,1436210000,595930000,5170230000,45,39,109,193,3114420000,1428080000,627730000,5170230000,51,23,84,158,-23670000,-8130000,31800000,0,6,-16,-25,-35
4_335,2021440000,605220000,7256980000,9883640000,35,35,86,156,2015180000,604830000,7263630000,9883640000,38,39,106,183,-6260000,-390000,6650000,0,3,4,20,27
4_336,1226200000,5043750000,4720890000,10990840000,35,36,103,174,1283540000,4857750000,4849550000,10990840000,44,45,93,182,57340000,-186000000,128660000,0,9,9,-10,8
4_337,2499490000,651130000,11148260000,14298880000,18,29,70,117,2493510000,651100000,11154270000,14298880000,50,23,88,161,-5980000,-30000,6010000,0,32,-6,18,44
4_338,7359330000,1205750000,2538650000,11103730000,45,36,94,175,7853320000,1214640000,2035770000,11103730000,44,28,91,163,493990000,8890000,-502880000,0,-1,-8,-3,-12
4_339,1242000000,2657170000,6762740000,10661910000,28,42,103,173,1223020000,2571100000,6867790000,10661910000,46,36,97,179,-18980000,-86070000,105050000,0,18,-6,-6,6
4_340,1881900000,7252520000,1578260000,10712680000,43,26,81,150,1858890000,6906530000,1947260000,10712680000,45,33,93,171,-23010000,-345990000,369000000,0,2,7,12,21
4_341,1843190000,1268950000,9574180000,12686320000,41,38,96,175,1831520000,1257240000,9597560000,12686320000,53,38,106,197,-11670000,-11710000,23380000,0,12,0,10,22
4_342,3119650000,5015940000,2642680000,10778270000,43,31,93,167,3255310000,4487580000,3035380000,10778270000,49,32,97,178,135660000,-528360000,392700000,0,6,1,4,11
4_343,269510000,977840000,8049740000,9297090000,42,35,100,177,200280000,1608600000,7488210000,9297090000,44,33,81,158,-69230000,630760000,-561530000,0,2,-2,-19,-19
4_344,3488590000,4346670000,2927990000,10763250000,51,38,111,200,4140720000,3422370000,3200160000,10763250000,42,44,108,194,652130000,-924300000,272170000,0,-9,6,-3,-6
4_345,453120000,7340690000,2673970000,10467780000,50,33,98,181,474330000,7173810000,2819640000,10467780000,55,33,108,196,21210000,-166880000,145670000,0,5,0,10,15
4_346,2780480000,6395470000,1388860000,10564810000,33,36,105,174,2795720000,6074550000,1694540000,10564810000,35,27,78,140,15240000,-320920000,305680000,0,2,-9,-27,-34
4_347,3085690000,2419910000,4580010000,10085610000,19,33,68,120,2885440000,2293130000,4907040000,10085610000,47,36,95,178,-200250000,-126780000,327030000,0,28,3,27,58
4_348,2806970000,63240000,11914550000,14784760000,48,33,106,187,2943220000,62900000,11778640000,14784760000,44,36,85,165,136250000,-340000,-135910000,0,-4,3,-21,-22
4_349,2580340000,6449310000,1753640000,10783290000,30,34,97,161,2892110000,6003400000,1887780000,10783290000,45,39,93,177,311770000,-445910000,134140000,0,15,5,-4,16
4_350,3379490000,5562440000,1399910000,10341840000,39,27,86,152,3412010000,5218390000,1711440000,10341840000,44,34,88,166,32520000,-344050000,311530000,0,5,7,2,14
4_351,1767440000,7658310000,1361290000,10787040000,39,30,76,145,1962680000,7396000000,1428360000,10787040000,39,43,114,196,195240000,-262310000,67070000,0,0,13,38,51
4_352,1657140000,681500000,2721440000,5060080000,47,33,88,168,1634760000,690630000,2734690000,5060080000,20,32,72,124,-22380000,9130000,13250000,0,-27,-1,-16,-44
4_353,3388660000,4834000000,2745820000,10968480000,36,30,94,160,3561040000,3853560000,3553880000,10968480000,48,39,92,179,172380000,-980440000,808060000,0,12,9,-2,19
4_354,1129980000,7678290000,1534090000,10342360000,40,31,76,147,1231690000,7496000000,1614670000,10342360000,34,40,113,187,101710000,-182290000,80580000,0,-6,9,37,40
4_355,3119680000,3126950000,4195880000,10442510000,39,33,94,166,3326710000,2999320000,4116480000,10442510000,33,26,74,133,207030000,-127630000,-79400000,0,-6,-7,-20,-33
4_356,1871540000,399270000,6308240000,8579050000,48,44,107,199,1919720000,389890000,6269440000,8579050000,41,32,102,175,48180000,-9380000,-38800000,0,-7,-12,-5,-24
4_357,3475130000,3483930000,996210000,7955270000,34,43,93,170,3799150000,3180080000,976040000,7955270000,45,41,111,197,324020000,-303850000,-20170000,0,11,-2,18,27
4_358,5120550000,97980000,3987860000,9206390000,46,37,108,191,6429830000,80810000,2695750000,9206390000,34,45,112,191,1309280000,-17170000,-1292110000,0,-12,8,4,0
4_359,3581240000,5795320000,1346630000,10723190000,31,40,96,167,3762060000,5104330000,1856800000,10723190000,50,35,89,174,180820000,-690990000,510170000,0,19,-5,-7,7
4_360,3867720000,4553920000,2034730000,10456370000,45,36,102,183,3922790000,4554140000,1979440000,10456370000,45,36,94,175,55070000,220000,-55290000,0,0,0,-8,-8
4_361,6151360000,6630680000,2335910000,15117950000,44,31,86,161,6308990000,5180830000,3628130000,15117950000,30,34,73,137,157630000,-1449850000,1292220000,0,-14,3,-13,-24
4_362,267380000,2823630000,2038860000,5129870000,34,37,93,164,269900000,2765650000,2094320000,5129870000,44,40,97,181,2520000,-57980000,55460000,0,10,3,4,17
4_363,3960070000,10189960000,4517640000,18667670000,39,39,95,173,4114430000,9090160000,5463080000,18667670000,44,37,93,174,154360000,-1099800000,945440000,0,5,-2,-2,1
4_364,3138210000,5575320000,1367570000,10081100000,33,32,80,145,3159710000,5080140000,1841250000,10081100000,31,37,89,157,21500000,-495180000,473680000,0,-2,5,9,12
4_365,673410000,38650000,8830310000,9542370000,43,34,92,169,716440000,12660000,8813270000,9542370000,32,39,84,155,43030000,-25990000,-17040000,0,-11,5,-8,-14
4_366,6943510000,3161510000,2562020000,12667040000,33,35,88,156,6959020000,3175990000,2532030000,12667040000,31,42,95,168,15510000,14480000,-29990000,0,-2,7,7,12
4_367,2676530000,1673620000,9502930000,13853080000,45,39,100,184,2819700000,1296370000,9737010000,13853080000,41,37,91,169,143170000,-377250000,234080000,0,-4,-2,-9,-15
4_368,7077150000,798290000,3228630000,11104070000,41,26,82,149,7355050000,654900000,3094120000,11104070000,53,38,94,185,277900000,-143390000,-134510000,0,12,12,12,36
4_369,1493290000,3616210000,4062370000,9171870000,40,39,89,168,1357470000,3493790000,4320610000,9171870000,33,48,101,182,-135820000,-122420000,258240000,0,-7,9,12,14
4_370,1569550000,2188380000,1158390000,4916320000,38,35,83,156,1592170000,1856350000,1424920000,4873440000,43,42,92,177,22620000,-332030000,266530000,-42880000,5,7,9,21
4_371,2703710000,7027830000,1210750000,10942290000,34,35,95,164,2722320000,6829560000,1390410000,10942290000,48,32,95,175,18610000,-198270000,179660000,0,14,-3,0,11
4_372,6359650000,3012230000,7524460000,16896340000,23,34,81,138,6489700000,2973540000,7433100000,16896340000,38,40,111,189,130050000,-38690000,-91360000,0,15,6,30,51
4_373,5186410000,48940000,5137210000,10372560000,40,38,97,175,5729150000,49490000,4593920000,10372560000,41,38,94,173,542740000,550000,-543290000,0,1,0,-3,-2
4_374,1966510000,6172650000,832070000,8971230000,42,25,75,142,1968710000,6123490000,879030000,8971230000,25,36,95,156,2200000,-49160000,46960000,0,-17,11,20,14
4_375,5521130000,1148530000,3662890000,10332550000,44,33,96,173,5536000000,1207590000,3588960000,10332550000,51,35,92,178,14870000,59060000,-73930000,0,7,2,-4,5
4_376,3623050000,4707870000,2402320000,10733240000,46,36,97,179,3205760000,4764860000,2762620000,10733240000,44,36,93,173,-417290000,56990000,360300000,0,-2,0,-4,-6
4_377,1769890000,4026310000,3159370000,8955570000,46,43,106,195,1803450000,3913300000,3238820000,8955570000,33,28,82,143,33560000,-113010000,79450000,0,-13,-15,-24,-52
4_378,6700560000,5551940000,1845030000,14097530000,24,36,82,142,6907650000,4972430000,2217450000,14097530000,44,35,90,169,207090000,-579510000,372420000,0,20,-1,8,27
4_379,3085800000,2858030000,4326050000,10269880000,47,38,93,178,3056400000,2781260000,4432220000,10269880000,40,20,86,146,-29400000,-76770000,106170000,0,-7,-18,-7,-32
4_380,485740000,3933110000,8138010000,12556860000,30,28,79,137,538130000,4013100000,8005630000,12556860000,45,34,85,164,52390000,79990000,-132380000,0,15,6,6,27
4_381,5824920000,1734540000,3193760000,10753220000,42,40,100,182,5805410000,1757380000,3190430000,10753220000,46,30,96,172,-19510000,22840000,-3330000,0,4,-10,-4,-10
4_382,812780000,7738910000,2131560000,10683250000,50,44,106,200,854020000,7580880000,2248350000,10683250000,49,37,96,182,41240000,-158030000,116790000,0,-1,-7,-10,-18
4_383,958960000,5033400000,4223250000,10215610000,40,32,83,155,1016950000,4683260000,4515400000,10215610000,32,39,89,160,57990000,-350140000,292150000,0,-8,7,6,5
4_384,129110000,3460000,5247440000,5380010000,41,32,87,160,139830000,4610000,5235570000,5380010000,32,39,106,177,10720000,1150000,-11870000,0,-9,7,19,17
4_385,5631910000,5290500000,2914630000,13837040000,42,43,102,187,5811220000,4277080000,3748740000,13837040000,31,33,83,147,179310000,-1013420000,834110000,0,-11,-10,-19,-40
4_386,3522960000,4729560000,8375160000,16627680000,38,33,78,149,3773870000,4189460000,8664350000,16627680000,49,43,100,192,250910000,-540100000,289190000,0,11,10,22,43
4_387,1078660000,8048050000,1550880000,10677590000,40,36,92,168,1038650000,7975320000,1663620000,10677590000,51,43,107,201,-40010000,-72730000,112740000,0,11,7,15,33
4_388,3485190000,180940000,8783550000,12449680000,45,22,74,141,3608080000,174440000,8667160000,12449680000,35,31,97,163,122890000,-6500000,-116390000,0,-10,9,23,22
4_389,7137010000,2598950000,3186420000,12922380000,31,38,90,159,7235450000,2524770000,3162160000,12922380000,43,43,111,197,98440000,-74180000,-24260000,0,12,5,21,38
4_390,3281060000,926870000,1313090000,5521020000,20,36,80,136,3275710000,881160000,1364150000,5521020000,26,32,86,144,-5350000,-45710000,51060000,0,6,-4,6,8
4_391,2455420000,224110000,7135080000,9814610000,47,39,109,195,2465730000,223100000,7125780000,9814610000,49,41,103,193,10310000,-1010000,-9300000,0,2,2,-6,-2
4_392,3472830000,4997220000,1982550000,10452600000,34,35,80,149,3496070000,4907620000,2048910000,10452600000,51,41,99,191,23240000,-89600000,66360000,0,17,6,19,42
4_393,3716140000,6359000000,10907340000,20982480000,38,25,84,147,3742140000,6240880000,10999460000,20982480000,29,29,88,146,26000000,-118120000,92120000,0,-9,4,4,-1
4_394,3181630000,7509260000,3136360000,13827250000,41,39,101,181,3065640000,7416360000,3345250000,13827250000,47,40,98,185,-115990000,-92900000,208890000,0,6,1,-3,4
4_395,2864020000,3979790000,7363410000,14207220000,39,29,86,154,3145970000,3680070000,7381180000,14207220000,26,38,91,155,281950000,-299720000,17770000,0,-13,9,5,1
4_396,4198010000,856760000,987210000,6041980000,36,27,72,135,4155540000,865480000,1020960000,6041980000,45,38,99,182,-42470000,8720000,33750000,0,9,11,27,47
4_397,1378960000,2125100000,1811550000,5315610000,33,36,92,161,1406530000,1965280000,1943800000,5315610000,51,32,102,185,27570000,-159820000,132250000,0,18,-4,10,24
4_398,807730000,9711540000,2276720000,12795990000,40,31,94,165,999190000,9201360000,2595440000,12795990000,26,35,94,155,191460000,-510180000,318720000,0,-14,4,0,-10
4_399,2511730000,1047270000,4989910000,8548910000,45,32,89,166,2391590000,983450000,5173870000,8548910000,37,34,93,164,-120140000,-63820000,183960000,0,-8,2,4,-2
4_400,900160000,5775550000,3405750000,10081460000,30,38,76,144,904200000,5568960000,3608300000,10081460000,48,41,97,186,4040000,-206590000,202550000,0,18,3,21,42
4_401,532270000,309650000,9371740000,10213660000,27,36,83,146,565170000,231950000,9416540000,10213660000,33,32,91,156,32900000,-77700000,44800000,0,6,-4,8,10
4_402,1132310000,500530000,7493510000,9126350000,45,30,87,162,1341980000,293550000,7490820000,9126350000,43,32,78,153,209670000,-206980000,-2690000,0,-2,2,-9,-9
4_403,6364200000,195020000,3808220000,10367440000,24,38,97,159,7007080000,204140000,3156220000,10367440000,46,37,100,183,642880000,9120000,-652000000,0,22,-1,3,24
4_404,3624440000,4258110000,5040390000,12922940000,40,42,111,193,4983920000,3245390000,4693630000,12922940000,38,36,97,171,1359480000,-1012720000,-346760000,0,-2,-6,-14,-22
4_405,4844460000,2607270000,6534580000,13986310000,45,39,91,175,5613190000,2387790000,5985330000,13986310000,44,34,78,156,768730000,-219480000,-549250000,0,-1,-5,-13,-19
4_406,1761070000,7132990000,4927930000,13821990000,41,30,84,155,1763830000,7144560000,4913600000,13821990000,21,33,81,135,2760000,11570000,-14330000,0,-20,3,-3,-20
4_407,4200250000,2297570000,3959280000,10457100000,41,38,83,162,4252210000,2268840000,3936050000,10457100000,41,37,91,169,51960000,-28730000,-23230000,0,0,-1,8,7
4_408,3205540000,1061480000,4553640000,8820660000,49,33,90,172,3280090000,1013820000,4526750000,8820660000,27,31,84,142,74550000,-47660000,-26890000,0,-22,-2,-6,-30
4_409,2970990000,7738450000,2369720000,13079160000,40,30,77,147,3170330000,7030430000,2878400000,13079160000,38,42,92,172,199340000,-708020000,508680000,0,-2,12,15,25
4_410,80490000,1042910000,4172170000,5295570000,38,36,95,169,242940000,929130000,4123500000,5295570000,35,41,100,176,162450000,-113780000,-48670000,0,-3,5,5,7
4_411,2679290000,9993570000,4737300000,17410160000,44,35,100,179,2604410000,10345020000,4381000000,17330430000,40,24,84,148,-74880000,351450000,-356300000,-79730000,-4,-11,-16,-31
4_412,8745060000,2875520000,3914470000,15535050000,25,29,79,133,8925930000,2892260000,3716860000,15535050000,55,46,114,215,180870000,16740000,-197610000,0,30,17,35,82
4_413,5182720000,2752330000,1889140000,9824190000,36,32,89,157,5569060000,2649050000,1606080000,9824190000,39,32,84,155,386340000,-103280000,-283060000,0,3,0,-5,-2
4_414,5771370000,5147500000,2918520000,13837390000,47,31,104,182,5802340000,4290080000,3744970000,13837390000,43,39,91,173,30970000,-857420000,826450000,0,-4,8,-13,-9
4_415,994640000,5904390000,1803210000,8702240000,30,30,75,135,967980000,6122330000,1611930000,8702240000,25,27,73,125,-26660000,217940000,-191280000,0,-5,-3,-2,-10
4_416,237370000,692500000,11379120000,12308990000,44,31,84,159,249930000,619610000,11439450000,12308990000,54,33,110,197,12560000,-72890000,60330000,0,10,2,26,38
4_417,3165210000,4237540000,2662360000,10065110000,47,36,102,185,3155490000,4250440000,2659180000,10065110000,47,31,90,168,-9720000,12900000,-3180000,0,0,-5,-12,-17
4_418,2038000000,58930000,11761450000,13858380000,43,35,98,176,2177650000,60000000,11620730000,13858380000,44,34,80,158,139650000,1070000,-140720000,0,1,-1,-18,-18
4_419,1194120000,2343360000,5498560000,9036040000,44,28,89,161,1384780000,2253510000,5397750000,9036040000,45,40,95,180,190660000,-89850000,-100810000,0,1,12,6,19
4_420,4408940000,4495740000,1432710000,10337390000,27,29,74,130,4447570000,4480840000,1408980000,10337390000,31,31,85,147,38630000,-14900000,-23730000,0,4,2,11,17
4_421,1367250000,2437400000,1059410000,4864060000,35,37,93,165,1431750000,2289850000,1158130000,4879730000,30,39,78,147,64500000,-147550000,98720000,15670000,-5,2,-15,-18
4_422,3501910000,4161750000,6265120000,13928780000,33,34,91,158,4518650000,3519330000,5890800000,13928780000,26,41,92,159,1016740000,-642420000,-374320000,0,-7,7,1,1
4_423,4465660000,5811480000,3914660000,14191800000,31,42,90,163,4468040000,5758540000,3965220000,14191800000,38,31,100,169,2380000,-52940000,50560000,0,7,-11,10,6
4_424,774380000,8074470000,1828740000,10677590000,41,29,76,146,815650000,7915820000,1946120000,10677590000,33,34,98,165,41270000,-158650000,117380000,0,-8,5,22,19
4_425,825490000,1939660000,1100040000,3865190000,43,46,122,211,892130000,1755180000,1232000000,3879310000,44,41,93,178,66640000,-184480000,131960000,14120000,1,-5,-29,-33
4_426,7997910000,1005470000,2585440000,11588820000,42,42,102,186,8588420000,861990000,2138410000,11588820000,44,30,78,152,590510000,-143480000,-447030000,0,2,-12,-24,-34
4_427,231720000,1241900000,7121890000,8595510000,45,36,90,171,260030000,1210050000,7125430000,8595510000,27,27,90,144,28310000,-31850000,3540000,0,-18,-9,0,-27
4_428,459370000,3773140000,3844940000,8077450000,44,40,96,180,443610000,3673280000,3960560000,8077450000,45,37,87,169,-15760000,-99860000,115620000,0,1,-3,-9,-11
4_429,5717140000,63230000,4592110000,10372480000,30,44,85,159,6679410000,53370000,3639700000,10372480000,35,42,94,171,962270000,-9860000,-952410000,0,5,-2,9,12
4_430,2161380000,0,8627070000,10788450000,46,31,88,165,2471370000,0,8317080000,10788450000,47,39,94,180,309990000,0,-309990000,0,1,8,6,15
4_431,1070160000,5529070000,2466910000,9066140000,48,39,96,183,1224300000,5079230000,2762610000,9066140000,44,33,83,160,154140000,-449840000,295700000,0,-4,-6,-13,-23
4_432,3689040000,5804110000,4775440000,14268590000,40,41,106,187,3773750000,5744470000,4750370000,14268590000,47,31,88,166,84710000,-59640000,-25070000,0,7,-10,-18,-21
4_433,3245170000,3399030000,3932630000,10576830000,40,20,65,125,3828510000,3195390000,3552930000,10576830000,36,26,85,147,583340000,-203640000,-379700000,0,-4,6,20,22
4_434,2400600000,6274850000,5518610000,14194060000,34,20,68,122,2435110000,6293750000,5465200000,14194060000,48,42,120,210,34510000,18900000,-53410000,0,14,22,52,88
4_435,5499100000,3276920000,5537960000,14313980000,45,25,88,158,5455420000,3324660000,5533740000,14313820000,42,42,95,179,-43680000,47740000,-4220000,-160000,-3,17,7,21
4_436,3548370000,4585870000,1387660000,9521900000,33,26,85,144,3419730000,4460980000,1641190000,9521900000,48,29,91,168,-128640000,-124890000,253530000,0,15,3,6,24
4_437,622570000,1673370000,3260140000,5556080000,29,21,79,129,423330000,1751970000,3380780000,5556080000,49,39,99,187,-199240000,78600000,120640000,0,20,18,20,58
4_438,1741600000,5995150000,1499120000,9235870000,45,33,102,180,1738080000,5912880000,1584910000,9235870000,49,41,97,187,-3520000,-82270000,85790000,0,4,8,-5,7
4_439,2798740000,5481270000,1801380000,10081390000,47,38,108,193,3011070000,4515200000,2555120000,10081390000,33,28,82,143,212330000,-966070000,753740000,0,-14,-10,-26,-50
4_440,1336590000,8484370000,956020000,10776980000,28,35,92,155,1728970000,8098020000,949990000,10776980000,31,37,92,160,392380000,-386350000,-6030000,0,3,2,0,5
4_441,1183940000,4345150000,784250000,6313340000,36,33,77,146,1121190000,4018150000,700620000,5839960000,36,20,79,135,-62750000,-327000000,-83630000,-473380000,0,-13,2,-11
4_442,3371390000,5249040000,2087300000,10707730000,51,42,104,197,3453910000,4744440000,2509380000,10707730000,50,40,97,187,82520000,-504600000,422080000,0,-1,-2,-7,-10
4_443,190080000,8784000000,4461770000,13435850000,38,46,98,182,181380000,8657900000,4596570000,13435850000,37,30,93,160,-8700000,-126100000,134800000,0,-1,-16,-5,-22
4_444,1863390000,1562660000,4766750000,8192800000,39,37,103,179,1809150000,1430590000,4953060000,8192800000,33,22,81,136,-54240000,-132070000,186310000,0,-6,-15,-22,-43
4_445,409610000,1800690000,3080260000,5290560000,24,35,71,130,315370000,1737030000,3238160000,5290560000,50,44,103,197,-94240000,-63660000,157900000,0,26,9,32,67
4_446,338740000,430840000,1729150000,2498730000,29,39,96,164,340980000,414640000,1743110000,2498730000,43,31,90,164,2240000,-16200000,13960000,0,14,-8,-6,0
4_447,2762240000,4841160000,1297550000,8900950000,44,31,93,168,2717420000,4912820000,1270710000,8900950000,27,26,79,132,-44820000,71660000,-26840000,0,-17,-5,-14,-36
4_448,5066580000,6020420000,2750870000,13837870000,31,32,82,145,5397790000,4979720000,3460360000,13837870000,45,33,105,183,331210000,-1040700000,709490000,0,14,1,23,38
4_449,56480000,571860000,5130210000,5758550000,44,36,93,173,51940000,592880000,5113730000,5758550000,50,37,110,197,-4540000,21020000,-16480000,0,6,1,17,24
4_450,253230000,4167830000,1044840000,5465900000,46,38,109,193,277460000,4222120000,966320000,5465900000,42,46,97,185,24230000,54290000,-78520000,0,-4,8,-12,-8
4_451,4135070000,35680000,6206850000,10377600000,46,29,90,165,4154520000,35730000,6187350000,10377600000,33,38,89,160,19450000,50000,-19500000,0,-13,9,-1,-5
16_001,14362130000,29068600000,8233900000,51664630000,53,53,141,247,14688690000,27952050000,9023890000,51664630000,50,39,100,189,326560000,-1116550000,789990000,0,-3,-14,-41,-58
16_002,12893490000,18250230000,12445690000,43589410000,52,43,111,206,12891920000,16781290000,13916200000,43589410000,25,37,84,146,-1570000,-1468940000,1470510000,0,-27,-6,-27,-60
16_003,18508170000,23976390000,9302190000,51786750000,48,47,116,211,19628590000,20562120000,11596040000,51786750000,54,37,107,198,1120420000,-3414270000,2293850000,0,6,-10,-9,-13
16_004,12486170000,166780000,41974550000,54627500000,56,43,118,217,13282860000,166980000,41177660000,54627500000,40,44,121,205,796690000,200000,-796890000,0,-16,1,3,-12
16_005,14495800000,37181790000,8477020000,60154610000,51,46,114,211,14881250000,35178610000,10094750000,60154610000,50,44,105,199,385450000,-2003180000,1617730000,0,-1,-2,-9,-12
16_006,17440680000,10875100000,12052720000,40368500000,49,46,104,199,17826320000,10828950000,11713230000,40368500000,47,48,104,199,385640000,-46150000,-339490000,0,-2,2,0,0
16_007,14986420000,24430130000,7892260000,47308810000,47,44,105,196,15064380000,22349510000,8553070000,45966960000,56,44,112,212,77960000,-2080620000,660810000,-1341850000,9,0,7,16
16_008,17998770000,2805860000,22702980000,43507610000,41,42,104,187,17889730000,2107760000,23510120000,43507610000,52,40,102,194,-109040000,-698100000,807140000,0,11,-2,-2,7
16_009,6602570000,21023910000,21067030000,48693510000,37,44,114,195,8957080000,18148920000,21587510000,48693510000,44,47,116,207,2354510000,-2874990000,520480000,0,7,3,2,12
16_010,1427560000,5270020000,54707530000,61405110000,35,39,103,177,2073070000,4412760000,54919280000,61405110000,33,38,107,178,645510000,-857260000,211750000,0,-2,-1,4,1
16_011,5797840000,23579680000,28422800000,57800320000,45,41,97,183,5883180000,23724300000,28192840000,57800320000,47,44,106,197,85340000,144620000,-229960000,0,2,3,9,14
16_012,13454970000,28505910000,7656230000,49617110000,53,53,132,238,13900660000,25092300000,10624150000,49617110000,38,45,104,187,445690000,-3413610000,2967920000,0,-15,-8,-28,-51
16_013,14180330000,1217270000,22571550000,37969150000,46,53,118,217,14965880000,1222320000,21780950000,37969150000,57,45,124,226,785550000,5050000,-790600000,0,11,-8,6,9
16_014,7608770000,19744860000,14900830000,42254460000,48,48,116,212,8162880000,19297090000,14794490000,42254460000,56,44,98,198,554110000,-447770000,-106340000,0,8,-4,-18,-14
16_015,12757610000,11619410000,14011230000,38388250000,49,36,100,185,13221510000,11356920000,13809820000,38388250000,46,49,107,202,463900000,-262490000,-201410000,0,-3,13,7,17
16_016,4335980000,2687420000,34354840000,41378240000,37,42,104,183,4803840000,1966650000,34607750000,41378240000,51,37,114,202,467860000,-720770000,252910000,0,14,-5,10,19
16_017,2818120000,1008370000,36721940000,40548430000,53,43,108,204,3030560000,837470000,36680400000,40548430000,47,48,104,199,212440000,-170900000,-41540000,0,-6,5,-4,-5
16_018,1793120000,3021720000,33992720000,38807560000,54,39,106,199,1797920000,2257600000,34752040000,38807560000,46,45,99,190,4800000,-764120000,759320000,0,-8,6,-7,-9
16_019,12571360000,28879440000,35752040000,77202840000,52,44,106,202,12553060000,28615090000,36034690000,77202840000,53,41,108,202,-18300000,-264350000,282650000,0,1,-3,2,0
16_020,33890790000,12159710000,35390310000,81440810000,46,52,114,212,33167960000,12165360000,36107490000,81440810000,49,43,106,198,-722830000,5650000,717180000,0,3,-9,-8,-14
16_021,14906270000,24013920000,14161520000,53081710000,37,41,106,184,15270310000,23760700000,13912760000,52943770000,48,48,113,209,364040000,-253220000,-248760000,-137940000,11,7,7,25
16_022,15685660000,26411670000,9881300000,51978630000,35,40,97,172,15784620000,25286150000,10907860000,51978630000,51,45,110,206,98960000,-1125520000,1026560000,0,16,5,13,34
16_023,11585240000,30908320000,14868980000,57362540000,53,47,107,207,11580610000,30457730000,15324200000,57362540000,49,42,103,194,-4630000,-450590000,455220000,0,-4,-5,-4,-13
16_024,27887740000,700240000,14406200000,42994180000,57,47,131,235,30362510000,684480000,11947190000,42994180000,54,43,110,207,2474770000,-15760000,-2459010000,0,-3,-4,-21,-28
16_025,19479150000,17318050000,12590440000,49387640000,55,53,126,234,19591240000,16984710000,12811690000,49387640000,39,36,109,184,112090000,-333340000,221250000,0,-16,-17,-17,-50
16_026,23893620000,9134500000,14139720000,47167840000,40,48,109,197,24252420000,9161280000,13754140000,47167840000,50,41,109,200,358800000,26780000,-385580000,0,10,-7,0,3
16_027,8288610000,1617210000,32595230000,42501050000,55,47,120,222,8273730000,1614490000,32612830000,42501050000,52,46,106,204,-14880000,-2720000,17600000,0,-3,-1,-14,-18
16_028,27081500000,9743630000,21944460000,58769590000,44,38,90,172,27248640000,9751460000,21769490000,58769590000,53,41,105,199,167140000,7830000,-174970000,0,9,3,15,27
16_029,7484420000,33431460000,24324030000,65239910000,53,45,112,210,7219870000,33346430000,24673610000,65239910000,48,49,133,230,-264550000,-85030000,349580000,0,-5,4,21,20
16_030,6600660000,27381840000,19515010000,53497510000,38,40,112,190,7118680000,26156020000,20222810000,53497510000,48,41,99,188,518020000,-1225820000,707800000,0,10,1,-13,-2
16_031,36291020000,2223040000,34320590000,72834650000,44,44,106,194,43835390000,2086680000,26912550000,72834620000,51,46,110,207,7544370000,-136360000,-7408040000,-30000,7,2,4,13
16_032,15503300000,20073860000,21416960000,56994120000,51,38,103,192,14091400000,19996590000,22906130000,56994120000,53,41,106,200,-1411900000,-77270000,1489170000,0,2,3,3,8
16_033,11270360000,26271630000,8673510000,46215500000,50,38,105,193,11415770000,26229500000,8570230000,46215500000,53,46,108,207,145410000,-42130000,-103280000,0,3,8,3,14
16_034,18832660000,18301470000,10858020000,47992150000,50,38,116,204,19544130000,15180960000,13267060000,47992150000,52,48,112,212,711470000,-3120510000,2409040000,0,2,10,-4,8
16_035,11291370000,1478830000,29153710000,41923910000,39,44,106,189,11756050000,1455940000,28711920000,41923910000,51,43,116,210,464680000,-22890000,-441790000,0,12,-1,10,21
16_036,13118430000,15250430000,11733000000,40101860000,44,36,90,170,13333760000,11333080000,15435020000,40101860000,41,44,119,204,215330000,-3917350000,3702020000,0,-3,8,29,34
16_037,32228530000,959770000,21172540000,54360840000,47,45,108,200,34919660000,995760000,18445420000,54360840000,34,40,109,183,2691130000,35990000,-2727120000,0,-13,-5,1,-17
16_038,32461120000,557090000,21433520000,54451730000,47,39,103,189,34975890000,526460000,18949380000,54451730000,51,40,106,197,2514770000,-30630000,-2484140000,0,4,1,3,8
16_039,5118510000,25162330000,23244310000,53525150000,48,48,118,214,5169130000,24539980000,23816040000,53525150000,54,40,102,196,50620000,-622350000,571730000,0,6,-8,-16,-18
16_040,30524690000,7585780000,20751030000,58861500000,30,42,108,180,33686740000,7585480000,17589280000,58861500000,52,43,98,193,3162050000,-300000,-3161750000,0,22,1,-10,13
16_041,9376380000,18698440000,11532060000,39606880000,38,50,102,190,9365240000,18310450000,11931190000,39606880000,48,52,123,223,-11140000,-387990000,399130000,0,10,2,21,33
16_042,1561160000,12132710000,6265790000,19959660000,49,41,123,213,1616780000,11550140000,6674330000,19841250000,51,39,101,191,55620000,-582570000,408540000,-118410000,2,-2,-22,-22
16_043,20435060000,12290050000,33381380000,66106490000,45,45,94,184,20416320000,11384840000,34305170000,66106330000,51,38,105,194,-18740000,-905210000,923790000,-160000,6,-7,11,10
16_044,11548140000,445640000,40140970000,52134750000,46,47,109,202,12443740000,445970000,39245040000,52134750000,47,44,121,212,895600000,330000,-895930000,0,1,-3,12,10
16_045,19155760000,32463510000,11666170000,63285440000,43,47,105,195,19794290000,29494230000,13996920000,63285440000,50,42,106,198,638530000,-2969280000,2330750000,0,7,-5,1,3
16_046,13903580000,23112550000,17415610000,54431740000,46,36,94,176,9653380000,21743400000,23034960000,54431740000,47,46,104,197,-4250200000,-1369150000,5619350000,0,1,10,10,21
16_047,13232190000,23917590000,11707730000,48857510000,40,43,114,197,12929890000,23778110000,12149510000,48857510000,45,41,111,197,-302300000,-139480000,441780000,0,5,-2,-3,0
16_048,6633990000,31772860000,15198520000,53605370000,43,44,111,198,9490840000,29054350000,15060180000,53605370000,49,42,110,201,2856850000,-2718510000,-138340000,0,6,-2,-1,3
16_049,28301720000,10774050000,16980640000,56056410000,43,43,111,197,28834080000,10426110000,16796220000,56056410000,46,42,112,200,532360000,-347940000,-184420000,0,3,-1,1,3
16_050,27049500000,5362770000,16651600000,49063870000,44,48,111,203,27050410000,4847480000,17165950000,49063840000,36,45,107,188,910000,-515290000,514350000,-30000,-8,-3,-4,-15
16_051,28029820000,1187320000,23186620000,52403760000,47,50,121,218,29791400000,1229480000,21382880000,52403760000,50,40,103,193,1761580000,42160000,-1803740000,0,3,-10,-18,-25
16_052,9772790000,4492840000,18459560000,32725190000,53,44,121,218,9773830000,4290270000,18661090000,32725190000,51,42,101,194,1040000,-202570000,201530000,0,-2,-2,-20,-24
16_053,39884290000,4038010000,20848980000,64771280000,35,40,103,178,43876940000,3613830000,17280410000,64771180000,49,52,122,223,3992650000,-424180000,-3568570000,-100000,14,12,19,45
16_054,16681030000,20060470000,18628660000,55370160000,53,44,118,215,16662590000,19693870000,19013700000,55370160000,54,42,100,196,-18440000,-366600000,385040000,0,1,-2,-18,-19
16_055,26743420000,14208690000,15405390000,56357500000,51,40,103,194,26680330000,14110580000,15566590000,56357500000,51,39,119,209,-63090000,-98110000,161200000,0,0,-1,16,15
16_056,11867950000,12074520000,14662690000,38605160000,49,43,116,208,11932860000,11760670000,14911630000,38605160000,51,44,102,197,64910000,-313850000,248940000,0,2,1,-14,-11
16_057,15916580000,18335670000,7122120000,41374370000,52,45,112,209,16262000000,14490300000,10622070000,41374370000,46,45,103,194,345420000,-3845370000,3499950000,0,-6,0,-9,-15
16_058,10927560000,20080530000,8740080000,39748170000,50,43,113,206,11209730000,18255080000,9565020000,39029830000,37,45,118,200,282170000,-1825450000,824940000,-718340000,-13,2,5,-6
16_059,16390600000,2348420000,33583850000,52322870000,42,46,106,194,16138370000,2336730000,33847770000,52322870000,24,32,83,139,-252230000,-11690000,263920000,0,-18,-14,-23,-55
16_060,1577090000,4426110000,41213180000,47216380000,50,43,121,214,2340480000,3054520000,41821380000,47216380000,50,46,105,201,763390000,-1371590000,608200000,0,0,3,-16,-13
16_061,13687840000,16040940000,24542290000,54271070000,46,41,101,188,12823290000,14414890000,27032890000,54271070000,51,46,104,201,-864550000,-1626050000,2490600000,0,5,5,3,13
16_062,12997430000,10273020000,12023940000,35294390000,47,39,111,197,10961480000,10167890000,14165020000,35294390000,46,42,101,189,-2035950000,-105130000,2141080000,0,-1,3,-10,-8
16_063,21012090000,5027780000,16197350000,42237220000,36,39,98,173,20709620000,5080060000,16447540000,42237220000,49,44,105,198,-302470000,52280000,250190000,0,13,5,7,25
16_064,27206890000,1438760000,17905040000,46550690000,46,44,97,187,29415400000,1505480000,15629810000,46550690000,57,41,121,219,2208510000,66720000,-2275230000,0,11,-3,24,32
16_065,12833500000,21808160000,9237050000,43878710000,20,37,87,144,13424810000,18323140000,12130760000,43878710000,50,44,110,204,591310000,-3485020000,2893710000,0,30,7,23,60
16_066,2698430000,12334510000,25328490000,40361430000,49,46,115,210,2770640000,11569500000,26021290000,40361430000,48,49,123,220,72210000,-765010000,692800000,0,-1,3,8,10
16_067,11649610000,19240630000,28545890000,59436130000,48,43,103,194,12250760000,17575360000,29610010000,59436130000,43,47,111,201,601150000,-1665270000,1064120000,0,-5,4,8,7
16_068,14050990000,13979080000,11033380000,39063450000,49,37,103,189,13999180000,14524430000,10338550000,38862160000,55,45,116,216,-51810000,545350000,-694830000,-201290000,6,8,13,27
16_069,19374840000,3277420000,16333960000,38986220000,49,50,111,210,18577640000,3277450000,17131130000,38986220000,35,47,119,201,-797200000,30000,797170000,0,-14,-3,8,-9
16_070,16977450000,22328170000,17145780000,56451400000,51,45,115,211,17355570000,20340560000,18755270000,56451400000,46,42,95,183,378120000,-1987610000,1609490000,0,-5,-3,-20,-28
16_071,2668330000,24477730000,27625330000,54771390000,47,43,114,204,2680990000,23726370000,28364030000,54771390000,51,37,112,200,12660000,-751360000,738700000,0,4,-6,-2,-4
16_072,16500660000,33123230000,8000490000,57624380000,33,46,103,182,16500030000,31514430000,9609920000,57624380000,51,41,105,197,-630000,-1608800000,1609430000,0,18,-5,2,15
16_073,17173290000,21115110000,8976660000,47265060000,51,45,112,208,17551490000,17429310000,12284260000,47265060000,49,42,100,191,378200000,-3685800000,3307600000,0,-2,-3,-12,-17
16_074,11470120000,25159040000,14336070000,50965230000,48,39,99,186,13676080000,22550730000,14738420000,50965230000,56,46,122,224,2205960000,-2608310000,402350000,0,8,7,23,38
16_075,10868090000,24722040000,6432090000,42022220000,44,35,85,164,11621170000,22565880000,7874330000,42061380000,48,42,102,192,753080000,-2156160000,1442240000,39160000,4,7,17,28
16_076,6895110000,21688680000,22167530000,50751320000,38,43,114,195,7244610000,19895150000,23611560000,50751320000,50,48,129,227,349500000,-1793530000,1444030000,0,12,5,15,32
16_077,14792850000,672430000,38530810000,53996090000,55,47,117,219,15093100000,673430000,38229560000,53996090000,55,44,118,217,300250000,1000000,-301250000,0,0,-3,1,-2
16_078,12816720000,28225220000,7610360000,48652300000,39,33,100,172,12939490000,27874090000,7838720000,48652300000,56,45,115,216,122770000,-351130000,228360000,0,17,12,15,44
16_079,18110020000,27910000000,9780540000,55800560000,46,44,105,195,18174150000,27388190000,10238220000,55800560000,56,39,109,204,64130000,-521810000,457680000,0,10,-5,4,9
16_080,11264770000,23252920000,19064580000,53582270000,43,42,94,179,11576320000,23049290000,18956660000,53582270000,56,42,115,213,311550000,-203630000,-107920000,0,13,0,21,34
16_081,3491550000,5593840000,35633810000,44719200000,36,42,113,191,3444290000,5493000000,35781910000,44719200000,39,44,107,190,-47260000,-100840000,148100000,0,3,2,-6,-1
16_082,23447340000,33859560000,13187160000,70494060000,50,43,106,199,24132740000,32879810000,13481510000,70494060000,51,47,109,207,685400000,-979750000,294350000,0,1,4,3,8
16_083,6116740000,34129130000,18624810000,58870680000,37,49,119,205,6212380000,33818070000,18840230000,58870680000,36,41,105,182,95640000,-311060000,215420000,0,-1,-8,-14,-23
16_084,1522460000,22267710000,21697640000,45487810000,42,42,104,188,1529010000,20763580000,23195220000,45487810000,37,43,106,186,6550000,-1504130000,1497580000,0,-5,1,2,-2
16_085,2829370000,18772050000,23264930000,44866350000,58,51,132,241,3001750000,16128280000,25736320000,44866350000,40,47,103,190,172380000,-2643770000,2471390000,0,-18,-4,-29,-51
16_086,11328240000,22057810000,9236760000,42622810000,38,43,105,186,11281740000,21613460000,9727610000,42622810000,52,45,119,216,-46500000,-444350000,490850000,0,14,2,14,30
16_087,5862320000,19020850000,15232380000,40115550000,47,47,123,217,7291570000,17239340000,15584640000,40115550000,54,45,121,220,1429250000,-1781510000,352260000,0,7,-2,-2,3
16_088,23975560000,15281010000,13601460000,52858030000,48,40,103,191,23450220000,13990370000,15417440000,52858030000,56,44,116,216,-525340000,-1290640000,1815980000,0,8,4,13,25
16_089,5420050000,38439780000,9946910000,53806740000,54,42,110,206,5618500000,38042770000,10145470000,53806740000,33,44,119,196,198450000,-397010000,198560000,0,-21,2,9,-10
16_090,12851800000,7160790000,17471650000,37484240000,47,46,115,208,13045570000,6998190000,17440480000,37484240000,52,40,112,204,193770000,-162600000,-31170000,0,5,-6,-3,-4
16_091,9995680000,10897040000,12200290000,33093010000,30,41,97,168,11285860000,10492030000,11315120000,33093010000,56,48,117,221,1290180000,-405010000,-885170000,0,26,7,20,53
16_092,13951560000,11935830000,16800490000,42687880000,43,41,107,191,15711640000,10835970000,16140270000,42687880000,49,41,106,196,1760080000,-1099860000,-660220000,0,6,0,-1,5
16_093,2401850000,20757480000,25154880000,48314210000,23,40,88,151,2214010000,17439270000,28660930000,48314210000,51,42,110,203,-187840000,-3318210000,3506050000,0,28,2,22,52
16_094,8373790000,30299370000,26367550000,65040710000,38,45,103,186,7034310000,29974940000,28031460000,65040710000,58,52,138,248,-1339480000,-324430000,1663910000,0,20,7,35,62
16_095,16321420000,26370110000,15159770000,57851300000,41,35,103,179,16463740000,26311820000,15075740000,57851300000,44,41,106,191,142320000,-58290000,-84030000,0,3,6,3,12
16_096,2629180000,17832220000,24624960000,45086360000,48,46,118,212,2836310000,17490720000,24759330000,45086360000,39,46,110,195,207130000,-341500000,134370000,0,-9,0,-8,-17
16_097,5031790000,13585590000,38929230000,57546610000,47,40,93,180,5660560000,12961240000,38924810000,57546610000,56,38,112,206,628770000,-624350000,-4420000,0,9,-2,19,26
16_098,17305780000,35292590000,12731120000,65329490000,45,45,107,197,17847290000,32538430000,14964060000,65349780000,43,39,115,197,541510000,-2754160000,2232940000,20290000,-2,-6,8,0
16_099,11971950000,642510000,41336880000,53951340000,42,37,100,179,12100120000,642410000,41208810000,53951340000,49,45,102,196,128170000,-100000,-128070000,0,7,8,2,17
16_100,18422300000,20416870000,7946620000,46785790000,51,47,118,216,18891520000,18865830000,9059510000,46816860000,45,38,100,183,469220000,-1551040000,1112890000,31070000,-6,-9,-18,-33
16_101,10320420000,16439360000,10571990000,37331770000,52,37,97,186,11647100000,15655130000,10029540000,37331770000,44,42,107,193,1326680000,-784230000,-542450000,0,-8,5,10,7
16_102,6172320000,20648640000,15835500000,42656460000,45,37,96,178,6683910000,18388650000,17583910000,42656470000,46,43,98,187,511590000,-2259990000,1748410000,10000,1,6,2,9
16_103,31045730000,119920000,20208210000,51373860000,42,46,105,193,33323030000,102200000,17948590000,51373820000,55,44,99,198,2277300000,-17720000,-2259620000,-40000,13,-2,-6,5
16_104,9914140000,15214080000,29717420000,54845640000,53,47,121,221,11654110000,14382380000,28809150000,54845640000,50,41,101,192,1739970000,-831700000,-908270000,0,-3,-6,-20,-29
16_105,7130600000,1867440000,29916420000,38914460000,42,39,110,191,7132580000,1865720000,29916160000,38914460000,48,38,96,182,1980000,-1720000,-260000,0,6,-1,-14,-9
16_106,12392970000,8246160000,19475510000,40114640000,36,44,97,177,11928490000,8132020000,20054130000,40114640000,52,45,110,207,-464480000,-114140000,578620000,0,16,1,13,30
16_107,14455810000,7856110000,20339850000,42651770000,47,46,110,203,14199140000,6840040000,21612590000,42651770000,47,39,97,183,-256670000,-1016070000,1272740000,0,0,-7,-13,-20
16_108,21957690000,27617400000,20423570000,69998660000,31,40,102,173,22298410000,27870410000,19829840000,69998660000,40,31,105,176,340720000,253010000,-593730000,0,9,-9,3,3
16_109,10809220000,12535130000,18038290000,41382640000,52,40,108,200,10982920000,12567980000,17831740000,41382640000,48,55,114,217,173700000,32850000,-206550000,0,-4,15,6,17
16_110,1331070000,3324640000,29302270000,33957980000,43,44,102,189,1285630000,4822580000,27849770000,33957980000,59,46,127,232,-45440000,1497940000,-1452500000,0,16,2,25,43
16_111,21410720000,17200010000,13757040000,52367770000,36,49,104,189,20299730000,16165660000,16070510000,52535900000,33,49,108,190,-1110990000,-1034350000,2313470000,168130000,-3,0,4,1
16_112,22578470000,9952940000,31587330000,64118740000,40,37,103,180,22661210000,9584630000,31872900000,64118740000,34,44,103,181,82740000,-368310000,285570000,0,-6,7,0,1
64_001,30196190000,58114640000,107043590000,195354420000,59,50,127,236,30163560000,57544970000,107645890000,195354420000,60,55,143,258,-32630000,-569670000,602300000,0,1,5,16,22
64_002,79753870000,24717870000,67042800000,171514540000,60,57,137,254,80996830000,22814490000,67703020000,171514340000,60,62,148,270,1242960000,-1903380000,660220000,-200000,0,5,11,16
64_003,68253530000,125882870000,113428280000,307564680000,51,50,126,227,76968540000,115537360000,115058780000,307564680000,54,46,116,216,8715010000,-10345510000,1630500000,0,3,-4,-10,-11
64_004,12299880000,18916080000,196502260000,227718220000,58,53,125,236,13953150000,16335420000,197429650000,227718220000,43,49,124,216,1653270000,-2580660000,927390000,0,-15,-4,-1,-20
64_005,67906240000,12693670000,135588640000,216188550000,50,59,138,247,66577320000,12682960000,136928270000,216188550000,52,45,121,218,-1328920000,-10710000,1339630000,0,2,-14,-17,-29
64_006,46948630000,92147190000,50240280000,189336100000,54,49,125,228,47163560000,91930370000,50242170000,189336100000,48,44,127,219,214930000,-216820000,1890000,0,-6,-5,2,-9
64_007,52137480000,56208250000,51066030000,159411760000,61,52,140,253,50034300000,53889740000,55448490000,159372530000,54,47,124,225,-2103180000,-2318510000,4382460000,-39230000,-7,-5,-16,-28
64_008,98370820000,21097140000,68236300000,187704260000,28,43,98,169,102071690000,21188030000,64444540000,187704260000,61,48,133,242,3700870000,90890000,-3791760000,0,33,5,35,73
64_009,78271100000,63512890000,47260280000,189044270000,41,51,110,202,77965350000,62211590000,48867330000,189044270000,59,56,124,239,-305750000,-1301300000,1607050000,0,18,5,14,37
64_010,20283920000,39757650000,85694610000,145736180000,51,64,134,249,22204670000,37805940000,85725570000,145736180000,56,49,128,233,1920750000,-1951710000,30960000,0,5,-15,-6,-16
64_011,90187010000,1469210000,162352720000,254008940000,53,53,130,236,95968740000,1424720000,156615460000,254008920000,53,53,119,225,5781730000,-44490000,-5737260000,-20000,0,0,-11,-11
64_012,36627820000,75009890000,29240570000,140878280000,56,56,135,247,37421650000,69208740000,32885290000,139515680000,47,55,142,244,793830000,-5801150000,3644720000,-1362600000,-9,-1,7,-3
64_013,67996610000,193855810000,156457290000,418309710000,51,47,118,216,65980720000,185163160000,167165830000,418309710000,54,61,136,251,-2015890000,-8692650000,10708540000,0,3,14,18,35
64_014,100075440000,11967110000,83196410000,195238960000,56,59,139,254,114210640000,11545900000,69482260000,195238800000,44,53,141,238,14135200000,-421210000,-13714150000,-160000,-12,-6,2,-16
64_015,27685040000,95923370000,89269610000,212878020000,52,51,123,226,28751070000,94805900000,89321050000,212878020000,47,56,128,231,1066030000,-1117470000,51440000,0,-5,5,5,5
64_016,41360310000,88636000000,76196590000,206192900000,61,60,154,275,42638570000,77079600000,86474740000,206192910000,56,49,126,231,1278260000,-11556400000,10278150000,10000,-5,-11,-28,-44
64_017,52855370000,78682980000,38426430000,169964780000,54,48,123,225,54196210000,71731130000,44037440000,169964780000,55,54,114,223,1340840000,-6951850000,5611010000,0,1,6,-9,-2
64_018,59491900000,90720280000,30883150000,181095330000,40,46,133,219,61368850000,83663580000,36119730000,181152160000,60,50,131,241,1876950000,-7056700000,5236580000,56830000,20,4,-2,22
64_019,38781190000,49650620000,35471880000,123903690000,55,54,134,243,39264900000,49084600000,35091750000,123441250000,57,57,129,243,483710000,-566020000,-380130000,-462440000,2,3,-5,0
64_020,70582050000,60042790000,68737290000,199362130000,46,50,122,218,71309690000,52287350000,75765090000,199362130000,63,54,144,261,727640000,-7755440000,7027800000,0,17,4,22,43
64_021,45380860000,68892910000,60903840000,175177610000,46,53,126,225,45132270000,68323450000,61721890000,175177610000,60,48,121,229,-248590000,-569460000,818050000,0,14,-5,-5,4
64_022,108304510000,5830870000,146331130000,260466510000,42,53,121,216,115967580000,5921170000,138577760000,260466510000,50,49,128,227,7663070000,90300000,-7753370000,0,8,-4,7,11
64_023,37582700000,99744130000,68793230000,206120060000,58,48,118,224,37958670000,96868090000,71293300000,206120060000,52,46,116,214,375970000,-2876040000,2500070000,0,-6,-2,-2,-10
64_024,56008950000,91288970000,30762720000,178060640000,35,46,114,195,57571510000,80592210000,39896920000,178060640000,56,49,128,233,1562560000,-10696760000,9134200000,0,21,3,14,38
64_025,10359710000,66614730000,162786950000,239761390000,52,52,120,224,11176450000,59243360000,169341580000,239761390000,56,52,125,233,816740000,-7371370000,6554630000,0,4,0,5,9
64_026,46364220000,57079910000,105796620000,209240750000,55,54,127,236,45530540000,55580010000,108130200000,209240750000,56,46,114,216,-833680000,-1499900000,2333580000,0,1,-8,-13,-20
64_027,72366540000,67682930000,101595690000,241645160000,53,54,128,235,73279230000,66218060000,102147870000,241645160000,59,51,124,234,912690000,-1464870000,552180000,0,6,-3,-4,-1
64_028,62668670000,115944790000,43244680000,221858140000,55,47,126,228,64310780000,113304950000,44242410000,221858140000,44,51,124,219,1642110000,-2639840000,997730000,0,-11,4,-2,-9
256_001,224359170000,86572970000,339396730000,650328870000,67,69,161,297,227629860000,85623790000,337075220000,650328870000,65,55,149,269,3270690000,-949180000,-2321510000,0,-2,-14,-12,-28
256_002,361810540000,43721750000,442202460000,847734750000,59,62,149,270,389106510000,41598560000,417029550000,847734620000,67,68,167,302,27295970000,-2123190000,-25172910000,-130000,8,6,18,32
256_003,313679780000,375699680000,338915730000,1028295190000,65,66,166,297,316509120000,349641450000,362144630000,1028295200000,67,70,157,294,2829340000,-26058230000,23228900000,10000,2,4,-9,-3
256_004,42126650000,189050020000,494359850000,725536520000,64,62,146,272,44804660000,177304230000,503427630000,725536520000,69,63,164,296,2678010000,-11745790000,9067780000,0,5,1,18,24
256_005,153536900000,352526530000,311933750000,817997180000,59,59,146,264,160615010000,332926950000,324455220000,817997180000,50,62,149,261,7078110000,-19599580000,12521470000,0,-9,3,3,-3
256_006,225839980000,359510390000,206081470000,791431840000,53,67,159,279,228918450000,332404750000,228670510000,789993710000,61,58,138,257,3078470000,-27105640000,22589040000,-1438130000,8,-9,-21,-22
256_007,269984690000,438648030000,442250150000,1150882870000,63,59,147,269,274160590000,429170400000,447113540000,1150444530000,60,59,148,267,4175900000,-9477630000,4863390000,-438340000,-3,0,1,-2
1024_001,1547170170000,1789055420000,2665756380000,6001981970000,89,92,236,417,1596762660000,1695128470000,2708204500000,6000095630000,90,93,235,418,49592490000,-93926950000,42448120000,-1886340000,1,1,-1,1
