polygon_id,Forest_t0,Agriculture_t0,Urban_t0,Grassland_t0,Other_t0,Area_Total_t0,forest_sp_t0,agriculture_sp_t0,generalist_sp_t0,Sp_Total_t0,Forest_t1,Agriculture_t1,Urban_t1,Grassland_t1,Other_t1,Area_Total_t1,forest_sp_t1,agriculture_sp_t1,generalist_sp_t1,Sp_Total_t1,delta_Forest,delta_Agriculture,delta_Urban,delta_Grassland,delta_Other,delta_Area_Total,delta_forest_sp,delta_agriculture_sp,delta_generalist_sp,delta_Sp_Total
1_001,147070000,292150000,454400000,20770000,1575750000,2490140000,21,25,67,113,124760000,247110000,482870000,31740000,1603660000,2490140000,23,21,75,119,-22310000,-45040000,28470000,10970000,27910000,0,2,-4,8,6
1_002,172980000,395020000,49980000,810000,1579250000,2198040000,20,24,65,109,145150000,388660000,58290000,3180000,1602760000,2198040000,16,22,61,99,-27830000,-6360000,8310000,2370000,23510000,0,-4,-2,-4,-10
1_003,175890000,1257450000,148490000,14550000,903620000,2500000000,26,28,69,123,181440000,1195730000,162710000,39290000,920830000,2500000000,22,21,67,110,5550000,-61720000,14220000,24740000,17210000,0,-4,-7,-2,-13
1_004,619460000,781250000,9630000,45460000,1044200000,2500000000,23,24,60,107,477670000,685220000,10270000,72720000,1254120000,2500000000,23,27,62,112,-141790000,-96030000,640000,27260000,209920000,0,0,3,2,5
1_005,565210000,517030000,59010000,50480000,1308270000,2500000000,26,27,73,126,346850000,449720000,70750000,50290000,1582390000,2500000000,25,28,73,126,-218360000,-67310000,11740000,-190000,274120000,0,-1,1,0,0
1_006,248050000,1979790000,12970000,16870000,242320000,2500000000,21,29,61,111,167350000,1758200000,10530000,122360000,441560000,2500000000,21,30,72,123,-80700000,-221590000,-2440000,105490000,199240000,0,0,1,11,12
1_007,991010000,445190000,30880000,380000,1032540000,2500000000,20,26,67,113,696300000,498280000,40750000,46400000,1218270000,2500000000,22,18,60,100,-294710000,53090000,9870000,46020000,185730000,0,2,-8,-7,-13
1_008,597140000,1807380000,24770000,3650000,67060000,2500000000,21,29,70,120,200940000,1827710000,27910000,304620000,138820000,2500000000,23,28,74,125,-396200000,20330000,3140000,300970000,71760000,0,2,-1,4,5
1_009,469440000,1897980000,24410000,13200000,94970000,2500000000,23,30,65,118,309660000,1837590000,28830000,141160000,182760000,2500000000,23,32,82,137,-159780000,-60390000,4420000,127960000,87790000,0,0,2,17,19
1_010,597850000,1300620000,132000000,30240000,439290000,2500000000,22,26,68,116,507050000,1229450000,158270000,25780000,579450000,2500000000,25,26,75,126,-90800000,-71170000,26270000,-4460000,140160000,0,3,0,7,10
1_011,719640000,1444340000,76290000,30640000,229090000,2500000000,22,28,72,122,610450000,1457110000,87300000,48260000,296880000,2500000000,24,28,78,130,-109190000,12770000,11010000,17620000,67790000,0,2,0,6,8
1_012,1221380000,659120000,39420000,4530000,575550000,2500000000,24,21,58,103,690250000,557200000,47570000,8320000,1196660000,2500000000,25,16,66,107,-531130000,-101920000,8150000,3790000,621110000,0,1,-5,8,4
1_013,1340190000,1046150000,9510000,1620000,102530000,2500000000,24,26,71,121,1195260000,1019350000,10850000,29500000,245040000,2500000000,25,22,67,114,-144930000,-26800000,1340000,27880000,142510000,0,1,-4,-4,-7
1_014,922150000,855170000,126330000,48740000,547610000,2500000000,21,25,67,113,867320000,811630000,143720000,24960000,652370000,2500000000,18,24,65,107,-54830000,-43540000,17390000,-23780000,104760000,0,-3,-1,-2,-6
1_015,1456990000,358370000,18800000,12750000,653090000,2500000000,25,20,59,104,727390000,344930000,25010000,5970000,1396700000,2500000000,25,13,58,96,-729600000,-13440000,6210000,-6780000,743610000,0,0,-7,-1,-8
1_016,148730000,854620000,22350000,46710000,1427590000,2500000000,25,31,73,129,122960000,800110000,38120000,52260000,1486550000,2500000000,22,28,77,127,-25770000,-54510000,15770000,5550000,58960000,0,-3,-3,4,-2
1_017,845680000,604670000,7430000,169460000,872760000,2500000000,28,26,72,126,428910000,710430000,11440000,174900000,1174320000,2500000000,23,26,58,107,-416770000,105760000,4010000,5440000,301560000,0,-5,0,-14,-19
1_018,414280000,744400000,53980000,48390000,1238950000,2500000000,25,29,76,130,268670000,836450000,80530000,47660000,1266690000,2500000000,26,32,82,140,-145610000,92050000,26550000,-730000,27740000,0,1,3,6,10
1_019,439840000,1858190000,16840000,41220000,143910000,2500000000,22,28,67,117,247410000,1806490000,18310000,165970000,261820000,2500000000,24,27,76,127,-192430000,-51700000,1470000,124750000,117910000,0,2,-1,9,10
1_020,466820000,1356390000,6910000,118840000,551040000,2500000000,28,29,74,131,380690000,1471040000,13210000,100790000,534270000,2500000000,26,25,76,127,-86130000,114650000,6300000,-18050000,-16770000,0,-2,-4,2,-4
1_021,380550000,2010980000,15190000,14730000,78550000,2500000000,18,28,67,113,168510000,1698900000,17780000,476480000,138330000,2500000000,18,26,69,113,-212040000,-312080000,2590000,461750000,59780000,0,0,-2,2,0
1_022,122230000,1766120000,43360000,322040000,246250000,2500000000,31,36,76,143,123410000,1844420000,55760000,274740000,201670000,2500000000,33,31,86,150,1180000,78300000,12400000,-47300000,-44580000,0,2,-5,10,7
1_023,786170000,983310000,22820000,35130000,672570000,2500000000,26,26,68,120,367440000,968540000,27860000,57290000,1078870000,2500000000,25,24,71,120,-418730000,-14770000,5040000,22160000,406300000,0,-1,-2,3,0
1_024,484080000,1091590000,3430000,187140000,733760000,2500000000,33,34,80,147,267670000,1074310000,8220000,328670000,821130000,2500000000,29,28,78,135,-216410000,-17280000,4790000,141530000,87370000,0,-4,-6,-2,-12
1_025,50250000,783370000,69970000,15240000,1581170000,2500000000,23,40,92,155,39860000,768310000,119400000,15700000,1556730000,2500000000,26,41,100,167,-10390000,-15060000,49430000,460000,-24440000,0,3,1,8,12
1_026,15130000,55280000,53640000,15490000,1599790000,1739330000,20,33,75,128,15690000,31970000,80750000,5970000,1604950000,1739330000,20,27,75,122,560000,-23310000,27110000,-9520000,5160000,0,0,-6,0,-6
1_027,688730000,741300000,12970000,62060000,994940000,2500000000,31,25,77,133,572660000,767310000,23970000,88810000,1047250000,2500000000,27,28,76,131,-116070000,26010000,11000000,26750000,52310000,0,-4,3,-1,-2
1_028,505860000,1099070000,5040000,303590000,586440000,2500000000,16,16,54,86,902670000,960240000,17260000,17980000,601850000,2500000000,18,17,56,91,396810000,-138830000,12220000,-285610000,15410000,0,2,1,2,5
1_029,283010000,1637100000,8120000,293570000,278200000,2500000000,24,25,68,117,306960000,1560060000,13940000,284610000,334430000,2500000000,27,26,70,123,23950000,-77040000,5820000,-8960000,56230000,0,3,1,2,6
1_030,64010000,904160000,21160000,1030490000,480180000,2500000000,26,33,78,137,83550000,927110000,34210000,969640000,485490000,2500000000,28,31,80,139,19540000,22950000,13050000,-60850000,5310000,0,2,-2,2,2
1_031,133870000,1985160000,18900000,139840000,222230000,2500000000,25,36,77,138,106360000,1936770000,33960000,207110000,215800000,2500000000,30,31,92,153,-27510000,-48390000,15060000,67270000,-6430000,0,5,-5,15,15
1_032,96380000,1353660000,11820000,269900000,768240000,2500000000,27,34,79,140,105550000,1452780000,24520000,464250000,452900000,2500000000,32,31,90,153,9170000,99120000,12700000,194350000,-315340000,0,5,-3,11,13
1_033,219170000,163890000,4230000,75200000,1807420000,2269910000,11,16,46,73,221930000,150110000,7170000,6100000,1884600000,2269910000,15,12,47,74,2760000,-13780000,2940000,-69100000,77180000,0,4,-4,1,1
1_034,462900000,289980000,242170000,16530000,1373140000,2384720000,16,19,59,94,378310000,291380000,266270000,9250000,1439510000,2384720000,19,24,65,108,-84590000,1400000,24100000,-7280000,66370000,0,3,5,6,14
1_035,594330000,1031150000,140410000,67260000,666850000,2500000000,21,16,50,87,393800000,1022140000,190390000,11680000,881990000,2500000000,26,17,59,102,-200530000,-9010000,49980000,-55580000,215140000,0,5,1,9,15
1_036,1017820000,635340000,36020000,50430000,760390000,2500000000,24,18,54,96,717870000,615100000,41010000,10140000,1115880000,2500000000,23,14,57,94,-299950000,-20240000,4990000,-40290000,355490000,0,-1,-4,3,-2
1_037,748630000,529020000,125440000,161250000,935660000,2500000000,21,20,68,109,790910000,449450000,187420000,14520000,1057700000,2500000000,25,21,70,116,42280000,-79570000,61980000,-146730000,122040000,0,4,1,2,7
1_038,616790000,665380000,102820000,64000000,1051010000,2500000000,24,21,65,110,395660000,676390000,137760000,9750000,1280440000,2500000000,17,17,65,99,-221130000,11010000,34940000,-54250000,229430000,0,-7,-4,0,-11
1_039,602590000,694890000,23310000,546930000,632280000,2500000000,23,26,68,117,939720000,490910000,44930000,28870000,995570000,2500000000,27,20,72,119,337130000,-203980000,21620000,-518060000,363290000,0,4,-6,4,2
1_040,445530000,474580000,14300000,334390000,1231200000,2500000000,26,25,78,129,368620000,461670000,23690000,84030000,1561990000,2500000000,26,17,69,112,-76910000,-12910000,9390000,-250360000,330790000,0,0,-8,-9,-17
1_041,771040000,1126010000,17880000,78380000,506690000,2500000000,17,24,61,102,880200000,904580000,32810000,15950000,666460000,2500000000,21,21,62,104,109160000,-221430000,14930000,-62430000,159770000,0,4,-3,1,2
1_042,993420000,751790000,49430000,123650000,581710000,2500000000,21,23,63,107,1020590000,641400000,104260000,20620000,713130000,2500000000,21,25,72,118,27170000,-110390000,54830000,-103030000,131420000,0,0,2,9,11
1_043,632550000,1133560000,15680000,142520000,575690000,2500000000,18,18,56,92,959760000,1026110000,34220000,25420000,454490000,2500000000,19,18,60,97,327210000,-107450000,18540000,-117100000,-121200000,0,1,0,4,5
1_044,481470000,784390000,32950000,146930000,1054260000,2500000000,25,21,61,107,330930000,781840000,37160000,28190000,1321880000,2500000000,26,19,74,119,-150540000,-2550000,4210000,-118740000,267620000,0,1,-2,13,12
1_045,510000000,769190000,18960000,300740000,901110000,2500000000,36,31,78,145,426730000,772570000,23930000,208170000,1068600000,2500000000,29,23,70,122,-83270000,3380000,4970000,-92570000,167490000,0,-7,-8,-8,-23
1_046,367300000,1209360000,15220000,114990000,793130000,2500000000,24,22,56,102,231880000,1226180000,21870000,34830000,985240000,2500000000,29,19,71,119,-135420000,16820000,6650000,-80160000,192110000,0,5,-3,15,17
1_047,401060000,986000000,20730000,110000000,982210000,2500000000,23,25,59,107,300270000,1008810000,24740000,16590000,1149590000,2500000000,25,19,64,108,-100790000,22810000,4010000,-93410000,167380000,0,2,-6,5,1
1_048,240340000,1373610000,10080000,193720000,682250000,2500000000,31,31,69,131,136740000,1328340000,16320000,81200000,937400000,2500000000,33,24,75,132,-103600000,-45270000,6240000,-112520000,255150000,0,2,-7,6,1
1_049,117380000,1164760000,8360000,219730000,989770000,2500000000,33,32,83,148,97310000,1087810000,11430000,191340000,1112110000,2500000000,33,25,76,134,-20070000,-76950000,3070000,-28390000,122340000,0,0,-7,-7,-14
1_050,398500000,721480000,5170000,518640000,856210000,2500000000,25,29,72,126,658310000,631120000,18430000,38520000,1153620000,2500000000,31,26,80,137,259810000,-90360000,13260000,-480120000,297410000,0,6,-3,8,11
1_051,363420000,1231180000,19020000,141690000,744690000,2500000000,31,28,75,134,289820000,1128300000,32400000,58280000,991200000,2500000000,27,22,75,124,-73600000,-102880000,13380000,-83410000,246510000,0,-4,-6,0,-10
1_052,286230000,1301070000,12350000,122270000,778080000,2500000000,30,27,77,134,278760000,1309910000,14390000,53810000,843130000,2500000000,31,19,77,127,-7470000,8840000,2040000,-68460000,65050000,0,1,-8,0,-7
1_053,443140000,1173540000,7760000,81640000,793920000,2500000000,21,20,66,107,936380000,973730000,14660000,6470000,568760000,2500000000,19,18,61,98,493240000,-199810000,6900000,-75170000,-225160000,0,-2,-2,-5,-9
1_054,932070000,543190000,27280000,174790000,822670000,2500000000,30,23,73,126,932320000,351770000,40870000,172930000,1002110000,2500000000,30,21,71,122,250000,-191420000,13590000,-1860000,179440000,0,0,-2,-2,-4
1_055,858840000,549600000,10720000,330700000,750140000,2500000000,17,21,54,92,962640000,422910000,17520000,50010000,1046920000,2500000000,18,19,49,86,103800000,-126690000,6800000,-280690000,296780000,0,1,-2,-5,-6
1_056,606810000,682430000,2430000,213720000,994610000,2500000000,36,30,80,146,593010000,669810000,8110000,273350000,955720000,2500000000,35,30,87,152,-13800000,-12620000,5680000,59630000,-38890000,0,-1,0,7,6
1_057,303540000,1296320000,4920000,258270000,636950000,2500000000,32,29,72,133,86650000,1243240000,9950000,464260000,695900000,2500000000,32,30,84,146,-216890000,-53080000,5030000,205990000,58950000,0,0,1,12,13
1_058,220280000,1427780000,5510000,536900000,309530000,2500000000,35,37,86,158,138430000,1375380000,11360000,691490000,283340000,2500000000,30,31,71,132,-81850000,-52400000,5850000,154590000,-26190000,0,-5,-6,-15,-26
1_059,666910000,1084110000,1400000,84710000,662870000,2500000000,31,28,72,131,324290000,883140000,7590000,252620000,1032360000,2500000000,33,28,80,141,-342620000,-200970000,6190000,167910000,369490000,0,2,0,8,10
1_060,582370000,136120000,3930000,562130000,1215450000,2500000000,29,18,59,106,663010000,186100000,4540000,337870000,1308480000,2500000000,33,21,72,126,80640000,49980000,610000,-224260000,93030000,0,4,3,13,20
1_061,1120680000,441330000,16380000,241070000,680540000,2500000000,27,27,67,121,887670000,241270000,21550000,295890000,1053620000,2500000000,34,22,72,128,-233010000,-200060000,5170000,54820000,373080000,0,7,-5,5,7
1_062,5310000,35110000,2610000,69960000,1727050000,1840040000,13,30,64,107,9570000,28480000,3000000,78790000,1720200000,1840040000,7,24,51,82,4260000,-6630000,390000,8830000,-6850000,0,-6,-6,-13,-25
1_063,58030000,57560000,3030000,235730000,1982800000,2337150000,15,26,63,104,88650000,24020000,2800000,257130000,1964550000,2337150000,9,19,47,75,30620000,-33540000,-230000,21400000,-18250000,0,-6,-7,-16,-29
1_064,37110000,112050000,7280000,518800000,1824760000,2500000000,19,27,69,115,40170000,64350000,8810000,545610000,1841060000,2500000000,15,17,54,86,3060000,-47700000,1530000,26810000,16300000,0,-4,-10,-15,-29
1_065,27670000,84540000,2040000,194440000,2191310000,2500000000,10,21,54,85,32590000,143050000,3040000,109030000,2212290000,2500000000,17,21,52,90,4920000,58510000,1000000,-85410000,20980000,0,7,0,-2,5
1_066,119890000,190870000,8900000,946780000,1233560000,2500000000,10,19,47,76,168700000,319410000,11830000,836180000,1163880000,2500000000,16,22,52,90,48810000,128540000,2930000,-110600000,-69680000,0,6,3,5,14
1_067,32620000,163980000,13840000,594360000,1695200000,2500000000,18,25,63,106,85680000,250090000,16430000,477660000,1670140000,2500000000,11,21,52,84,53060000,86110000,2590000,-116700000,-25060000,0,-7,-4,-11,-22
1_068,23120000,113910000,1970000,68970000,2285240000,2493210000,13,26,58,97,27190000,115700000,2390000,23680000,2324250000,2493210000,15,22,60,97,4070000,1790000,420000,-45290000,39010000,0,2,-4,2,0
1_069,112360000,353130000,9530000,548640000,1476340000,2500000000,17,28,57,102,125210000,176200000,11700000,698600000,1488290000,2500000000,17,27,54,98,12850000,-176930000,2170000,149960000,11950000,0,0,-1,-3,-4
1_070,36010000,117270000,4400000,164190000,2113940000,2435810000,17,29,70,116,59540000,148750000,7580000,97180000,2122760000,2435810000,13,22,50,85,23530000,31480000,3180000,-67010000,8820000,0,-4,-7,-20,-31
1_071,70190000,171530000,16580000,497740000,1743960000,2500000000,16,27,61,104,83130000,213150000,20830000,458070000,1724820000,2500000000,15,23,58,96,12940000,41620000,4250000,-39670000,-19140000,0,-1,-4,-3,-8
1_072,173250000,328050000,26870000,847960000,1123870000,2500000000,19,30,53,102,249280000,174700000,42650000,946390000,1086980000,2500000000,16,20,51,87,76030000,-153350000,15780000,98430000,-36890000,0,-3,-10,-2,-15
1_073,184890000,326790000,16720000,1151030000,820570000,2500000000,20,31,56,107,186730000,371930000,30640000,1065320000,845380000,2500000000,17,29,50,96,1840000,45140000,13920000,-85710000,24810000,0,-3,-2,-6,-11
1_074,10730000,71200000,8280000,96140000,2151720000,2338070000,20,30,68,118,11450000,79630000,11290000,77760000,2157940000,2338070000,14,29,63,106,720000,8430000,3010000,-18380000,6220000,0,-6,-1,-5,-12
1_075,185500000,543890000,23630000,1571560000,175420000,2500000000,16,22,59,97,185020000,222810000,29250000,1902980000,159940000,2500000000,16,13,47,76,-480000,-321080000,5620000,331420000,-15480000,0,0,-9,-12,-21
1_076,35240000,442590000,82760000,862160000,1077250000,2500000000,13,18,50,81,33070000,204340000,93150000,1099260000,1070180000,2500000000,12,16,54,82,-2170000,-238250000,10390000,237100000,-7070000,0,-1,-2,4,1
1_077,86140000,386000000,17830000,713850000,1275780000,2479600000,15,22,58,95,96250000,261300000,24860000,832230000,1264960000,2479600000,15,18,58,91,10110000,-124700000,7030000,118380000,-10820000,0,0,-4,0,-4
1_078,39890000,143120000,70100000,1981400000,265490000,2500000000,16,20,54,90,111540000,91740000,74050000,2004100000,218570000,2500000000,14,17,54,85,71650000,-51380000,3950000,22700000,-46920000,0,-2,-3,0,-5
1_079,134840000,317640000,20500000,1632530000,394490000,2500000000,15,20,51,86,194690000,186900000,20960000,1751400000,346050000,2500000000,16,21,50,87,59850000,-130740000,460000,118870000,-48440000,0,1,1,-1,1
1_080,121150000,308250000,18760000,1766180000,285660000,2500000000,16,21,53,90,225980000,165120000,22430000,1852520000,233950000,2500000000,12,16,51,79,104830000,-143130000,3670000,86340000,-51710000,0,-4,-5,-2,-11
1_081,28230000,101980000,30650000,1788660000,550480000,2500000000,16,27,57,100,66160000,70720000,33350000,1826770000,503000000,2500000000,16,25,50,91,37930000,-31260000,2700000,38110000,-47480000,0,0,-2,-7,-9
1_082,106350000,117800000,21480000,2062810000,191560000,2500000000,17,21,50,88,93020000,103460000,38200000,2055300000,210020000,2500000000,18,15,45,78,-13330000,-14340000,16720000,-7510000,18460000,0,1,-6,-5,-10
1_083,33710000,159810000,90490000,2009740000,206250000,2500000000,19,24,61,104,39980000,175990000,129700000,1931310000,223020000,2500000000,13,23,55,91,6270000,16180000,39210000,-78430000,16770000,0,-6,-1,-6,-13
1_084,41040000,161160000,59130000,453950000,1734450000,2449730000,19,28,65,112,66270000,129390000,70730000,481710000,1701630000,2449730000,16,27,61,104,25230000,-31770000,11600000,27760000,-32820000,0,-3,-1,-4,-8
1_085,64280000,106160000,24680000,628460000,1676420000,2500000000,18,29,63,110,57760000,83090000,35880000,618560000,1704710000,2500000000,12,23,54,89,-6520000,-23070000,11200000,-9900000,28290000,0,-6,-6,-9,-21
1_086,365890000,1479860000,10260000,96060000,547930000,2500000000,25,34,82,141,427510000,1482570000,22830000,64480000,502610000,2500000000,31,32,90,153,61620000,2710000,12570000,-31580000,-45320000,0,6,-2,8,12
1_087,239430000,421440000,58090000,957900000,823140000,2500000000,18,28,66,112,331760000,278140000,73720000,1108090000,708290000,2500000000,20,23,66,109,92330000,-143300000,15630000,150190000,-114850000,0,2,-5,0,-3
1_088,70130000,664930000,31140000,893000000,840800000,2500000000,15,25,64,104,94130000,438020000,47510000,1095650000,824690000,2500000000,17,17,53,87,24000000,-226910000,16370000,202650000,-16110000,0,2,-8,-11,-17
1_089,53260000,288930000,36700000,1678860000,442250000,2500000000,16,25,55,96,117750000,243400000,40320000,1722590000,375940000,2500000000,16,19,50,85,64490000,-45530000,3620000,43730000,-66310000,0,0,-6,-5,-11
1_090,25630000,615480000,380160000,943780000,534950000,2500000000,18,24,67,109,32940000,533740000,444530000,943570000,545220000,2500000000,16,20,64,100,7310000,-81740000,64370000,-210000,10270000,0,-2,-4,-3,-9
1_091,131530000,2240000,540000,246510000,2119180000,2500000000,22,27,65,114,147650000,0,2210000,279380000,2070760000,2500000000,19,25,58,102,16120000,-2240000,1670000,32870000,-48420000,0,-3,-2,-7,-12
1_092,279420000,1510530000,24200000,316700000,369150000,2500000000,32,32,90,154,577890000,1255140000,34650000,355410000,276910000,2500000000,31,35,89,155,298470000,-255390000,10450000,38710000,-92240000,0,-1,3,-1,1
1_093,177720000,1765650000,6100000,275440000,275090000,2500000000,22,30,63,115,159010000,1779690000,9710000,283000000,268590000,2500000000,20,31,68,119,-18710000,14040000,3610000,7560000,-6500000,0,-2,1,5,4
1_094,350550000,1022860000,5640000,481000000,639950000,2500000000,29,30,76,135,308990000,990360000,13390000,500240000,687020000,2500000000,33,33,89,155,-41560000,-32500000,7750000,19240000,47070000,0,4,3,13,20
1_095,48390000,1637350000,19100000,575030000,220130000,2500000000,28,34,82,144,49430000,1677780000,40800000,525660000,206330000,2500000000,28,33,89,150,1040000,40430000,21700000,-49370000,-13800000,0,0,-1,7,6
1_096,314940000,1306160000,11060000,181790000,686050000,2500000000,33,33,86,152,347420000,1258790000,26480000,263550000,603760000,2500000000,35,37,105,177,32480000,-47370000,15420000,81760000,-82290000,0,2,4,19,25
1_097,305690000,1269610000,10680000,44370000,869650000,2500000000,27,29,71,127,386470000,1199360000,29100000,83130000,801940000,2500000000,29,31,81,141,80780000,-70250000,18420000,38760000,-67710000,0,2,2,10,14
1_098,104330000,64350000,75100000,6800000,1823710000,2074290000,24,18,57,99,132320000,42870000,117060000,39200000,1742840000,2074290000,24,21,61,106,27990000,-21480000,41960000,32400000,-80870000,0,0,3,4,7
1_099,114180000,1325100000,101850000,71710000,887160000,2500000000,29,31,80,140,117970000,1122780000,149450000,65290000,1044510000,2500000000,32,37,89,158,3790000,-202320000,47600000,-6420000,157350000,0,3,6,9,18
1_100,20010000,2390150000,19860000,20380000,49600000,2500000000,25,30,69,124,14980000,2381280000,28180000,38270000,37290000,2500000000,17,27,63,107,-5030000,-8870000,8320000,17890000,-12310000,0,-8,-3,-6,-17
1_101,98340000,1959360000,22360000,141770000,278170000,2500000000,25,32,77,134,79960000,1949090000,45000000,85190000,340760000,2500000000,31,31,82,144,-18380000,-10270000,22640000,-56580000,62590000,0,6,-1,5,10
1_102,484810000,1199410000,11930000,25590000,778260000,2500000000,25,24,55,104,597340000,1217810000,20650000,54580000,609620000,2500000000,27,24,62,113,112530000,18400000,8720000,28990000,-168640000,0,2,0,7,9
1_103,461670000,762440000,2350000,248340000,1025200000,2500000000,29,25,69,123,495730000,836660000,7380000,314860000,845370000,2500000000,30,31,77,138,34060000,74220000,5030000,66520000,-179830000,0,1,6,8,15
1_104,316930000,922020000,6240000,479020000,775790000,2500000000,27,34,75,136,391010000,1080370000,10690000,416740000,601190000,2500000000,26,30,68,124,74080000,158350000,4450000,-62280000,-174600000,0,-1,-4,-7,-12
1_105,182410000,1916400000,42340000,82270000,276580000,2500000000,27,29,81,137,270240000,1802550000,59350000,180440000,187420000,2500000000,31,35,88,154,87830000,-113850000,17010000,98170000,-89160000,0,4,6,7,17
1_106,225940000,778480000,24650000,14640000,1456290000,2500000000,31,30,70,131,218760000,663520000,44120000,43240000,1530360000,2500000000,31,32,80,143,-7180000,-114960000,19470000,28600000,74070000,0,0,2,10,12
1_107,136790000,750710000,8090000,3450000,1600960000,2500000000,27,27,71,125,162640000,583640000,19030000,100140000,1634550000,2500000000,28,28,82,138,25850000,-167070000,10940000,96690000,33590000,0,1,1,11,13
1_108,243730000,1931720000,24280000,32910000,267360000,2500000000,22,22,61,105,206750000,1913800000,44800000,100800000,233850000,2500000000,27,24,62,113,-36980000,-17920000,20520000,67890000,-33510000,0,5,2,1,8
1_109,177050000,1994850000,80140000,31270000,216690000,2500000000,28,29,67,124,144930000,1989240000,126550000,64400000,174880000,2500000000,30,31,77,138,-32120000,-5610000,46410000,33130000,-41810000,0,2,2,10,14
1_110,244300000,1492620000,6280000,13100000,743700000,2500000000,31,26,71,128,204330000,1515170000,10260000,303550000,466690000,2500000000,29,29,71,129,-39970000,22550000,3980000,290450000,-277010000,0,-2,3,0,1
1_111,486270000,918480000,7740000,4290000,1083220000,2500000000,26,29,67,122,446810000,900080000,24050000,249420000,879640000,2500000000,28,28,67,123,-39460000,-18400000,16310000,245130000,-203580000,0,2,-1,0,1
1_112,115310000,1762410000,11470000,75820000,534990000,2500000000,24,34,66,124,246000000,1700290000,19960000,147990000,385760000,2500000000,26,29,63,118,130690000,-62120000,8490000,72170000,-149230000,0,2,-5,-3,-6
1_113,16930000,2052630000,34230000,17090000,379120000,2500000000,23,32,68,123,74790000,1985290000,56490000,93270000,290160000,2500000000,26,33,86,145,57860000,-67340000,22260000,76180000,-88960000,0,3,1,18,22
1_114,58830000,457090000,35410000,0,1948670000,2500000000,27,31,78,136,95100000,428510000,59720000,139280000,1777390000,2500000000,25,27,83,135,36270000,-28580000,24310000,139280000,-171280000,0,-2,-4,5,-1
1_115,498960000,1372050000,6470000,3080000,619440000,2500000000,31,26,67,124,479700000,1153680000,13330000,347260000,506030000,2500000000,29,27,66,122,-19260000,-218370000,6860000,344180000,-113410000,0,-2,1,-1,-2
1_116,580420000,709350000,3910000,2640000,1203680000,2500000000,23,26,57,106,643000000,684390000,5900000,225160000,941550000,2500000000,27,24,59,110,62580000,-24960000,1990000,222520000,-262130000,0,4,-2,2,4
1_117,333500000,1458870000,3310000,12960000,691360000,2500000000,22,25,56,103,366020000,1394490000,5110000,253870000,480510000,2500000000,25,22,52,99,32520000,-64380000,1800000,240910000,-210850000,0,3,-3,-4,-4
1_118,310490000,1387510000,5520000,119670000,676810000,2500000000,18,33,65,116,587690000,1228040000,10820000,315010000,358440000,2500000000,27,32,67,126,277200000,-159470000,5300000,195340000,-318370000,0,9,-1,2,10
1_119,729220000,196780000,23150000,484020000,1066830000,2500000000,32,22,66,120,798820000,199300000,33920000,320520000,1147440000,2500000000,28,22,69,119,69600000,2520000,10770000,-163500000,80610000,0,-4,0,3,-1
1_120,73210000,1241440000,98990000,3340000,1083020000,2500000000,25,30,76,131,125380000,1131410000,156770000,189490000,896950000,2500000000,24,31,87,142,52170000,-110030000,57780000,186150000,-186070000,0,-1,1,11,11
1_121,307800000,1374150000,23120000,0,794930000,2500000000,22,23,61,106,424860000,1273470000,33810000,507930000,259930000,2500000000,28,27,68,123,117060000,-100680000,10690000,507930000,-535000000,0,6,4,7,17
1_122,135390000,1658220000,155370000,41480000,509540000,2500000000,28,33,89,150,169180000,1389290000,219390000,516570000,205570000,2500000000,24,36,95,155,33790000,-268930000,64020000,475090000,-303970000,0,-4,3,6,5
1_123,527380000,1449160000,5210000,12700000,505550000,2500000000,29,23,61,113,732110000,1314550000,11180000,134040000,308120000,2500000000,27,23,59,109,204730000,-134610000,5970000,121340000,-197430000,0,-2,0,-2,-4
1_124,538780000,1018480000,19950000,0,922790000,2500000000,28,24,67,119,475490000,881890000,32260000,269110000,841250000,2500000000,29,24,69,122,-63290000,-136590000,12310000,269110000,-81540000,0,1,0,2,3
1_125,465950000,762500000,8840000,6790000,1255920000,2500000000,28,23,61,112,637290000,661610000,16600000,320530000,863970000,2500000000,29,32,68,129,171340000,-100890000,7760000,313740000,-391950000,0,1,9,7,17
1_126,772010000,471320000,2940000,98510000,1155220000,2500000000,26,22,62,110,1009100000,289830000,3670000,618530000,578870000,2500000000,33,24,70,127,237090000,-181490000,730000,520020000,-576350000,0,7,2,8,17
1_127,739550000,581680000,1110000,30220000,1147440000,2500000000,32,25,72,129,1031050000,465970000,4690000,273160000,725130000,2500000000,31,23,74,128,291500000,-115710000,3580000,242940000,-422310000,0,-1,-2,2,-1
1_128,209990000,901850000,115750000,33840000,1238570000,2500000000,29,25,66,120,404490000,583170000,170520000,503700000,838120000,2500000000,29,26,82,137,194500000,-318680000,54770000,469860000,-400450000,0,0,1,16,17
1_129,56430000,987090000,240870000,700000,1214910000,2500000000,28,32,87,147,64350000,830940000,324200000,114450000,1166060000,2500000000,27,33,98,158,7920000,-156150000,83330000,113750000,-48850000,0,-1,1,11,11
1_130,46080000,1244970000,83640000,1150000,1124160000,2500000000,30,29,77,136,80850000,1113790000,143980000,181250000,980130000,2500000000,29,29,83,141,34770000,-131180000,60340000,180100000,-144030000,0,-1,0,6,5
1_131,457390000,956260000,64640000,650000,1021060000,2500000000,35,30,81,146,536490000,688490000,104810000,309140000,861070000,2500000000,30,28,85,143,79100000,-267770000,40170000,308490000,-159990000,0,-5,-2,4,-3
1_132,378300000,508300000,4670000,656220000,952510000,2500000000,36,27,86,149,463330000,428390000,18300000,717750000,872230000,2500000000,35,29,84,148,85030000,-79910000,13630000,61530000,-80280000,0,-1,2,-2,-1
1_133,201010000,1774140000,45880000,411030000,67940000,2500000000,36,40,81,157,103080000,1743410000,74820000,485700000,92990000,2500000000,29,34,81,144,-97930000,-30730000,28940000,74670000,25050000,0,-7,-6,0,-13
1_134,626350000,1255410000,39620000,132860000,445760000,2500000000,31,37,81,149,579300000,880160000,94440000,378750000,567350000,2500000000,33,34,84,151,-47050000,-375250000,54820000,245890000,121590000,0,2,-3,3,2
1_135,363600000,386730000,2460000,536460000,1210750000,2500000000,37,32,79,148,449190000,340460000,15920000,318750000,1375680000,2500000000,36,30,82,148,85590000,-46270000,13460000,-217710000,164930000,0,-1,-2,3,0
1_136,568290000,406610000,42240000,564000000,918860000,2500000000,37,31,81,149,915490000,273480000,61770000,531530000,717730000,2500000000,34,27,81,142,347200000,-133130000,19530000,-32470000,-201130000,0,-3,-4,0,-7
1_137,143580000,2241420000,12120000,60380000,42500000,2500000000,27,31,77,135,159370000,2185960000,28820000,61870000,63980000,2500000000,31,34,73,138,15790000,-55460000,16700000,1490000,21480000,0,4,3,-4,3
1_138,147220000,1940430000,6010000,142490000,263850000,2500000000,31,32,76,139,142120000,1847340000,25440000,247590000,237510000,2500000000,31,34,78,143,-5100000,-93090000,19430000,105100000,-26340000,0,0,2,2,4
1_139,770250000,1411350000,14550000,56760000,247090000,2500000000,30,28,64,122,977820000,1298490000,47690000,69670000,106330000,2500000000,32,34,74,140,207570000,-112860000,33140000,12910000,-140760000,0,2,6,10,18
1_140,383340000,1412210000,29560000,371230000,303660000,2500000000,34,33,79,146,434690000,1393530000,62050000,415730000,194000000,2500000000,33,34,85,152,51350000,-18680000,32490000,44500000,-109660000,0,-1,1,6,6
1_141,46580000,2372500000,6310000,50410000,24200000,2500000000,22,31,70,123,55150000,2375850000,17830000,26020000,25150000,2500000000,23,33,73,129,8570000,3350000,11520000,-24390000,950000,0,1,2,3,6
1_142,103080000,2300680000,14140000,25000000,57100000,2500000000,26,31,75,132,133050000,2230510000,41790000,30940000,63710000,2500000000,29,32,70,131,29970000,-70170000,27650000,5940000,6610000,0,3,1,-5,-1
1_143,119490000,2226540000,18080000,18330000,117560000,2500000000,29,33,78,140,143210000,2192690000,41730000,30480000,91890000,2500000000,26,35,75,136,23720000,-33850000,23650000,12150000,-25670000,0,-3,2,-3,-4
1_144,256750000,1871490000,59540000,50550000,261670000,2500000000,29,29,79,137,383530000,1736940000,112600000,89790000,177140000,2500000000,30,32,75,137,126780000,-134550000,53060000,39240000,-84530000,0,1,3,-4,0
1_145,1131830000,125560000,1570000,223300000,1017740000,2500000000,35,23,71,129,839510000,96120000,4320000,200740000,1359310000,2500000000,39,23,76,138,-292320000,-29440000,2750000,-22560000,341570000,0,4,0,5,9
1_146,849210000,1068750000,5420000,143310000,433310000,2500000000,34,31,80,145,956870000,975960000,14180000,205340000,347650000,2500000000,32,32,82,146,107660000,-92790000,8760000,62030000,-85660000,0,-2,1,2,1
1_147,982080000,73350000,3720000,323650000,1117200000,2500000000,36,24,75,135,820760000,115610000,3220000,437800000,1122610000,2500000000,36,23,75,134,-161320000,42260000,-500000,114150000,5410000,0,0,-1,0,-1
1_148,585080000,1475130000,6070000,122600000,311120000,2500000000,40,28,81,149,696900000,1343060000,14700000,206460000,238880000,2500000000,37,31,82,150,111820000,-132070000,8630000,83860000,-72240000,0,-3,3,1,1
1_149,294280000,141930000,7420000,222250000,1573920000,2239800000,19,18,63,100,280640000,283700000,16870000,67010000,1591580000,2239800000,26,22,64,112,-13640000,141770000,9450000,-155240000,17660000,0,7,4,1,12
1_150,55750000,47410000,5760000,91550000,1479660000,1680130000,25,25,61,111,58320000,47850000,13300000,70660000,1490000000,1680130000,25,23,66,114,2570000,440000,7540000,-20890000,10340000,0,0,-2,5,3
1_151,206050000,970110000,535360000,382790000,405690000,2500000000,34,31,85,150,437510000,776500000,655860000,324240000,305890000,2500000000,35,32,95,162,231460000,-193610000,120500000,-58550000,-99800000,0,1,1,10,12
1_152,410630000,1336870000,4780000,244120000,503600000,2500000000,30,26,72,128,622660000,1291730000,14930000,356120000,214560000,2500000000,33,32,80,145,212030000,-45140000,10150000,112000000,-289040000,0,3,6,8,17
1_153,507360000,279410000,83600000,801490000,828140000,2500000000,37,32,84,153,868580000,287810000,110100000,710050000,523460000,2500000000,37,32,90,159,361220000,8400000,26500000,-91440000,-304680000,0,0,0,6,6
1_154,572850000,865400000,5750000,214080000,841920000,2500000000,32,28,71,131,703900000,725510000,7590000,464510000,598490000,2500000000,35,30,78,143,131050000,-139890000,1840000,250430000,-243430000,0,3,2,7,12
1_155,345510000,1177800000,29480000,110930000,836280000,2500000000,35,31,79,145,501120000,1002970000,48320000,318990000,628600000,2500000000,35,33,87,155,155610000,-174830000,18840000,208060000,-207680000,0,0,2,8,10
1_156,126200000,2127250000,29480000,10780000,206290000,2500000000,30,31,75,136,150420000,2086200000,55060000,122130000,86190000,2500000000,32,29,77,138,24220000,-41050000,25580000,111350000,-120100000,0,2,-2,2,2
1_157,215360000,2062410000,9710000,28430000,184090000,2500000000,31,32,71,134,303870000,1960750000,26090000,38830000,170460000,2500000000,31,30,78,139,88510000,-101660000,16380000,10400000,-13630000,0,0,-2,7,5
1_158,1226790000,681080000,7620000,129950000,454560000,2500000000,35,29,82,146,1168880000,554840000,11140000,196370000,568770000,2500000000,40,30,84,154,-57910000,-126240000,3520000,66420000,114210000,0,5,1,2,8
1_159,824830000,1161830000,1660000,101000000,410680000,2500000000,35,28,85,148,1049210000,999090000,11860000,101510000,338330000,2500000000,33,27,75,135,224380000,-162740000,10200000,510000,-72350000,0,-2,-1,-10,-13
1_160,713600000,232730000,25710000,510050000,1017910000,2500000000,25,27,80,132,709120000,229390000,36320000,639190000,885980000,2500000000,38,32,80,150,-4480000,-3340000,10610000,129140000,-131930000,0,13,5,0,18
1_161,484210000,1076310000,2770000,180650000,756060000,2500000000,28,29,84,141,593520000,1011830000,6450000,405280000,482920000,2500000000,35,30,80,145,109310000,-64480000,3680000,224630000,-273140000,0,7,1,-4,4
1_162,925920000,477670000,19720000,432560000,644130000,2500000000,30,25,77,132,1027430000,489380000,44520000,431330000,507340000,2500000000,37,27,83,147,101510000,11710000,24800000,-1230000,-136790000,0,7,2,6,15
1_163,527230000,1293730000,3050000,28310000,647680000,2500000000,33,32,83,148,686820000,1247940000,7900000,109560000,447780000,2500000000,35,30,81,146,159590000,-45790000,4850000,81250000,-199900000,0,2,-2,-2,-2
1_164,12350000,94040000,30170000,4490000,1856950000,1998000000,16,28,69,113,15250000,89270000,34640000,4660000,1854180000,1998000000,16,23,66,105,2900000,-4770000,4470000,170000,-2770000,0,0,-5,-3,-8
1_165,150350000,519740000,133190000,54420000,1637230000,2494930000,27,29,81,137,174950000,495480000,153630000,63890000,1606980000,2494930000,27,30,77,134,24600000,-24260000,20440000,9470000,-30250000,0,0,1,-4,-3
1_166,404410000,1610740000,12300000,34180000,438370000,2500000000,31,28,70,129,536750000,1318270000,16620000,201940000,426420000,2500000000,32,29,85,146,132340000,-292470000,4320000,167760000,-11950000,0,1,1,15,17
1_167,1179840000,563530000,540000,65900000,690190000,2500000000,32,26,72,130,1394690000,463320000,3330000,364200000,274460000,2500000000,30,23,73,126,214850000,-100210000,2790000,298300000,-415730000,0,-2,-3,1,-4
1_168,405160000,1218250000,1940000,281740000,592910000,2500000000,27,30,66,123,527850000,1092820000,4710000,486960000,387660000,2500000000,31,31,73,135,122690000,-125430000,2770000,205220000,-205250000,0,4,1,7,12
1_169,690450000,1197540000,7400000,166730000,437880000,2500000000,27,31,71,129,868980000,894100000,8420000,408060000,320440000,2500000000,32,29,77,138,178530000,-303440000,1020000,241330000,-117440000,0,5,-2,6,9
1_170,1091690000,611850000,1460000,182660000,612340000,2500000000,24,27,62,113,1156540000,439770000,2490000,423140000,478060000,2500000000,25,26,65,116,64850000,-172080000,1030000,240480000,-134280000,0,1,-1,3,3
1_171,1170060000,519070000,12370000,109750000,688750000,2500000000,37,30,83,150,1122100000,428440000,30750000,298040000,620670000,2500000000,36,28,85,149,-47960000,-90630000,18380000,188290000,-68080000,0,-1,-2,2,-1
1_172,1165950000,632560000,6740000,138080000,556670000,2500000000,38,28,77,143,1368200000,537980000,15610000,213960000,364250000,2500000000,34,30,80,144,202250000,-94580000,8870000,75880000,-192420000,0,-4,2,3,1
1_173,383700000,1356340000,21380000,67730000,670850000,2500000000,39,36,91,166,394660000,1167240000,39190000,142700000,756210000,2500000000,36,34,84,154,10960000,-189100000,17810000,74970000,85360000,0,-3,-2,-7,-12
1_174,373670000,1367310000,920000,106260000,651840000,2500000000,33,27,75,135,483180000,1254650000,5540000,270420000,486210000,2500000000,33,32,80,145,109510000,-112660000,4620000,164160000,-165630000,0,0,5,5,10
1_175,1174710000,66370000,88680000,489280000,680960000,2500000000,31,26,74,131,1521090000,202060000,139530000,305950000,331370000,2500000000,32,29,86,147,346380000,135690000,50850000,-183330000,-349590000,0,1,3,12,16
1_176,631160000,1491310000,44320000,20730000,312480000,2500000000,35,32,90,157,703080000,1359370000,91110000,52190000,294250000,2500000000,38,35,100,173,71920000,-131940000,46790000,31460000,-18230000,0,3,3,10,16
1_177,1275870000,27680000,61990000,577690000,556770000,2500000000,37,26,79,142,1461240000,61680000,98480000,553440000,325160000,2500000000,34,25,79,138,185370000,34000000,36490000,-24250000,-231610000,0,-3,-1,0,-4
1_178,693310000,1299470000,16240000,135240000,355740000,2500000000,38,34,92,164,785680000,1205050000,33270000,141460000,334540000,2500000000,38,32,88,158,92370000,-94420000,17030000,6220000,-21200000,0,0,-2,-4,-6
1_179,43680000,639190000,106510000,328830000,1381790000,2500000000,24,34,82,140,45480000,611760000,132320000,323010000,1387430000,2500000000,25,34,83,142,1800000,-27430000,25810000,-5820000,5640000,0,1,0,1,2
1_180,237000000,1144870000,150290000,240240000,727600000,2500000000,26,37,87,150,297240000,1115780000,176730000,237570000,672680000,2500000000,29,30,82,141,60240000,-29090000,26440000,-2670000,-54920000,0,3,-7,-5,-9
1_181,4690000,88740000,40670000,12080000,1969870000,2116050000,17,30,75,122,6830000,83910000,43910000,11300000,1970100000,2116050000,22,29,75,126,2140000,-4830000,3240000,-780000,230000,0,5,-1,0,4
1_182,263480000,1636930000,105190000,391910000,102490000,2500000000,27,31,83,141,283020000,1612810000,129110000,381580000,93480000,2500000000,25,25,77,127,19540000,-24120000,23920000,-10330000,-9010000,0,-2,-6,-6,-14
1_183,40760000,926270000,195100000,536320000,801550000,2500000000,19,38,85,142,48540000,905470000,227950000,500810000,817230000,2500000000,25,43,91,159,7780000,-20800000,32850000,-35510000,15680000,0,6,5,6,17
1_184,487610000,954170000,8890000,158290000,891040000,2500000000,25,21,63,109,645630000,832900000,19860000,224560000,777050000,2500000000,29,26,67,122,158020000,-121270000,10970000,66270000,-113990000,0,4,5,4,13
1_185,179570000,1788640000,7480000,3270000,521040000,2500000000,26,33,72,131,260690000,1646900000,11310000,14030000,567070000,2500000000,29,34,75,138,81120000,-141740000,3830000,10760000,46030000,0,3,1,3,7
1_186,131700000,1965880000,24820000,1710000,375890000,2500000000,31,37,87,155,171150000,1840960000,49430000,36150000,402310000,2500000000,30,41,93,164,39450000,-124920000,24610000,34440000,26420000,0,-1,4,6,9
1_187,196100000,1695170000,17150000,42350000,549230000,2500000000,33,34,78,145,222340000,1590760000,33010000,83740000,570150000,2500000000,33,36,87,156,26240000,-104410000,15860000,41390000,20920000,0,0,2,9,11
1_188,499460000,1443880000,5860000,2480000,548320000,2500000000,35,33,82,150,639090000,1333590000,11990000,31630000,483700000,2500000000,35,34,93,162,139630000,-110290000,6130000,29150000,-64620000,0,0,1,11,12
1_189,1164500000,229800000,12190000,713960000,379550000,2500000000,42,29,84,155,1273600000,181390000,20680000,877910000,146420000,2500000000,36,22,74,132,109100000,-48410000,8490000,163950000,-233130000,0,-6,-7,-10,-23
1_190,625470000,1248390000,48850000,15770000,561520000,2500000000,40,32,88,160,759080000,1106920000,78730000,33650000,521620000,2500000000,39,36,90,165,133610000,-141470000,29880000,17880000,-39900000,0,-1,4,2,5
1_191,1044700000,457090000,24360000,808400000,165450000,2500000000,40,24,82,146,1066360000,449310000,31930000,814450000,137950000,2500000000,37,25,77,139,21660000,-7780000,7570000,6050000,-27500000,0,-3,1,-5,-7
1_192,1237830000,364860000,2440000,153880000,740990000,2500000000,39,25,79,143,1437220000,305300000,4220000,173180000,580080000,2500000000,41,25,88,154,199390000,-59560000,1780000,19300000,-160910000,0,2,0,9,11
1_193,650180000,53060000,37850000,650000,1449160000,2190900000,22,18,63,103,474780000,64510000,44660000,650000,1606300000,2190900000,28,18,72,118,-175400000,11450000,6810000,0,157140000,0,6,0,9,15
1_194,595070000,510110000,177160000,212230000,972170000,2466740000,27,23,81,131,536810000,499490000,220540000,207060000,1002840000,2466740000,32,28,87,147,-58260000,-10620000,43380000,-5170000,30670000,0,5,5,6,16
1_195,1710380000,455660000,58930000,10740000,264290000,2500000000,23,16,64,103,626940000,497610000,74340000,9480000,1291630000,2500000000,29,23,65,117,-1083440000,41950000,15410000,-1260000,1027340000,0,6,7,1,14
1_196,595790000,1609260000,89470000,177260000,28220000,2500000000,29,21,78,128,556690000,1587300000,120800000,179790000,55420000,2500000000,30,25,77,132,-39100000,-21960000,31330000,2530000,27200000,0,1,4,-1,4
1_197,268400000,2860000,36110000,850000,1436480000,1744700000,21,20,67,108,263280000,1740000,39770000,660000,1439250000,1744700000,27,23,71,121,-5120000,-1120000,3660000,-190000,2770000,0,6,3,4,13
1_198,271530000,12310000,58320000,30000,1545270000,1887460000,21,19,66,106,249130000,11390000,64390000,330000,1562220000,1887460000,21,17,67,105,-22400000,-920000,6070000,300000,16950000,0,0,-2,1,-1
1_199,711380000,499790000,355840000,136650000,796340000,2500000000,27,30,81,138,868560000,469190000,427030000,106200000,629020000,2500000000,30,25,83,138,157180000,-30600000,71190000,-30450000,-167320000,0,3,-5,2,0
1_200,95670000,131240000,60190000,42800000,1845780000,2175680000,25,31,81,137,124150000,118150000,79590000,38090000,1815700000,2175680000,23,34,84,141,28480000,-13090000,19400000,-4710000,-30080000,0,-2,3,3,4
1_201,67030000,11850000,16070000,4190000,1488310000,1587450000,19,20,66,105,134070000,10370000,18450000,4170000,1420390000,1587450000,21,21,62,104,67040000,-1480000,2380000,-20000,-67920000,0,2,1,-4,-1
1_202,293760000,1712970000,99840000,290600000,102830000,2500000000,24,35,85,144,292300000,1659970000,144230000,297550000,105950000,2500000000,27,40,90,157,-1460000,-53000000,44390000,6950000,3120000,0,3,5,5,13
1_203,334950000,1135200000,45670000,245910000,738270000,2500000000,25,23,79,127,484060000,1109660000,69340000,239710000,597230000,2500000000,25,34,90,149,149110000,-25540000,23670000,-6200000,-141040000,0,0,11,11,22
1_204,102240000,1881020000,110690000,393150000,12900000,2500000000,26,36,78,140,107100000,1830190000,157870000,387630000,17210000,2500000000,25,22,78,125,4860000,-50830000,47180000,-5520000,4310000,0,-1,-14,0,-15
1_205,40580000,625090000,130990000,231520000,1471820000,2500000000,26,40,91,157,41810000,608100000,150890000,226200000,1473000000,2500000000,25,40,90,155,1230000,-16990000,19900000,-5320000,1180000,0,-1,0,-1,-2
1_206,144570000,1729910000,79800000,536400000,9320000,2500000000,27,27,76,130,146690000,1710800000,108380000,524960000,9170000,2500000000,29,24,82,135,2120000,-19110000,28580000,-11440000,-150000,0,2,-3,6,5
1_207,122150000,1965140000,124950000,272650000,15110000,2500000000,23,31,81,135,122810000,1940420000,155920000,269170000,11680000,2500000000,26,31,80,137,660000,-24720000,30970000,-3480000,-3430000,0,3,0,-1,2
1_208,172030000,1724640000,70970000,508740000,23620000,2500000000,27,28,82,137,179490000,1739370000,87590000,466000000,27550000,2500000000,25,23,78,126,7460000,14730000,16620000,-42740000,3930000,0,-2,-5,-4,-11
1_209,86690000,1586510000,283360000,478830000,64610000,2500000000,28,35,85,148,91760000,1554270000,344830000,441150000,67990000,2500000000,29,38,89,156,5070000,-32240000,61470000,-37680000,3380000,0,1,3,4,8
1_210,135830000,1352160000,155620000,816120000,40270000,2500000000,28,30,82,140,141850000,1340220000,197460000,777910000,42560000,2500000000,28,31,87,146,6020000,-11940000,41840000,-38210000,2290000,0,0,1,5,6
1_211,129650000,1703280000,103900000,547670000,15500000,2500000000,28,26,75,129,131340000,1655790000,142580000,551810000,18480000,2500000000,29,28,84,141,1690000,-47490000,38680000,4140000,2980000,0,1,2,9,12
1_212,810760000,523760000,540000,174230000,990710000,2500000000,31,24,70,125,1048150000,311990000,3830000,554740000,581290000,2500000000,32,23,70,125,237390000,-211770000,3290000,380510000,-409420000,0,1,-1,0,0
1_213,105690000,2070470000,12160000,0,311680000,2500000000,21,32,71,124,130440000,1971240000,21030000,26530000,350760000,2500000000,28,34,77,139,24750000,-99230000,8870000,26530000,39080000,0,7,2,6,15
1_214,476550000,1254270000,7030000,31230000,730920000,2500000000,38,38,102,178,548870000,1245710000,14010000,28330000,663080000,2500000000,37,34,88,159,72320000,-8560000,6980000,-2900000,-67840000,0,-1,-4,-14,-19
1_215,181910000,1949230000,6800000,4990000,357070000,2500000000,26,35,81,142,181450000,1915610000,12800000,20690000,369450000,2500000000,26,32,77,135,-460000,-33620000,6000000,15700000,12380000,0,0,-3,-4,-7
1_216,832090000,589140000,90280000,717830000,270660000,2500000000,40,26,81,147,838190000,567890000,114010000,717360000,262550000,2500000000,42,21,79,142,6100000,-21250000,23730000,-470000,-8110000,0,2,-5,-2,-5
1_217,873500000,159330000,8640000,486100000,972430000,2500000000,43,27,82,152,1027320000,141850000,14600000,478780000,837450000,2500000000,41,26,86,153,153820000,-17480000,5960000,-7320000,-134980000,0,-2,-1,4,1
1_218,449870000,1535440000,152210000,245050000,117430000,2500000000,24,17,68,109,477980000,1449260000,242070000,233380000,97310000,2500000000,26,22,74,122,28110000,-86180000,89860000,-11670000,-20120000,0,2,5,6,13
1_219,1371640000,761720000,42530000,113280000,210830000,2500000000,22,16,68,106,1215910000,737520000,66420000,104830000,375320000,2500000000,28,19,68,115,-155730000,-24200000,23890000,-8450000,164490000,0,6,3,0,9
1_220,261140000,2068690000,107120000,50980000,12070000,2500000000,27,25,81,133,258990000,2033450000,139510000,56450000,11600000,2500000000,26,29,79,134,-2150000,-35240000,32390000,5470000,-470000,0,-1,4,-2,1
1_221,536380000,1595500000,32230000,108820000,227070000,2500000000,27,20,72,119,668630000,1570250000,52890000,107780000,100450000,2500000000,27,18,73,118,132250000,-25250000,20660000,-1040000,-126620000,0,0,-2,1,-1
1_222,274950000,1777050000,99700000,330120000,18180000,2500000000,27,27,69,123,276380000,1748040000,117550000,335600000,22430000,2500000000,32,28,84,144,1430000,-29010000,17850000,5480000,4250000,0,5,1,15,21
1_223,586180000,1239560000,84900000,565260000,24100000,2500000000,31,29,83,143,590890000,1233970000,102590000,542970000,29580000,2500000000,28,29,87,144,4710000,-5590000,17690000,-22290000,5480000,0,-3,0,4,1
1_224,524930000,1607940000,118530000,193780000,54820000,2500000000,31,32,83,146,517110000,1589080000,145190000,189900000,58720000,2500000000,34,32,90,156,-7820000,-18860000,26660000,-3880000,3900000,0,3,0,7,10
1_225,29850000,260420000,40150000,344060000,1825520000,2500000000,17,25,64,106,24740000,397660000,49300000,164700000,1863600000,2500000000,22,24,65,111,-5110000,137240000,9150000,-179360000,38080000,0,5,-1,1,5
1_226,158680000,443870000,59330000,681430000,1156690000,2500000000,24,28,72,124,122420000,681520000,83560000,382530000,1229970000,2500000000,24,24,63,111,-36260000,237650000,24230000,-298900000,73280000,0,0,-4,-9,-13
1_227,48050000,147670000,14610000,645280000,1384920000,2240530000,20,26,65,111,32180000,339550000,23850000,413090000,1431860000,2240530000,20,21,59,100,-15870000,191880000,9240000,-232190000,46940000,0,0,-5,-6,-11
1_228,5370000,75550000,5560000,232230000,1466730000,1785440000,19,24,57,100,15360000,65020000,7170000,213030000,1484860000,1785440000,22,22,60,104,9990000,-10530000,1610000,-19200000,18130000,0,3,-2,3,4
1_229,1890000,78430000,29480000,404970000,1829880000,2344650000,22,33,73,128,19470000,137360000,42730000,308490000,1836600000,2344650000,24,30,65,119,17580000,58930000,13250000,-96480000,6720000,0,2,-3,-8,-9
1_230,41330000,115520000,187470000,580300000,1575380000,2500000000,13,28,56,97,39010000,86620000,197480000,594250000,1582640000,2500000000,14,26,61,101,-2320000,-28900000,10010000,13950000,7260000,0,1,-2,5,4
1_231,22110000,225070000,46300000,887620000,1318570000,2499670000,15,22,58,95,28440000,199220000,66490000,887320000,1318200000,2499670000,13,25,56,94,6330000,-25850000,20190000,-300000,-370000,0,-2,3,-2,-1
1_232,323120000,29270000,0,377660000,1769950000,2500000000,16,30,55,101,343600000,1770000,9070000,133160000,2012400000,2500000000,13,20,51,84,20480000,-27500000,9070000,-244500000,242450000,0,-3,-10,-4,-17
1_233,199420000,68520000,90520000,654370000,1487170000,2500000000,18,32,65,115,205810000,70210000,112730000,415200000,1696050000,2500000000,27,29,76,132,6390000,1690000,22210000,-239170000,208880000,0,9,-3,11,17
1_234,248470000,44640000,11300000,490690000,1704900000,2500000000,24,31,82,137,251290000,47160000,26380000,362150000,1813020000,2500000000,22,24,69,115,2820000,2520000,15080000,-128540000,108120000,0,-2,-7,-13,-22
1_235,29600000,653710000,142240000,47080000,1627370000,2500000000,19,30,75,124,35330000,632450000,159170000,51590000,1621460000,2500000000,21,26,67,114,5730000,-21260000,16930000,4510000,-5910000,0,2,-4,-8,-10
1_236,20640000,319350000,37250000,18520000,2101890000,2497650000,17,33,76,126,25450000,312910000,43600000,21090000,2094600000,2497650000,20,27,75,122,4810000,-6440000,6350000,2570000,-7290000,0,3,-6,-1,-4
1_237,89290000,317310000,91340000,638070000,1362970000,2498980000,28,29,75,132,80320000,481030000,108150000,410380000,1419100000,2498980000,27,22,73,122,-8970000,163720000,16810000,-227690000,56130000,0,-1,-7,-2,-10
1_238,59970000,94990000,35130000,711920000,1597990000,2500000000,18,20,55,93,61820000,166480000,43940000,633900000,1593860000,2500000000,22,22,61,105,1850000,71490000,8810000,-78020000,-4130000,0,4,2,6,12
1_239,238490000,391710000,22600000,1741120000,106080000,2500000000,23,25,67,115,196740000,828050000,36920000,1206750000,231540000,2500000000,25,19,62,106,-41750000,436340000,14320000,-534370000,125460000,0,2,-6,-5,-9
1_240,127850000,348440000,85320000,709940000,1228450000,2500000000,22,27,68,117,121820000,368040000,99610000,670330000,1240200000,2500000000,28,28,71,127,-6030000,19600000,14290000,-39610000,11750000,0,6,1,3,10
1_241,163000000,622920000,141700000,1130780000,441600000,2500000000,25,30,69,124,168850000,839830000,163110000,871350000,456860000,2500000000,26,27,73,126,5850000,216910000,21410000,-259430000,15260000,0,1,-3,4,2
1_242,234730000,43550000,5360000,1889090000,327270000,2500000000,27,32,71,130,256290000,12520000,15090000,1764150000,451950000,2500000000,26,23,66,115,21560000,-31030000,9730000,-124940000,124680000,0,-1,-9,-5,-15
1_243,98800000,148360000,175920000,1061110000,1015810000,2500000000,28,28,69,125,135240000,68570000,222140000,1043860000,1030190000,2500000000,29,32,71,132,36440000,-79790000,46220000,-17250000,14380000,0,1,4,2,7
1_244,181070000,142980000,14040000,2002560000,159350000,2500000000,27,26,63,116,190250000,236680000,19540000,1619080000,434450000,2500000000,30,31,63,124,9180000,93700000,5500000,-383480000,275100000,0,3,5,0,8
1_245,345770000,249810000,369530000,1276590000,258300000,2500000000,28,30,64,122,346070000,146770000,403740000,1112960000,490460000,2500000000,30,28,67,125,300000,-103040000,34210000,-163630000,232160000,0,2,-2,3,3
1_246,40370000,86040000,38270000,747160000,1588160000,2500000000,30,32,78,140,31830000,17750000,53760000,742320000,1654340000,2500000000,32,36,86,154,-8540000,-68290000,15490000,-4840000,66180000,0,2,4,8,14
1_247,251040000,21230000,13290000,789110000,1424300000,2498970000,29,30,66,125,217060000,20470000,21240000,697360000,1542840000,2498970000,29,25,65,119,-33980000,-760000,7950000,-91750000,118540000,0,0,-5,-1,-6
1_248,255310000,200550000,69410000,1646610000,328120000,2500000000,28,29,59,116,196220000,142730000,88450000,1583940000,488660000,2500000000,31,30,73,134,-59090000,-57820000,19040000,-62670000,160540000,0,3,1,14,18
1_249,279510000,238040000,14620000,1819050000,148780000,2500000000,27,28,64,119,232460000,149730000,26760000,1847580000,243470000,2500000000,30,24,67,121,-47050000,-88310000,12140000,28530000,94690000,0,3,-4,3,2
1_250,31280000,92960000,182330000,249020000,1701910000,2257500000,17,34,63,114,22290000,128890000,195230000,205090000,1706000000,2257500000,22,35,75,132,-8990000,35930000,12900000,-43930000,4090000,0,5,1,12,18
1_251,239010000,48330000,10530000,997360000,1204770000,2500000000,26,38,78,142,249730000,189050000,16900000,631880000,1412440000,2500000000,23,28,78,129,10720000,140720000,6370000,-365480000,207670000,0,-3,-10,0,-13
1_252,99170000,85770000,49970000,1322900000,942190000,2500000000,24,33,67,124,118950000,275020000,59430000,1025010000,1021590000,2500000000,25,32,71,128,19780000,189250000,9460000,-297890000,79400000,0,1,-1,4,4
1_253,127920000,41760000,26050000,918360000,1385910000,2500000000,31,40,88,159,165070000,53390000,40360000,845600000,1395580000,2500000000,25,31,77,133,37150000,11630000,14310000,-72760000,9670000,0,-6,-9,-11,-26
1_254,224000000,185240000,471150000,1442480000,177130000,2500000000,20,29,59,108,231640000,157000000,545880000,1117570000,447910000,2500000000,24,32,66,122,7640000,-28240000,74730000,-324910000,270780000,0,4,3,7,14
1_255,575620000,31050000,16030000,1516030000,361270000,2500000000,18,27,54,99,529380000,59880000,39280000,739360000,1132100000,2500000000,25,27,57,109,-46240000,28830000,23250000,-776670000,770830000,0,7,0,3,10
1_256,250110000,354660000,192540000,1087490000,615200000,2500000000,22,33,80,135,272820000,255550000,247330000,931650000,792650000,2500000000,26,30,64,120,22710000,-99110000,54790000,-155840000,177450000,0,4,-3,-16,-15
1_257,572300000,84040000,22610000,1351050000,470000000,2500000000,27,27,70,124,480800000,180150000,59490000,1114660000,664900000,2500000000,24,29,62,115,-91500000,96110000,36880000,-236390000,194900000,0,-3,2,-8,-9
1_258,248590000,1450540000,120930000,151310000,528630000,2500000000,24,27,76,127,241410000,1437030000,145850000,158180000,517530000,2500000000,27,27,70,124,-7180000,-13510000,24920000,6870000,-11100000,0,3,0,-6,-3
1_259,179460000,1777030000,144010000,198540000,200960000,2500000000,21,22,70,113,189500000,1743080000,173640000,201560000,192220000,2500000000,25,26,72,123,10040000,-33950000,29630000,3020000,-8740000,0,4,4,2,10
1_260,275310000,1923330000,76220000,135210000,89930000,2500000000,24,23,72,119,289190000,1883750000,100990000,149870000,76200000,2500000000,26,22,62,110,13880000,-39580000,24770000,14660000,-13730000,0,2,-1,-10,-9
1_261,414640000,1735990000,63880000,207910000,77580000,2500000000,21,17,62,100,443590000,1708900000,78400000,220880000,48230000,2500000000,24,20,58,102,28950000,-27090000,14520000,12970000,-29350000,0,3,3,-4,2
1_262,20580000,251810000,51520000,7000000,1675380000,2006290000,19,17,71,107,20690000,234060000,66230000,10380000,1674930000,2006290000,19,21,70,110,110000,-17750000,14710000,3380000,-450000,0,0,4,-1,3
1_263,50220000,886460000,80770000,850020000,632530000,2500000000,26,31,82,139,81020000,807190000,108420000,867630000,635740000,2500000000,24,30,72,126,30800000,-79270000,27650000,17610000,3210000,0,-2,-1,-10,-13
1_264,133680000,1431710000,119230000,806980000,8400000,2500000000,22,28,68,118,148310000,1259370000,159300000,927900000,5120000,2500000000,28,25,69,122,14630000,-172340000,40070000,120920000,-3280000,0,6,-3,1,4
1_265,546400000,796600000,698260000,391320000,67420000,2500000000,22,24,67,113,468300000,397840000,753430000,804410000,76020000,2500000000,28,27,73,128,-78100000,-398760000,55170000,413090000,8600000,0,6,3,6,15
1_266,274340000,803340000,203130000,335250000,883940000,2500000000,29,32,77,138,270150000,616090000,231940000,488930000,892890000,2500000000,30,33,83,146,-4190000,-187250000,28810000,153680000,8950000,0,1,1,6,8
1_267,144350000,1518890000,59760000,767790000,9210000,2500000000,21,26,65,112,192330000,1451660000,88320000,759110000,8580000,2500000000,27,24,66,117,47980000,-67230000,28560000,-8680000,-630000,0,6,-2,1,5
1_268,242580000,596450000,252420000,1107020000,301530000,2500000000,28,29,67,124,287400000,780810000,288860000,824800000,318130000,2500000000,29,33,79,141,44820000,184360000,36440000,-282220000,16600000,0,1,4,12,17
1_269,67990000,1693800000,210400000,524350000,3460000,2500000000,19,27,64,110,74350000,1360080000,253520000,798840000,13210000,2500000000,24,28,65,117,6360000,-333720000,43120000,274490000,9750000,0,5,1,1,7
1_270,91710000,1563310000,202920000,622480000,19580000,2500000000,22,27,64,113,112670000,1322400000,254180000,780070000,30680000,2500000000,28,31,73,132,20960000,-240910000,51260000,157590000,11100000,0,6,4,9,19
1_271,82590000,746650000,187680000,1471890000,11190000,2500000000,21,32,63,116,69230000,876870000,227700000,1304690000,21510000,2500000000,25,30,62,117,-13360000,130220000,40020000,-167200000,10320000,0,4,-2,-1,1
1_272,165690000,1306140000,140790000,849750000,37630000,2500000000,24,29,68,121,174820000,1234590000,164490000,876410000,49690000,2500000000,30,26,68,124,9130000,-71550000,23700000,26660000,12060000,0,6,-3,0,3
1_273,111030000,300620000,256620000,1769360000,62370000,2500000000,29,30,72,131,107270000,356310000,291310000,1647940000,97170000,2500000000,31,33,73,137,-3760000,55690000,34690000,-121420000,34800000,0,2,3,1,6
1_274,84830000,1081890000,890310000,395720000,47250000,2500000000,23,28,69,120,81590000,969300000,917360000,466750000,65000000,2500000000,29,30,76,135,-3240000,-112590000,27050000,71030000,17750000,0,6,2,7,15
1_275,19100000,116490000,177280000,715670000,1471460000,2500000000,29,34,67,130,22920000,93830000,213070000,680750000,1489430000,2500000000,32,36,80,148,3820000,-22660000,35790000,-34920000,17970000,0,3,2,13,18
1_276,99950000,173440000,409350000,1480920000,336340000,2500000000,24,32,63,119,94700000,111290000,450570000,1346490000,496950000,2500000000,30,33,70,133,-5250000,-62150000,41220000,-134430000,160610000,0,6,1,7,14
1_277,161150000,180450000,575370000,1156930000,426100000,2500000000,26,29,67,122,130090000,145910000,625000000,1035550000,563450000,2500000000,32,31,70,133,-31060000,-34540000,49630000,-121380000,137350000,0,6,2,3,11
1_278,126330000,117510000,49240000,1838770000,368150000,2500000000,27,32,62,121,138670000,226980000,65010000,1367630000,701710000,2500000000,25,30,66,121,12340000,109470000,15770000,-471140000,333560000,0,-2,-2,4,0
1_279,128390000,11990000,30470000,1932710000,396440000,2500000000,26,33,64,123,137380000,17590000,41900000,1419560000,883570000,2500000000,28,36,77,141,8990000,5600000,11430000,-513150000,487130000,0,2,3,13,18
1_280,68440000,907180000,451600000,249620000,823160000,2500000000,26,30,74,130,72880000,695710000,507090000,406720000,817600000,2500000000,30,34,86,150,4440000,-211470000,55490000,157100000,-5560000,0,4,4,12,20
1_281,70810000,1202010000,33710000,537480000,655990000,2500000000,21,32,75,128,96550000,1159340000,48940000,500800000,694370000,2500000000,30,32,81,143,25740000,-42670000,15230000,-36680000,38380000,0,9,0,6,15
1_282,617570000,208680000,9720000,1192510000,471520000,2500000000,28,29,64,121,544490000,176450000,13140000,1046420000,719500000,2500000000,22,24,63,109,-73080000,-32230000,3420000,-146090000,247980000,0,-6,-5,-1,-12
1_283,32470000,520130000,88590000,220290000,1372390000,2233870000,26,31,77,134,43220000,440410000,116730000,251520000,1381990000,2233870000,30,34,84,148,10750000,-79720000,28140000,31230000,9600000,0,4,3,7,14
1_284,152250000,1353300000,119530000,135550000,739370000,2500000000,24,26,79,129,160210000,1328430000,146280000,131290000,733790000,2500000000,26,23,74,123,7960000,-24870000,26750000,-4260000,-5580000,0,2,-3,-5,-6
1_285,220320000,1882950000,88920000,262570000,45240000,2500000000,24,18,64,106,246360000,1866660000,104420000,263650000,18910000,2500000000,28,16,60,104,26040000,-16290000,15500000,1080000,-26330000,0,4,-2,-4,-2
1_286,137100000,1356850000,129310000,218790000,657950000,2500000000,28,23,84,135,136910000,1342230000,154390000,207710000,658760000,2500000000,28,29,79,136,-190000,-14620000,25080000,-11080000,810000,0,0,6,-5,1
1_287,300490000,1704090000,149940000,287820000,57660000,2500000000,26,18,68,112,308600000,1679690000,184300000,278310000,49100000,2500000000,27,23,77,127,8110000,-24400000,34360000,-9510000,-8560000,0,1,5,9,15
1_288,18270000,218650000,42740000,222750000,1997590000,2500000000,26,31,85,142,19360000,215980000,49750000,218460000,1996450000,2500000000,22,26,74,122,1090000,-2670000,7010000,-4290000,-1140000,0,-4,-5,-11,-20
1_289,211880000,560130000,315360000,297110000,1115520000,2500000000,29,33,76,138,195660000,362290000,348940000,464360000,1128750000,2500000000,29,33,76,138,-16220000,-197840000,33580000,167250000,13230000,0,0,0,0,0
1_290,100990000,445880000,181170000,209930000,1369160000,2307130000,21,25,69,115,89230000,360970000,183190000,304120000,1369620000,2307130000,27,32,76,135,-11760000,-84910000,2020000,94190000,460000,0,6,7,7,20
1_291,41860000,1828100000,224000000,395590000,10450000,2500000000,23,24,63,110,47670000,1393130000,276240000,772330000,10630000,2500000000,24,26,63,113,5810000,-434970000,52240000,376740000,180000,0,1,2,0,3
1_292,178840000,1710420000,207400000,378200000,25140000,2500000000,23,25,60,108,179710000,1260380000,276860000,753490000,29560000,2500000000,25,32,69,126,870000,-450040000,69460000,375290000,4420000,0,2,7,9,18
1_293,214450000,899940000,1087200000,252580000,45830000,2500000000,25,28,69,122,172180000,582850000,1186620000,509930000,48420000,2500000000,29,28,73,130,-42270000,-317090000,99420000,257350000,2590000,0,4,0,4,8
1_294,109590000,1481330000,446270000,414070000,48740000,2500000000,22,31,70,123,114010000,1372130000,499110000,473970000,40780000,2500000000,27,31,74,132,4420000,-109200000,52840000,59900000,-7960000,0,5,0,4,9
1_295,36860000,1559950000,361430000,514200000,27560000,2500000000,20,25,67,112,39740000,1257560000,412760000,761640000,28300000,2500000000,22,30,67,119,2880000,-302390000,51330000,247440000,740000,0,2,5,0,7
1_296,48890000,2257940000,114690000,63880000,14600000,2500000000,18,25,62,105,54380000,2177850000,151290000,94640000,21840000,2500000000,19,31,68,118,5490000,-80090000,36600000,30760000,7240000,0,1,6,6,13
1_297,74690000,2035210000,214740000,123700000,51660000,2500000000,20,28,70,118,88160000,1851680000,267850000,227660000,64650000,2500000000,23,32,71,126,13470000,-183530000,53110000,103960000,12990000,0,3,4,1,8
1_298,52700000,2089500000,177100000,145860000,34840000,2500000000,26,27,63,116,57410000,1848760000,238690000,319840000,35300000,2500000000,26,35,74,135,4710000,-240740000,61590000,173980000,460000,0,0,8,11,19
1_299,118870000,1742210000,431660000,114210000,93050000,2500000000,23,31,78,132,116670000,1632300000,492980000,175140000,82910000,2500000000,27,35,76,138,-2200000,-109910000,61320000,60930000,-10140000,0,4,4,-2,6
1_300,74940000,2000780000,173890000,157780000,92610000,2500000000,15,24,58,97,78720000,1990880000,211960000,116100000,102340000,2500000000,20,30,66,116,3780000,-9900000,38070000,-41680000,9730000,0,5,6,8,19
1_301,222060000,982270000,46070000,382550000,867050000,2500000000,23,33,73,129,239850000,816940000,64670000,500310000,878230000,2500000000,29,34,75,138,17790000,-165330000,18600000,117760000,11180000,0,6,1,2,9
1_302,104700000,1307400000,71110000,831160000,185630000,2500000000,33,37,81,151,107510000,1338480000,93440000,776390000,184180000,2500000000,28,29,77,134,2810000,31080000,22330000,-54770000,-1450000,0,-5,-8,-4,-17
1_303,160620000,1698020000,124810000,493570000,22980000,2500000000,30,25,74,129,160740000,1683170000,158340000,472950000,24800000,2500000000,27,21,71,119,120000,-14850000,33530000,-20620000,1820000,0,-3,-4,-3,-10
1_304,158520000,968580000,53480000,1299720000,19700000,2500000000,31,24,73,128,164850000,1023110000,69400000,1226840000,15800000,2500000000,32,22,76,130,6330000,54530000,15920000,-72880000,-3900000,0,1,-2,3,2
1_305,137920000,1237830000,80800000,1032900000,10550000,2500000000,30,25,77,132,146360000,1229350000,109150000,1000330000,14810000,2500000000,29,24,76,129,8440000,-8480000,28350000,-32570000,4260000,0,-1,-1,-1,-3
1_306,41770000,298870000,39660000,378870000,1708870000,2468040000,24,39,81,144,42400000,303720000,47650000,365090000,1709180000,2468040000,26,37,84,147,630000,4850000,7990000,-13780000,310000,0,2,-2,3,3
1_307,71800000,784060000,92630000,1330750000,220760000,2500000000,25,33,77,135,75480000,822390000,116380000,1267680000,218070000,2500000000,28,29,71,128,3680000,38330000,23750000,-63070000,-2690000,0,3,-4,-6,-7
1_308,18020000,478440000,108590000,206610000,1469380000,2281040000,25,35,85,145,17900000,480040000,125630000,186570000,1470900000,2281040000,27,33,81,141,-120000,1600000,17040000,-20040000,1520000,0,2,-2,-4,-4
1_309,189150000,1187060000,120420000,985850000,17520000,2500000000,30,26,72,128,199450000,1215700000,150660000,923870000,10320000,2500000000,26,23,67,116,10300000,28640000,30240000,-61980000,-7200000,0,-4,-3,-5,-12
1_310,353710000,1031730000,59660000,1029490000,25410000,2500000000,34,22,76,132,367630000,1047260000,70300000,999580000,15230000,2500000000,30,23,69,122,13920000,15530000,10640000,-29910000,-10180000,0,-4,1,-7,-10
1_311,334790000,1120310000,126690000,901050000,17160000,2500000000,29,22,74,125,335340000,1117900000,162510000,865280000,18970000,2500000000,27,26,75,128,550000,-2410000,35820000,-35770000,1810000,0,-2,4,1,3
1_312,284210000,15030000,2390000,421780000,1776590000,2500000000,23,28,66,117,386850000,1830000,11390000,494370000,1605560000,2500000000,21,30,57,108,102640000,-13200000,9000000,72590000,-171030000,0,-2,2,-9,-9
1_313,317960000,16760000,1550000,430400000,1733330000,2500000000,22,32,72,126,319150000,1600000,4600000,223350000,1951300000,2500000000,20,24,54,98,1190000,-15160000,3050000,-207050000,217970000,0,-2,-8,-18,-28
1_314,243870000,5100000,3240000,635950000,1611840000,2500000000,26,31,62,119,306480000,1920000,6440000,615340000,1569820000,2500000000,23,29,58,110,62610000,-3180000,3200000,-20610000,-42020000,0,-3,-2,-4,-9
1_315,92800000,1880000,2730000,188740000,2213850000,2500000000,17,26,53,96,91360000,2880000,3510000,186050000,2216200000,2500000000,21,29,62,112,-1440000,1000000,780000,-2690000,2350000,0,4,3,9,16
1_316,121610000,10600000,340000,141400000,2226050000,2500000000,23,29,61,113,133030000,3450000,7320000,269450000,2086750000,2500000000,28,27,56,111,11420000,-7150000,6980000,128050000,-139300000,0,5,-2,-5,-2
1_317,357390000,18840000,5320000,293290000,1825160000,2500000000,28,28,63,119,389670000,2990000,17350000,375530000,1714460000,2500000000,25,24,57,106,32280000,-15850000,12030000,82240000,-110700000,0,-3,-4,-6,-13
1_318,13100000,1550000,0,174490000,2266910000,2456050000,17,26,58,101,20100000,1990000,1800000,60390000,2371770000,2456050000,20,31,67,118,7000000,440000,1800000,-114100000,104860000,0,3,5,9,17
1_319,86400000,1910000,1010000,191280000,2219400000,2500000000,16,27,59,102,87980000,2620000,1780000,136250000,2271370000,2500000000,22,30,65,117,1580000,710000,770000,-55030000,51970000,0,6,3,6,15
1_320,263370000,42880000,3870000,499720000,1690160000,2500000000,27,33,66,126,334490000,4900000,7100000,579030000,1574480000,2500000000,26,30,66,122,71120000,-37980000,3230000,79310000,-115680000,0,-1,-3,0,-4
1_321,366320000,337580000,108740000,1000480000,686880000,2500000000,26,32,67,125,413290000,218660000,139600000,958100000,770350000,2500000000,28,33,72,133,46970000,-118920000,30860000,-42380000,83470000,0,2,1,5,8
1_322,305960000,765190000,71380000,648770000,708700000,2500000000,24,33,66,123,369780000,587390000,92120000,648640000,802070000,2500000000,29,32,76,137,63820000,-177800000,20740000,-130000,93370000,0,5,-1,10,14
1_323,493280000,381280000,49220000,381820000,1194400000,2500000000,25,35,81,141,522470000,327900000,71790000,408600000,1169240000,2500000000,29,33,78,140,29190000,-53380000,22570000,26780000,-25160000,0,4,-2,-3,-1
1_324,163570000,14880000,3870000,167620000,2150060000,2500000000,27,35,70,132,213540000,10140000,13560000,255330000,2007430000,2500000000,31,33,64,128,49970000,-4740000,9690000,87710000,-142630000,0,4,-2,-6,-4
1_325,557430000,297160000,41190000,470110000,1134110000,2500000000,23,31,72,126,616180000,285580000,55510000,443400000,1099330000,2500000000,28,32,77,137,58750000,-11580000,14320000,-26710000,-34780000,0,5,1,5,11
1_326,209010000,49380000,8820000,510560000,1722230000,2500000000,24,31,59,114,291150000,2840000,9720000,252740000,1943550000,2500000000,32,31,72,135,82140000,-46540000,900000,-257820000,221320000,0,8,0,13,21
1_327,156150000,1840000,330000,234440000,2107240000,2500000000,19,31,73,123,131490000,0,3490000,151890000,2213130000,2500000000,22,30,62,114,-24660000,-1840000,3160000,-82550000,105890000,0,3,-1,-11,-9
1_328,363840000,75840000,9470000,296960000,1753890000,2500000000,22,29,62,113,359220000,83220000,20500000,270890000,1766170000,2500000000,26,32,72,130,-4620000,7380000,11030000,-26070000,12280000,0,4,3,10,17
1_329,163200000,79670000,15090000,591120000,1650920000,2500000000,13,34,67,114,145390000,34300000,22210000,548360000,1749740000,2500000000,21,33,75,129,-17810000,-45370000,7120000,-42760000,98820000,0,8,-1,8,15
1_330,8440000,8000000,1750000,27720000,2249530000,2295440000,13,29,67,109,7750000,3280000,2230000,33920000,2248260000,2295440000,12,22,54,88,-690000,-4720000,480000,6200000,-1270000,0,-1,-7,-13,-21
1_331,0,3460000,3280000,280010000,2135870000,2422620000,11,31,64,106,0,38070000,3070000,220000000,2161480000,2422620000,9,29,57,95,0,34610000,-210000,-60010000,25610000,0,-2,-2,-7,-11
1_332,498310000,1391960000,30540000,1000000,578190000,2500000000,31,26,75,132,711110000,1279340000,33400000,4710000,471440000,2500000000,33,25,72,130,212800000,-112620000,2860000,3710000,-106750000,0,2,-1,-3,-2
1_333,87260000,927460000,20910000,50000,1460580000,2496260000,29,28,84,141,129530000,739350000,41840000,185650000,1399890000,2496260000,28,31,89,148,42270000,-188110000,20930000,185600000,-60690000,0,-1,3,5,7
1_334,432410000,1518100000,8800000,0,540690000,2500000000,29,35,78,142,493660000,1299530000,13120000,23510000,670180000,2500000000,30,34,85,149,61250000,-218570000,4320000,23510000,129490000,0,1,-1,7,7
1_335,721560000,1181000000,20360000,25080000,552000000,2500000000,33,28,76,137,807600000,1062060000,23650000,71580000,535110000,2500000000,34,27,83,144,86040000,-118940000,3290000,46500000,-16890000,0,1,-1,7,7
1_336,787760000,788790000,4960000,37320000,881170000,2500000000,33,31,83,147,994020000,711370000,11200000,26800000,756610000,2500000000,35,30,81,146,206260000,-77420000,6240000,-10520000,-124560000,0,2,-1,-2,-1
1_337,119500000,2124240000,23200000,2600000,230460000,2500000000,31,39,82,152,131970000,2088700000,48830000,30870000,199630000,2500000000,32,39,90,161,12470000,-35540000,25630000,28270000,-30830000,0,1,0,8,9
1_338,857570000,825600000,87890000,534480000,194460000,2500000000,37,21,74,132,865650000,793500000,114710000,538730000,187410000,2500000000,38,24,84,146,8080000,-32100000,26820000,4250000,-7050000,0,1,3,10,14
1_339,799770000,56840000,8350000,613370000,1021670000,2500000000,41,24,76,141,949140000,55470000,12930000,607540000,874920000,2500000000,39,20,74,133,149370000,-1370000,4580000,-5830000,-146750000,0,-2,-4,-2,-8
1_340,588660000,1743570000,24290000,81570000,61910000,2500000000,23,16,65,104,531340000,1722430000,37100000,82560000,126570000,2500000000,26,15,71,112,-57320000,-21140000,12810000,990000,64660000,0,3,-1,6,8
1_341,335090000,1866830000,30370000,251480000,16230000,2500000000,18,14,62,94,336210000,1866370000,44430000,241010000,11980000,2500000000,26,15,69,110,1120000,-460000,14060000,-10470000,-4250000,0,8,1,7,16
1_342,753320000,1445200000,66620000,200120000,34740000,2500000000,28,16,69,113,764230000,1392840000,112940000,184720000,45270000,2500000000,24,20,71,115,10910000,-52360000,46320000,-15400000,10530000,0,-4,4,2,2
1_343,494210000,1771290000,58040000,124230000,52230000,2500000000,22,15,63,100,470920000,1731240000,90780000,113880000,93180000,2500000000,24,19,73,116,-23290000,-40050000,32740000,-10350000,40950000,0,2,4,10,16
1_344,524660000,1577950000,138830000,236000000,22560000,2500000000,31,28,81,140,517270000,1550340000,170310000,236090000,25990000,2500000000,32,27,78,137,-7390000,-27610000,31480000,90000,3430000,0,1,-1,-3,-3
1_345,789680000,1507410000,26190000,143850000,32870000,2500000000,24,19,71,114,789830000,1481470000,36500000,154450000,37750000,2500000000,29,19,73,121,150000,-25940000,10310000,10600000,4880000,0,5,0,2,7
1_346,571150000,1465850000,56320000,270000,406410000,2500000000,32,30,75,137,681520000,1301950000,65870000,16070000,434590000,2500000000,33,30,75,138,110370000,-163900000,9550000,15800000,28180000,0,1,0,0,1
1_347,1230000,270240000,14070000,250000,1759410000,2045200000,27,37,92,156,1840000,266140000,12480000,3240000,1761500000,2045200000,29,32,93,154,610000,-4100000,-1590000,2990000,2090000,0,2,-5,1,-2
1_348,377830000,1082940000,169820000,1420000,867990000,2500000000,29,24,70,123,563220000,986670000,171650000,8070000,770390000,2500000000,31,25,72,128,185390000,-96270000,1830000,6650000,-97600000,0,2,1,2,5
1_349,851910000,435350000,3860000,174800000,1034080000,2500000000,42,26,84,152,1126160000,349890000,4110000,132750000,887090000,2500000000,44,24,78,146,274250000,-85460000,250000,-42050000,-146990000,0,2,-2,-6,-6
1_350,192080000,1950050000,39550000,900000,317420000,2500000000,30,37,76,143,244000000,1854860000,55290000,10920000,334930000,2500000000,32,40,85,157,51920000,-95190000,15740000,10020000,17510000,0,2,3,9,14
1_351,1308340000,266900000,6190000,219830000,698740000,2500000000,41,22,78,141,1721220000,197960000,11780000,130530000,438510000,2500000000,40,22,82,144,412880000,-68940000,5590000,-89300000,-260230000,0,-1,0,4,3
1_352,952400000,976260000,58500000,473770000,39070000,2500000000,41,22,77,140,957550000,948090000,80160000,477100000,37100000,2500000000,39,24,80,143,5150000,-28170000,21660000,3330000,-1970000,0,-2,2,3,3
1_353,827670000,38910000,6120000,791620000,835680000,2500000000,40,24,77,141,931620000,26290000,11960000,707870000,822260000,2500000000,40,17,71,128,103950000,-12620000,5840000,-83750000,-13420000,0,0,-7,-6,-13
1_354,726960000,1221090000,44140000,440340000,67470000,2500000000,36,22,82,140,732680000,1200480000,69520000,435950000,61370000,2500000000,41,25,79,145,5720000,-20610000,25380000,-4390000,-6100000,0,5,3,-3,5
1_355,851500000,75740000,9110000,567710000,995940000,2500000000,40,19,76,135,884480000,51110000,12670000,435330000,1116410000,2500000000,41,19,73,133,32980000,-24630000,3560000,-132380000,120470000,0,1,0,-3,-2
1_356,154910000,2159130000,67520000,82230000,36210000,2500000000,26,18,75,119,153900000,2138810000,98740000,77080000,31470000,2500000000,24,21,76,121,-1010000,-20320000,31220000,-5150000,-4740000,0,-2,3,1,2
1_357,166470000,2096320000,28060000,179410000,29740000,2500000000,22,13,70,105,167320000,2098450000,51010000,164630000,18590000,2500000000,30,14,73,117,850000,2130000,22950000,-14780000,-11150000,0,8,1,3,12
1_358,422080000,1818480000,72220000,127540000,59680000,2500000000,32,20,80,132,421940000,1754020000,144530000,127700000,51810000,2500000000,31,19,83,133,-140000,-64460000,72310000,160000,-7870000,0,-1,-1,3,1
1_359,156220000,1899420000,361990000,33680000,48690000,2500000000,24,18,74,116,157450000,1767660000,496650000,27670000,50570000,2500000000,31,19,87,137,1230000,-131760000,134660000,-6010000,1880000,0,7,1,13,21
1_360,1129760000,995940000,33960000,295910000,44430000,2500000000,30,19,70,119,1137430000,977240000,55320000,289190000,40820000,2500000000,32,20,76,128,7670000,-18700000,21360000,-6720000,-3610000,0,2,1,6,9
1_361,478240000,1709850000,52730000,234030000,25150000,2500000000,23,15,66,104,484850000,1692100000,80640000,215260000,27150000,2500000000,27,18,74,119,6610000,-17750000,27910000,-18770000,2000000,0,4,3,8,15
1_362,1102720000,807920000,45860000,447400000,96100000,2500000000,33,23,77,133,1105730000,789050000,73710000,439220000,92290000,2500000000,35,16,73,124,3010000,-18870000,27850000,-8180000,-3810000,0,2,-7,-4,-9
1_363,1042150000,875510000,30360000,341770000,210210000,2500000000,33,16,70,119,1036870000,868640000,44720000,337870000,211900000,2500000000,31,16,69,116,-5280000,-6870000,14360000,-3900000,1690000,0,-2,0,-1,-3
1_364,697500000,834140000,53090000,869150000,46120000,2500000000,32,24,80,136,716470000,815380000,68290000,870900000,28960000,2500000000,30,19,78,127,18970000,-18760000,15200000,1750000,-17160000,0,-2,-5,-2,-9
1_365,1129970000,1054290000,62590000,215240000,37910000,2500000000,27,18,68,113,1114930000,1010740000,89400000,236140000,48790000,2500000000,29,16,70,115,-15040000,-43550000,26810000,20900000,10880000,0,2,-2,2,2
1_366,769590000,624260000,124710000,913080000,68360000,2500000000,32,22,75,129,793600000,599960000,155520000,905490000,45430000,2500000000,32,22,75,129,24010000,-24300000,30810000,-7590000,-22930000,0,0,0,0,0
1_367,661150000,1034520000,67080000,716650000,20600000,2500000000,33,16,76,125,654540000,1005430000,89090000,732270000,18670000,2500000000,32,20,77,129,-6610000,-29090000,22010000,15620000,-1930000,0,-1,4,1,4
1_368,561200000,1688760000,75730000,140090000,34220000,2500000000,32,26,80,138,565280000,1669170000,96820000,135630000,33100000,2500000000,30,27,89,146,4080000,-19590000,21090000,-4460000,-1120000,0,-2,1,9,8
1_369,266730000,1233270000,32230000,931880000,35890000,2500000000,28,24,76,128,277820000,1228390000,41000000,916120000,36670000,2500000000,34,25,93,152,11090000,-4880000,8770000,-15760000,780000,0,6,1,17,24
1_370,540120000,1150530000,43390000,657580000,108380000,2500000000,35,34,90,159,548580000,1160240000,49630000,627010000,114540000,2500000000,32,35,89,156,8460000,9710000,6240000,-30570000,6160000,0,-3,1,-1,-3
1_371,351710000,942120000,33960000,1144450000,27760000,2500000000,33,23,78,134,361210000,931060000,37930000,1148710000,21090000,2500000000,30,22,77,129,9500000,-11060000,3970000,4260000,-6670000,0,-3,-1,-1,-5
1_372,521550000,1484550000,128110000,330400000,35390000,2500000000,32,28,82,142,520100000,1472350000,149730000,314330000,43490000,2500000000,30,27,80,137,-1450000,-12200000,21620000,-16070000,8100000,0,-2,-1,-2,-5
1_373,491790000,1602110000,137880000,218940000,49280000,2500000000,30,24,79,133,491950000,1589620000,163760000,190850000,63820000,2500000000,29,29,83,141,160000,-12490000,25880000,-28090000,14540000,0,-1,5,4,8
1_374,634110000,1666350000,106950000,45720000,46870000,2500000000,31,30,84,145,649440000,1607040000,145300000,55390000,42830000,2500000000,31,29,90,150,15330000,-59310000,38350000,9670000,-4040000,0,0,-1,6,5
1_375,542570000,1675510000,46430000,216110000,19380000,2500000000,30,28,85,143,564230000,1668670000,57140000,193710000,16250000,2500000000,31,29,87,147,21660000,-6840000,10710000,-22400000,-3130000,0,1,1,2,4
1_376,276920000,254530000,388250000,16300000,1536860000,2472860000,28,31,82,141,340400000,171910000,420840000,16590000,1523120000,2472860000,32,24,82,138,63480000,-82620000,32590000,290000,-13740000,0,4,-7,0,-3
1_377,1251520000,417660000,20160000,307490000,503170000,2500000000,40,27,85,152,1495910000,280100000,39950000,214640000,469400000,2500000000,42,25,85,152,244390000,-137560000,19790000,-92850000,-33770000,0,2,-2,0,0
1_378,983580000,418360000,23910000,690520000,383630000,2500000000,43,29,85,157,1034420000,410180000,28620000,693170000,333610000,2500000000,41,23,77,141,50840000,-8180000,4710000,2650000,-50020000,0,-2,-6,-8,-16
1_379,1117860000,806570000,203730000,15730000,356110000,2500000000,34,24,75,133,1328510000,614660000,238020000,16290000,302520000,2500000000,34,23,76,133,210650000,-191910000,34290000,560000,-53590000,0,0,-1,1,0
1_380,1451260000,699010000,36030000,49150000,264550000,2500000000,41,29,87,157,1674820000,557190000,57490000,41580000,168920000,2500000000,40,25,83,148,223560000,-141820000,21460000,-7570000,-95630000,0,-1,-4,-4,-9
1_381,1131530000,448860000,159160000,2860000,757590000,2500000000,33,24,83,140,1425120000,315340000,181100000,9180000,569260000,2500000000,36,21,77,134,293590000,-133520000,21940000,6320000,-188330000,0,3,-3,-6,-6
1_382,685130000,1407390000,56800000,207620000,143060000,2500000000,40,17,78,135,699210000,1373170000,84180000,204180000,139260000,2500000000,37,21,82,140,14080000,-34220000,27380000,-3440000,-3800000,0,-3,4,4,5
1_383,1271600000,164910000,23110000,527460000,512920000,2500000000,40,24,77,141,1284700000,154460000,29740000,529610000,501490000,2500000000,41,23,81,145,13100000,-10450000,6630000,2150000,-11430000,0,1,-1,4,4
1_384,499850000,1188240000,57170000,67540000,687200000,2500000000,29,32,90,151,515710000,1155830000,84150000,71530000,672780000,2500000000,36,34,96,166,15860000,-32410000,26980000,3990000,-14420000,0,7,2,6,15
1_385,675100000,949320000,119690000,102200000,653690000,2500000000,43,36,98,177,682640000,898420000,157970000,105470000,655500000,2500000000,40,39,99,178,7540000,-50900000,38280000,3270000,1810000,0,-3,3,1,1
1_386,556010000,1516970000,67180000,314300000,45540000,2500000000,31,19,79,129,564530000,1500100000,89600000,310650000,35120000,2500000000,32,20,78,130,8520000,-16870000,22420000,-3650000,-10420000,0,1,1,-1,1
1_387,547050000,1647520000,67490000,216390000,21550000,2500000000,35,17,78,130,541690000,1599820000,114280000,210490000,33720000,2500000000,34,20,84,138,-5360000,-47700000,46790000,-5900000,12170000,0,-1,3,6,8
1_388,723070000,1268450000,18240000,410640000,79600000,2500000000,33,21,76,130,731760000,1259680000,22700000,408540000,77320000,2500000000,37,23,74,134,8690000,-8770000,4460000,-2100000,-2280000,0,4,2,-2,4
1_389,1471600000,361560000,13500000,420630000,232710000,2500000000,37,19,78,134,1481660000,350130000,23840000,417770000,226600000,2500000000,37,17,74,128,10060000,-11430000,10340000,-2860000,-6110000,0,0,-2,-4,-6
1_390,1011580000,532610000,33650000,866260000,55900000,2500000000,30,15,71,116,1013620000,537770000,43130000,866940000,38540000,2500000000,31,16,74,121,2040000,5160000,9480000,680000,-17360000,0,1,1,3,5
1_391,698740000,1029040000,40100000,641770000,90350000,2500000000,31,20,73,124,700850000,1025500000,57090000,632500000,84060000,2500000000,34,19,78,131,2110000,-3540000,16990000,-9270000,-6290000,0,3,-1,5,7
1_392,639620000,466590000,39420000,1269310000,85060000,2500000000,34,20,74,128,639070000,467750000,47960000,1270700000,74520000,2500000000,32,23,82,137,-550000,1160000,8540000,1390000,-10540000,0,-2,3,8,9
1_393,710520000,748850000,46150000,939470000,55010000,2500000000,29,21,75,125,703000000,737600000,65240000,939280000,54880000,2500000000,35,20,75,130,-7520000,-11250000,19090000,-190000,-130000,0,6,-1,0,5
1_394,1194440000,300530000,20890000,765100000,219040000,2500000000,34,22,78,134,1211450000,313360000,23840000,766950000,184400000,2500000000,35,18,72,125,17010000,12830000,2950000,1850000,-34640000,0,1,-4,-6,-9
1_395,1394060000,236240000,50750000,692640000,126310000,2500000000,34,17,75,126,1410360000,250770000,49860000,686980000,102030000,2500000000,34,18,75,127,16300000,14530000,-890000,-5660000,-24280000,0,0,1,0,1
1_396,791000000,502050000,28340000,1106700000,71910000,2500000000,34,18,76,128,804090000,519320000,40240000,1087760000,48590000,2500000000,38,23,75,136,13090000,17270000,11900000,-18940000,-23320000,0,4,5,-1,8
1_397,661960000,214510000,25610000,1515870000,82050000,2500000000,33,20,71,124,670770000,223410000,32170000,1508000000,65650000,2500000000,37,23,80,140,8810000,8900000,6560000,-7870000,-16400000,0,4,3,9,16
1_398,322190000,1320190000,65460000,752790000,39370000,2500000000,29,25,85,139,339740000,1327600000,75360000,734590000,22710000,2500000000,28,26,88,142,17550000,7410000,9900000,-18200000,-16660000,0,-1,1,3,3
1_399,461530000,856040000,39070000,1131090000,12270000,2500000000,35,29,83,147,458270000,859000000,43740000,1125620000,13370000,2500000000,33,27,85,145,-3260000,2960000,4670000,-5470000,1100000,0,-2,-2,2,-2
1_400,466830000,915310000,43370000,1039710000,34780000,2500000000,30,26,84,140,472460000,935810000,49000000,1008310000,34420000,2500000000,30,23,90,143,5630000,20500000,5630000,-31400000,-360000,0,0,-3,6,3
1_401,347390000,690000000,76580000,1362340000,23690000,2500000000,34,29,84,147,353230000,697750000,88560000,1340760000,19700000,2500000000,33,20,80,133,5840000,7750000,11980000,-21580000,-3990000,0,-1,-9,-4,-14
1_402,1414640000,834220000,70200000,124300000,56640000,2500000000,32,30,91,153,1450670000,812020000,84340000,96840000,56130000,2500000000,31,29,87,147,36030000,-22200000,14140000,-27460000,-510000,0,-1,-1,-4,-6
1_403,750100000,1489740000,86050000,139320000,34790000,2500000000,30,28,76,134,772680000,1444500000,104580000,137210000,41030000,2500000000,28,27,88,143,22580000,-45240000,18530000,-2110000,6240000,0,-2,-1,12,9
1_404,704190000,1274380000,67600000,409770000,44060000,2500000000,32,26,92,150,715870000,1274080000,82440000,375020000,52590000,2500000000,32,27,88,147,11680000,-300000,14840000,-34750000,8530000,0,0,1,-4,-3
1_405,427590000,1546770000,88970000,395500000,41170000,2500000000,30,24,76,130,433540000,1533630000,111800000,382070000,38960000,2500000000,28,27,93,148,5950000,-13140000,22830000,-13430000,-2210000,0,-2,3,17,18
1_406,24940000,420900000,42390000,420000,1873730000,2362380000,32,33,91,156,43270000,382630000,49220000,5180000,1882080000,2362380000,32,29,86,147,18330000,-38270000,6830000,4760000,8350000,0,0,-4,-5,-9
1_407,18690000,479480000,91860000,10330000,1621100000,2221460000,21,36,89,146,18990000,461990000,106260000,18850000,1615370000,2221460000,25,38,93,156,300000,-17490000,14400000,8520000,-5730000,0,4,2,4,10
1_408,705660000,1168600000,89950000,104010000,431780000,2500000000,35,34,91,160,748800000,1132880000,119810000,93290000,405220000,2500000000,37,27,94,158,43140000,-35720000,29860000,-10720000,-26560000,0,2,-7,3,-2
1_409,1151010000,648730000,86960000,126070000,487230000,2500000000,37,27,87,151,1215140000,620990000,119360000,134390000,410120000,2500000000,35,22,79,136,64130000,-27740000,32400000,8320000,-77110000,0,-2,-5,-8,-15
1_410,142980000,724790000,226220000,57250000,1348760000,2500000000,27,40,95,162,181810000,675690000,273260000,58870000,1310370000,2500000000,27,35,100,162,38830000,-49100000,47040000,1620000,-38390000,0,0,-5,5,0
1_411,906950000,501840000,19270000,862020000,209920000,2500000000,37,21,81,139,911590000,516830000,26780000,872370000,172430000,2500000000,35,26,78,139,4640000,14990000,7510000,10350000,-37490000,0,-2,5,-3,0
1_412,930900000,436570000,19430000,791750000,321350000,2500000000,40,30,79,149,961840000,449860000,29640000,817270000,241390000,2500000000,45,27,83,155,30940000,13290000,10210000,25520000,-79960000,0,5,-3,4,6
1_413,797000000,494210000,42610000,963380000,202800000,2500000000,37,23,82,142,827450000,493930000,57540000,965210000,155870000,2500000000,41,24,85,150,30450000,-280000,14930000,1830000,-46930000,0,4,1,3,8
1_414,1428620000,185730000,13450000,252300000,619900000,2500000000,42,24,78,144,1486890000,184370000,27660000,297190000,503890000,2500000000,43,19,77,139,58270000,-1360000,14210000,44890000,-116010000,0,1,-5,-1,-5
1_415,598640000,1093220000,206800000,541540000,59800000,2500000000,37,25,85,147,609670000,1065450000,244060000,529690000,51130000,2500000000,38,25,84,147,11030000,-27770000,37260000,-11850000,-8670000,0,1,0,-1,0
1_416,1031490000,608620000,45770000,693360000,120760000,2500000000,37,26,81,144,1054540000,604890000,57780000,686470000,96320000,2500000000,35,22,87,144,23050000,-3730000,12010000,-6890000,-24440000,0,-2,-4,6,0
1_417,841730000,414350000,91730000,1042670000,109520000,2500000000,37,28,91,156,858520000,401040000,116290000,1027980000,96170000,2500000000,40,33,99,172,16790000,-13310000,24560000,-14690000,-13350000,0,3,5,8,16
1_418,1119000000,573430000,73330000,654070000,80170000,2500000000,36,21,82,139,1132360000,562260000,100530000,642580000,62270000,2500000000,38,29,91,158,13360000,-11170000,27200000,-11490000,-17900000,0,2,8,9,19
1_419,512750000,629370000,65840000,1227050000,64990000,2500000000,31,24,90,145,527640000,643190000,75970000,1193210000,59990000,2500000000,30,24,89,143,14890000,13820000,10130000,-33840000,-5000000,0,-1,0,-1,-2
1_420,341160000,940950000,85600000,1095580000,36710000,2500000000,33,24,88,145,342880000,953820000,104120000,1061340000,37840000,2500000000,29,22,86,137,1720000,12870000,18520000,-34240000,1130000,0,-4,-2,-2,-8
1_421,535040000,418570000,57720000,1451820000,36850000,2500000000,33,23,88,144,546480000,417540000,60400000,1448290000,27290000,2500000000,30,22,84,136,11440000,-1030000,2680000,-3530000,-9560000,0,-3,-1,-4,-8
1_422,365680000,389820000,78580000,1639390000,26530000,2500000000,29,22,75,126,372200000,387170000,88670000,1627100000,24860000,2500000000,33,27,90,150,6520000,-2650000,10090000,-12290000,-1670000,0,4,5,15,24
1_423,764770000,1371370000,64280000,283860000,15720000,2500000000,32,26,88,146,767680000,1359990000,74110000,286410000,11810000,2500000000,30,19,84,133,2910000,-11380000,9830000,2550000,-3910000,0,-2,-7,-4,-13
1_424,822590000,805210000,57290000,758130000,56780000,2500000000,29,22,89,140,830650000,802460000,72450000,743930000,50510000,2500000000,30,26,89,145,8060000,-2750000,15160000,-14200000,-6270000,0,1,4,0,5
1_425,827590000,1166230000,38200000,444020000,23960000,2500000000,32,19,78,129,824530000,1164690000,47270000,439550000,23960000,2500000000,31,20,84,135,-3060000,-1540000,9070000,-4470000,0,0,-1,1,6,6
1_426,1132470000,213300000,22680000,1094530000,37020000,2500000000,32,19,82,133,1133620000,216710000,25750000,1083790000,40130000,2500000000,31,20,76,127,1150000,3410000,3070000,-10740000,3110000,0,-1,1,-6,-6
1_427,684060000,1234460000,224890000,39350000,317240000,2500000000,30,29,85,144,685490000,1198510000,279240000,31020000,305740000,2500000000,26,26,82,134,1430000,-35950000,54350000,-8330000,-11500000,0,-4,-3,-3,-10
1_428,74070000,1017520000,72590000,190010000,1145810000,2500000000,25,44,96,165,74270000,993400000,97180000,188850000,1146300000,2500000000,26,42,96,164,200000,-24120000,24590000,-1160000,490000,0,1,-2,0,-1
1_429,813500000,1239960000,131860000,46740000,267940000,2500000000,40,32,92,164,835800000,1209310000,168580000,47690000,238620000,2500000000,40,24,85,149,22300000,-30650000,36720000,950000,-29320000,0,0,-8,-7,-15
1_430,348420000,731130000,346330000,211230000,862890000,2500000000,25,34,89,148,330160000,666530000,420650000,208060000,874600000,2500000000,29,39,98,166,-18260000,-64600000,74320000,-3170000,11710000,0,4,5,9,18
1_431,1204550000,559560000,85860000,469740000,180290000,2500000000,39,19,90,148,1241600000,546590000,115960000,455220000,140630000,2500000000,41,19,88,148,37050000,-12970000,30100000,-14520000,-39660000,0,2,0,-2,0
1_432,974390000,878890000,108340000,226540000,311840000,2500000000,34,26,89,149,998590000,845720000,159300000,210790000,285600000,2500000000,35,22,87,144,24200000,-33170000,50960000,-15750000,-26240000,0,1,-4,-2,-5
1_433,1121080000,861760000,77140000,254680000,185340000,2500000000,48,20,92,160,1133300000,848930000,99860000,243320000,174590000,2500000000,49,26,92,167,12220000,-12830000,22720000,-11360000,-10750000,0,1,6,0,7
1_434,1113230000,867100000,22650000,116190000,380830000,2500000000,40,25,82,147,1144530000,867030000,32360000,113580000,342500000,2500000000,42,23,82,147,31300000,-70000,9710000,-2610000,-38330000,0,2,-2,0,0
1_435,412460000,900200000,431210000,704660000,51470000,2500000000,32,29,89,150,414870000,871720000,472680000,689460000,51270000,2500000000,38,28,95,161,2410000,-28480000,41470000,-15200000,-200000,0,6,-1,6,11
1_436,844380000,824040000,240660000,491950000,98970000,2500000000,38,20,77,135,849420000,788760000,301210000,475610000,85000000,2500000000,42,24,81,147,5040000,-35280000,60550000,-16340000,-13970000,0,4,4,4,12
1_437,625400000,1261060000,270940000,192320000,150280000,2500000000,41,33,97,171,612710000,1217910000,329110000,187590000,152680000,2500000000,43,34,103,180,-12690000,-43150000,58170000,-4730000,2400000,0,2,1,6,9
1_438,696810000,1372750000,110310000,296770000,23360000,2500000000,39,21,85,145,691430000,1321580000,158210000,300820000,27960000,2500000000,42,29,83,154,-5380000,-51170000,47900000,4050000,4600000,0,3,8,-2,9
1_439,581700000,719750000,161210000,968450000,68890000,2500000000,32,28,89,149,593710000,706560000,182470000,963130000,54130000,2500000000,36,27,94,157,12010000,-13190000,21260000,-5320000,-14760000,0,4,-1,5,8
1_440,668570000,822040000,116470000,855240000,37680000,2500000000,33,22,81,136,668950000,804020000,142250000,849070000,35710000,2500000000,36,32,90,158,380000,-18020000,25780000,-6170000,-1970000,0,3,10,9,22
1_441,581990000,1267850000,92980000,514750000,42430000,2500000000,37,27,90,154,583440000,1240690000,122670000,512350000,40850000,2500000000,36,25,93,154,1450000,-27160000,29690000,-2400000,-1580000,0,-1,-2,3,0
1_442,691320000,1033130000,103740000,568340000,103470000,2500000000,39,28,90,157,693850000,1020110000,133240000,554020000,98780000,2500000000,44,31,100,175,2530000,-13020000,29500000,-14320000,-4690000,0,5,3,10,18
1_443,1069140000,1030120000,30820000,347070000,22850000,2500000000,30,19,83,132,1069750000,1034570000,34500000,341980000,19200000,2500000000,31,18,73,122,610000,4450000,3680000,-5090000,-3650000,0,1,-1,-10,-10
1_444,788910000,781320000,69120000,821720000,38930000,2500000000,32,21,83,136,790170000,780640000,79390000,810400000,39400000,2500000000,32,21,86,139,1260000,-680000,10270000,-11320000,470000,0,0,0,3,3
1_445,873450000,1160330000,58080000,379330000,28810000,2500000000,30,23,80,133,873390000,1148750000,75230000,374210000,28420000,2500000000,33,23,82,138,-60000,-11580000,17150000,-5120000,-390000,0,3,0,2,5
1_446,725310000,1288770000,198330000,214270000,73320000,2500000000,28,23,87,138,712680000,1262280000,228100000,206680000,90260000,2500000000,36,27,95,158,-12630000,-26490000,29770000,-7590000,16940000,0,8,4,8,20
1_447,105270000,54640000,137570000,1680000,1873080000,2172240000,29,20,75,124,94730000,35600000,161550000,1330000,1879030000,2172240000,27,18,75,120,-10540000,-19040000,23980000,-350000,5950000,0,-2,-2,0,-4
1_448,1088700000,811490000,50270000,136440000,413100000,2500000000,41,32,92,165,1120260000,799420000,69410000,131350000,379560000,2500000000,40,24,87,151,31560000,-12070000,19140000,-5090000,-33540000,0,-1,-8,-5,-14
1_449,1177680000,717870000,153940000,12560000,437950000,2500000000,35,30,89,154,1151500000,661670000,224980000,13800000,448050000,2500000000,32,27,87,146,-26180000,-56200000,71040000,1240000,10100000,0,-3,-3,-2,-8
1_450,1182650000,266250000,43410000,556560000,451130000,2500000000,46,22,84,152,1195970000,261440000,51140000,544690000,446760000,2500000000,47,21,84,152,13320000,-4810000,7730000,-11870000,-4370000,0,1,-1,0,0
1_451,1122500000,545770000,15500000,226720000,589510000,2500000000,45,25,82,152,1156930000,546160000,22260000,216690000,557960000,2500000000,46,23,85,154,34430000,390000,6760000,-10030000,-31550000,0,1,-2,3,2
1_452,1084700000,780220000,152280000,348840000,133960000,2500000000,43,25,92,160,1087380000,762680000,182130000,344700000,123110000,2500000000,44,27,90,161,2680000,-17540000,29850000,-4140000,-10850000,0,1,2,-2,1
1_453,1118820000,598190000,217280000,375980000,189730000,2500000000,43,24,89,156,1126870000,563680000,261680000,367010000,180760000,2500000000,47,20,86,153,8050000,-34510000,44400000,-8970000,-8970000,0,4,-4,-3,-3
1_454,1320280000,404490000,65970000,602720000,106540000,2500000000,45,26,83,154,1324310000,398270000,77300000,594570000,105550000,2500000000,47,25,89,161,4030000,-6220000,11330000,-8150000,-990000,0,2,-1,6,7
1_455,1096980000,599850000,253960000,404620000,144590000,2500000000,46,23,81,150,1097080000,576280000,288350000,396830000,141460000,2500000000,48,24,93,165,100000,-23570000,34390000,-7790000,-3130000,0,2,1,12,15
1_456,982430000,918280000,73340000,488010000,37940000,2500000000,32,25,82,139,973480000,914980000,83370000,478040000,50130000,2500000000,34,22,90,146,-8950000,-3300000,10030000,-9970000,12190000,0,2,-3,8,7
1_457,1078720000,745450000,140470000,482890000,52470000,2500000000,37,22,81,140,1092550000,743160000,164050000,464870000,35370000,2500000000,41,24,92,157,13830000,-2290000,23580000,-18020000,-17100000,0,4,2,11,17
1_458,403720000,1217580000,45710000,809180000,23810000,2500000000,30,26,76,132,418530000,1222930000,52240000,795260000,11040000,2500000000,28,21,71,120,14810000,5350000,6530000,-13920000,-12770000,0,-2,-5,-5,-12
1_459,397580000,1367530000,57240000,666650000,11000000,2500000000,30,26,75,131,403310000,1364070000,75570000,647620000,9430000,2500000000,30,25,77,132,5730000,-3460000,18330000,-19030000,-1570000,0,0,-1,2,1
1_460,345130000,1932740000,134290000,67820000,20020000,2500000000,30,26,74,130,345260000,1926680000,149140000,64620000,14300000,2500000000,27,20,76,123,130000,-6060000,14850000,-3200000,-5720000,0,-3,-6,2,-7
1_461,254060000,2117850000,48020000,65890000,14180000,2500000000,28,24,73,125,252770000,2112530000,57450000,61410000,15840000,2500000000,29,26,72,127,-1290000,-5320000,9430000,-4480000,1660000,0,1,2,-1,2
1_462,357080000,1041620000,180830000,770260000,150210000,2500000000,30,39,90,159,357620000,1020320000,222460000,752980000,146620000,2500000000,27,36,86,149,540000,-21300000,41630000,-17280000,-3590000,0,-3,-3,-4,-10
1_463,412650000,969230000,58730000,1036340000,23050000,2500000000,29,24,71,124,431130000,980800000,73890000,1004750000,9430000,2500000000,29,23,66,118,18480000,11570000,15160000,-31590000,-13620000,0,0,-1,-5,-6
1_464,581230000,1215880000,266780000,362990000,73120000,2500000000,30,27,80,137,584670000,1194500000,301440000,348670000,70720000,2500000000,28,35,80,143,3440000,-21380000,34660000,-14320000,-2400000,0,-2,8,0,6
1_465,527000000,1657840000,192490000,95500000,27170000,2500000000,28,23,71,122,527480000,1634260000,225940000,86990000,25330000,2500000000,26,24,72,122,480000,-23580000,33450000,-8510000,-1840000,0,-2,1,1,0
1_466,63380000,713050000,58810000,121900000,1341740000,2298880000,19,23,66,108,63180000,705630000,69390000,118430000,1342250000,2298880000,24,23,64,111,-200000,-7420000,10580000,-3470000,510000,0,5,0,-2,3
1_467,292750000,1121130000,109200000,487080000,489840000,2500000000,28,31,80,139,296090000,1129620000,121410000,467270000,485610000,2500000000,26,25,76,127,3340000,8490000,12210000,-19810000,-4230000,0,-2,-6,-4,-12
1_468,335080000,1196660000,319490000,569570000,79200000,2500000000,29,32,79,140,278910000,839480000,328920000,953930000,98760000,2500000000,28,32,75,135,-56170000,-357180000,9430000,384360000,19560000,0,-1,0,-4,-5
1_469,125620000,283230000,104940000,327220000,1399900000,2240910000,28,37,78,143,88480000,202570000,104480000,443510000,1401870000,2240910000,25,32,72,129,-37140000,-80660000,-460000,116290000,1970000,0,-3,-5,-6,-14
1_470,111680000,935580000,157570000,123290000,1171880000,2500000000,27,32,83,142,99760000,787050000,194610000,233350000,1185230000,2500000000,24,34,75,133,-11920000,-148530000,37040000,110060000,13350000,0,-3,2,-8,-9
1_471,53760000,2148770000,167920000,117950000,11600000,2500000000,29,32,76,137,60450000,1960910000,223660000,246460000,8520000,2500000000,24,36,74,134,6690000,-187860000,55740000,128510000,-3080000,0,-5,4,-2,-3
1_472,80530000,1478900000,527730000,189210000,223630000,2500000000,25,30,77,132,64570000,1210400000,603050000,351470000,270510000,2500000000,28,34,72,134,-15960000,-268500000,75320000,162260000,46880000,0,3,4,-5,2
1_473,45670000,899370000,71360000,85850000,1360460000,2462710000,29,40,84,153,61970000,782360000,93820000,146590000,1377970000,2462710000,28,37,78,143,16300000,-117010000,22460000,60740000,17510000,0,-1,-3,-6,-10
1_474,9450000,335180000,33490000,40550000,2041640000,2460310000,18,27,59,104,9980000,298230000,50790000,54180000,2047130000,2460310000,17,31,65,113,530000,-36950000,17300000,13630000,5490000,0,-1,4,6,9
1_475,162070000,2035810000,114800000,119750000,67570000,2500000000,31,38,83,152,191190000,1912840000,151360000,184050000,60560000,2500000000,32,38,83,153,29120000,-122970000,36560000,64300000,-7010000,0,1,0,0,1
1_476,49310000,721000000,33820000,14560000,1431070000,2249760000,28,34,80,142,60010000,615100000,48270000,85640000,1440740000,2249760000,24,34,81,139,10700000,-105900000,14450000,71080000,9670000,0,-4,0,1,-3
1_477,112570000,2108030000,128760000,128070000,22570000,2500000000,31,40,84,155,115500000,1807610000,182160000,358250000,36480000,2500000000,27,33,72,132,2930000,-300420000,53400000,230180000,13910000,0,-4,-7,-12,-23
1_478,588180000,1571210000,273850000,47590000,19170000,2500000000,28,25,74,127,582400000,1559040000,297910000,43070000,17580000,2500000000,33,28,83,144,-5780000,-12170000,24060000,-4520000,-1590000,0,5,3,9,17
1_479,436710000,1811520000,158480000,52280000,41010000,2500000000,31,24,80,135,426660000,1762880000,206660000,51250000,52550000,2500000000,33,30,78,141,-10050000,-48640000,48180000,-1030000,11540000,0,2,6,-2,6
1_480,798960000,1148650000,455160000,21150000,76080000,2500000000,32,25,83,140,795090000,1102670000,501170000,22570000,78500000,2500000000,34,29,88,151,-3870000,-45980000,46010000,1420000,2420000,0,2,4,5,11
1_481,430230000,1820940000,106660000,109270000,32900000,2500000000,32,26,80,138,437150000,1800920000,132030000,100340000,29560000,2500000000,32,26,81,139,6920000,-20020000,25370000,-8930000,-3340000,0,0,0,1,1
1_482,351160000,1592880000,132310000,408620000,15030000,2500000000,27,25,70,122,349980000,1591790000,153390000,389160000,15680000,2500000000,26,23,72,121,-1180000,-1090000,21080000,-19460000,650000,0,-1,-2,2,-1
1_483,638260000,1519500000,221770000,53720000,66750000,2500000000,30,27,85,142,641890000,1501060000,250300000,46530000,60220000,2500000000,34,25,86,145,3630000,-18440000,28530000,-7190000,-6530000,0,4,-2,1,3
1_484,141090000,828340000,104690000,227760000,1194210000,2496090000,32,41,96,169,137940000,831840000,114180000,214490000,1197640000,2496090000,31,41,91,163,-3150000,3500000,9490000,-13270000,3430000,0,-1,0,-5,-6
1_485,298590000,1753850000,124660000,286330000,36570000,2500000000,29,29,81,139,300600000,1767600000,136370000,262550000,32880000,2500000000,27,25,75,127,2010000,13750000,11710000,-23780000,-3690000,0,-2,-4,-6,-12
1_486,107860000,1820420000,350300000,178710000,42710000,2500000000,25,26,75,126,109600000,1778680000,394730000,178820000,38170000,2500000000,25,29,72,126,1740000,-41740000,44430000,110000,-4540000,0,0,3,-3,0
1_487,145440000,2112010000,145130000,29840000,67580000,2500000000,24,29,79,132,145330000,2086380000,170160000,30730000,67400000,2500000000,29,30,80,139,-110000,-25630000,25030000,890000,-180000,0,5,1,1,7
1_488,55830000,802280000,101280000,116860000,1409700000,2485950000,30,36,87,153,58510000,793100000,122480000,102120000,1409740000,2485950000,29,37,87,153,2680000,-9180000,21200000,-14740000,40000,0,-1,1,0,0
1_489,63180000,2062850000,209250000,150180000,14540000,2500000000,25,33,80,138,64990000,2020230000,250500000,150850000,13430000,2500000000,29,40,84,153,1810000,-42620000,41250000,670000,-1110000,0,4,7,4,15
1_490,19350000,414310000,58610000,129870000,1363660000,1985800000,18,30,75,123,24440000,345990000,77900000,167070000,1370400000,1985800000,20,32,71,123,5090000,-68320000,19290000,37200000,6740000,0,2,2,-4,0
1_491,402680000,1918660000,88820000,24470000,65370000,2500000000,29,26,77,132,406470000,1901560000,95170000,21530000,75270000,2500000000,31,30,87,148,3790000,-17100000,6350000,-2940000,9900000,0,2,4,10,16
1_492,636840000,1672470000,102500000,36150000,52040000,2500000000,33,28,90,151,649260000,1655660000,117780000,35440000,41860000,2500000000,33,24,85,142,12420000,-16810000,15280000,-710000,-10180000,0,0,-4,-5,-9
1_493,232160000,2074300000,100880000,53060000,39600000,2500000000,30,28,77,135,217830000,2061840000,113840000,23440000,83050000,2500000000,29,28,83,140,-14330000,-12460000,12960000,-29620000,43450000,0,-1,0,6,5
1_494,785700000,1412910000,86920000,175160000,39310000,2500000000,29,25,81,135,788380000,1402180000,101930000,170120000,37390000,2500000000,30,29,86,145,2680000,-10730000,15010000,-5040000,-1920000,0,1,4,5,10
1_495,738790000,1431280000,153690000,123340000,52900000,2500000000,31,34,85,150,743540000,1417980000,171080000,119040000,48360000,2500000000,31,31,87,149,4750000,-13300000,17390000,-4300000,-4540000,0,0,-3,2,-1
1_496,547500000,1700210000,99310000,129980000,23000000,2500000000,27,20,68,115,552540000,1692020000,109960000,126930000,18550000,2500000000,29,24,78,131,5040000,-8190000,10650000,-3050000,-4450000,0,2,4,10,16
1_497,317550000,1916500000,120880000,98020000,47050000,2500000000,31,33,85,149,324070000,1895270000,145500000,86890000,48270000,2500000000,29,25,88,142,6520000,-21230000,24620000,-11130000,1220000,0,-2,-8,3,-7
1_498,485860000,1806370000,95820000,42370000,69580000,2500000000,30,29,83,142,504120000,1791320000,110050000,41860000,52650000,2500000000,29,27,82,138,18260000,-15050000,14230000,-510000,-16930000,0,-1,-2,-1,-4
1_499,201650000,1555510000,417560000,241950000,83330000,2500000000,30,31,81,142,216930000,1508320000,482570000,227120000,65060000,2500000000,31,32,85,148,15280000,-47190000,65010000,-14830000,-18270000,0,1,1,4,6
1_500,140740000,2025420000,161340000,153640000,18860000,2500000000,24,26,80,130,142190000,2024170000,173970000,140250000,19420000,2500000000,29,29,79,137,1450000,-1250000,12630000,-13390000,560000,0,5,3,-1,7
1_501,375320000,1069370000,424690000,559900000,70720000,2500000000,31,26,73,130,388770000,1069500000,437660000,548740000,55330000,2500000000,34,28,82,144,13450000,130000,12970000,-11160000,-15390000,0,3,2,9,14
1_502,476980000,939490000,113610000,955750000,14170000,2500000000,34,25,78,137,478330000,952950000,119250000,934730000,14740000,2500000000,34,28,86,148,1350000,13460000,5640000,-21020000,570000,0,0,3,8,11
1_503,59620000,1336750000,361070000,203650000,538910000,2500000000,25,38,86,149,61750000,1315680000,375150000,207590000,539830000,2500000000,33,41,89,163,2130000,-21070000,14080000,3940000,920000,0,8,3,3,14
1_504,51250000,1557310000,709380000,156870000,25190000,2500000000,24,27,73,124,51660000,1524720000,744210000,155830000,23580000,2500000000,32,29,80,141,410000,-32590000,34830000,-1040000,-1610000,0,8,2,7,17
1_505,94560000,1310090000,553570000,113800000,427980000,2500000000,28,39,86,153,97840000,1262810000,587530000,123480000,428340000,2500000000,37,43,91,171,3280000,-47280000,33960000,9680000,360000,0,9,4,5,18
1_506,23970000,124570000,282460000,167470000,1595780000,2194250000,25,36,84,145,26330000,102840000,329390000,142000000,1593690000,2194250000,32,36,79,147,2360000,-21730000,46930000,-25470000,-2090000,0,7,0,-5,2
1_507,34030000,1203980000,202410000,97420000,962160000,2500000000,31,39,84,154,49590000,1145740000,236940000,105950000,961780000,2500000000,37,42,91,170,15560000,-58240000,34530000,8530000,-380000,0,6,3,7,16
1_508,695660000,1363730000,72070000,213820000,154720000,2500000000,32,27,90,149,701700000,1348660000,93470000,201250000,154920000,2500000000,32,34,92,158,6040000,-15070000,21400000,-12570000,200000,0,0,7,2,9
1_509,1118260000,1170420000,45240000,139430000,26650000,2500000000,29,23,78,130,1110530000,1166090000,56740000,135010000,31630000,2500000000,31,22,84,137,-7730000,-4330000,11500000,-4420000,4980000,0,2,-1,6,7
1_510,985120000,1030260000,44620000,326470000,113530000,2500000000,32,23,82,137,1038580000,1035250000,54560000,316690000,54920000,2500000000,33,22,78,133,53460000,4990000,9940000,-9780000,-58610000,0,1,-1,-4,-4
1_511,882350000,826260000,61660000,700850000,28880000,2500000000,26,20,71,117,884940000,840260000,74870000,674940000,24990000,2500000000,29,19,75,123,2590000,14000000,13210000,-25910000,-3890000,0,3,-1,4,6
1_512,510540000,1246370000,43180000,609140000,90770000,2500000000,35,31,88,154,536950000,1263930000,46020000,590270000,62830000,2500000000,35,29,90,154,26410000,17560000,2840000,-18870000,-27940000,0,0,-2,2,0
1_513,445990000,1624530000,68660000,206280000,154540000,2500000000,33,29,87,149,464810000,1630430000,76420000,195640000,132700000,2500000000,33,30,96,159,18820000,5900000,7760000,-10640000,-21840000,0,0,1,9,10
1_514,733190000,1028530000,107290000,580600000,50390000,2500000000,35,30,84,149,743180000,1054930000,126090000,537940000,37860000,2500000000,33,29,90,152,9990000,26400000,18800000,-42660000,-12530000,0,-2,-1,6,3
1_515,827950000,1089990000,56170000,414370000,111520000,2500000000,34,27,86,147,885510000,1119740000,64180000,383510000,47060000,2500000000,35,26,93,154,57560000,29750000,8010000,-30860000,-64460000,0,1,-1,7,7
1_516,624160000,1186240000,443880000,201800000,43920000,2500000000,28,20,70,118,629750000,1170110000,458800000,198600000,42740000,2500000000,32,27,75,134,5590000,-16130000,14920000,-3200000,-1180000,0,4,7,5,16
1_517,1369850000,394060000,138860000,547560000,49670000,2500000000,38,26,82,146,1359770000,402180000,152650000,524580000,60820000,2500000000,42,22,79,143,-10080000,8120000,13790000,-22980000,11150000,0,4,-4,-3,-3
1_518,1131040000,677740000,189520000,464910000,36790000,2500000000,34,19,70,123,1115020000,673160000,193530000,463360000,54930000,2500000000,38,19,69,126,-16020000,-4580000,4010000,-1550000,18140000,0,4,0,-1,3
1_519,1172050000,697070000,114240000,483560000,33080000,2500000000,35,20,77,132,1155170000,692010000,123740000,479170000,49910000,2500000000,38,22,76,136,-16880000,-5060000,9500000,-4390000,16830000,0,3,2,-1,4
1_520,359000000,930410000,738630000,403740000,68220000,2500000000,27,32,77,136,358030000,924580000,750240000,401400000,65750000,2500000000,34,36,81,151,-970000,-5830000,11610000,-2340000,-2470000,0,7,4,4,15
1_521,491460000,1219960000,442530000,152090000,193960000,2500000000,31,37,85,153,487090000,1186940000,478300000,144780000,202890000,2500000000,39,39,89,167,-4370000,-33020000,35770000,-7310000,8930000,0,8,2,4,14
1_522,237610000,1268880000,741420000,174470000,77620000,2500000000,35,30,81,146,240360000,1247180000,765920000,169080000,77460000,2500000000,40,32,89,161,2750000,-21700000,24500000,-5390000,-160000,0,5,2,8,15
1_523,37020000,398510000,545250000,1299040000,220180000,2500000000,30,37,87,154,40010000,337890000,654130000,1219840000,248130000,2500000000,36,42,88,166,2990000,-60620000,108880000,-79200000,27950000,0,6,5,1,12
1_524,209280000,1236130000,413440000,476700000,164450000,2500000000,31,40,91,162,210600000,1143490000,487180000,455170000,203560000,2500000000,37,41,93,171,1320000,-92640000,73740000,-21530000,39110000,0,6,1,2,9
1_525,699640000,533300000,332780000,707870000,226410000,2500000000,37,37,85,159,700000000,525300000,385500000,660820000,228380000,2500000000,40,44,91,175,360000,-8000000,52720000,-47050000,1970000,0,3,7,6,16
1_526,285040000,1334940000,396040000,403310000,80670000,2500000000,28,42,85,155,282880000,1295390000,462510000,361410000,97810000,2500000000,37,45,86,168,-2160000,-39550000,66470000,-41900000,17140000,0,9,3,1,13
1_527,13320000,362980000,44950000,120440000,1958310000,2500000000,23,37,83,143,14670000,355860000,55010000,117150000,1957310000,2500000000,26,36,86,148,1350000,-7120000,10060000,-3290000,-1000000,0,3,-1,3,5
1_528,75610000,438160000,412780000,733360000,840090000,2500000000,30,38,86,154,72780000,407990000,474650000,698610000,845970000,2500000000,35,38,85,158,-2830000,-30170000,61870000,-34750000,5880000,0,5,0,-1,4
1_529,35510000,126060000,120610000,1394570000,823250000,2500000000,27,35,86,148,36720000,134710000,145610000,1339520000,843440000,2500000000,34,41,86,161,1210000,8650000,25000000,-55050000,20190000,0,7,6,0,13
1_530,245640000,908860000,148930000,318420000,878150000,2500000000,37,42,96,175,241260000,917970000,193010000,248650000,899110000,2500000000,40,43,95,178,-4380000,9110000,44080000,-69770000,20960000,0,3,1,-1,3
1_531,3500000,170320000,25610000,337790000,1961100000,2498320000,21,36,82,139,4460000,178220000,30180000,321230000,1964230000,2498320000,31,39,87,157,960000,7900000,4570000,-16560000,3130000,0,10,3,5,18
1_532,685710000,806860000,171950000,677830000,157650000,2500000000,33,27,82,142,729790000,810290000,200180000,655390000,104350000,2500000000,32,24,83,139,44080000,3430000,28230000,-22440000,-53300000,0,-1,-3,1,-3
1_533,967030000,633440000,67910000,797490000,34130000,2500000000,32,22,76,130,975380000,623670000,82780000,793140000,25030000,2500000000,34,19,83,136,8350000,-9770000,14870000,-4350000,-9100000,0,2,-3,7,6
1_534,108460000,282770000,10450000,15240000,1965560000,2382480000,39,33,85,157,108100000,282300000,11920000,15120000,1965040000,2382480000,31,30,70,131,-360000,-470000,1470000,-120000,-520000,0,-8,-3,-15,-26
1_535,33000000,130950000,42750000,28940000,2192310000,2427950000,33,34,89,156,32610000,129250000,46130000,28900000,2191060000,2427950000,29,29,76,134,-390000,-1700000,3380000,-40000,-1250000,0,-4,-5,-13,-22
1_536,0,15670000,0,0,1463900000,1479570000,9,29,61,99,0,15670000,0,0,1463900000,1479570000,14,28,57,99,0,0,0,0,0,0,5,-1,-4,0
1_537,765180000,261830000,7860000,37540000,1427590000,2500000000,37,29,86,152,759080000,261390000,8320000,37570000,1433640000,2500000000,38,29,70,137,-6100000,-440000,460000,30000,6050000,0,1,0,-16,-15
1_538,349260000,597940000,117150000,96270000,1339380000,2500000000,38,38,98,174,349430000,587950000,130200000,95820000,1336600000,2500000000,41,36,90,167,170000,-9990000,13050000,-450000,-2780000,0,3,-2,-8,-7
1_539,661800000,139270000,100880000,2200000,1595850000,2500000000,37,30,71,138,660700000,138190000,105210000,2220000,1593680000,2500000000,38,27,71,136,-1100000,-1080000,4330000,20000,-2170000,0,1,-3,0,-2
1_540,518910000,214960000,28710000,8910000,1728510000,2500000000,35,29,83,147,513630000,215760000,31280000,8910000,1730420000,2500000000,32,27,78,137,-5280000,800000,2570000,0,1910000,0,-3,-2,-5,-10
1_541,609790000,86350000,940000,9690000,1793230000,2500000000,34,28,73,135,609610000,86340000,1100000,9690000,1793260000,2500000000,31,28,70,129,-180000,-10000,160000,0,30000,0,-3,0,-3,-6
1_542,1154460000,431960000,182640000,507380000,223560000,2500000000,44,22,80,146,1168520000,416040000,206470000,497780000,211190000,2500000000,45,21,83,149,14060000,-15920000,23830000,-9600000,-12370000,0,1,-1,3,3
1_543,698210000,270610000,74460000,4410000,1452310000,2500000000,35,27,72,134,695800000,269280000,79280000,4360000,1451280000,2500000000,33,30,76,139,-2410000,-1330000,4820000,-50000,-1030000,0,-2,3,4,5
1_544,193330000,88850000,5260000,4240000,2208320000,2500000000,38,31,87,156,193230000,88850000,5670000,4240000,2208010000,2500000000,35,23,61,119,-100000,0,410000,0,-310000,0,-3,-8,-26,-37
1_545,554400000,127030000,9260000,440000,1808870000,2500000000,36,28,78,142,553710000,127030000,9510000,440000,1809310000,2500000000,33,28,69,130,-690000,0,250000,0,440000,0,-3,0,-9,-12
1_546,640000,19720000,550000,2260000,1739640000,1762810000,37,33,87,157,640000,19720000,550000,2260000,1739640000,1762810000,25,23,69,117,0,0,0,0,0,0,-12,-10,-18,-40
1_547,428420000,252430000,130960000,4470000,1683720000,2500000000,27,20,78,125,414420000,238640000,149250000,4740000,1692950000,2500000000,29,24,80,133,-14000000,-13790000,18290000,270000,9230000,0,2,4,2,8
1_548,985620000,500350000,27600000,241130000,745300000,2500000000,44,32,85,161,1040180000,493340000,39320000,238870000,688290000,2500000000,43,27,89,159,54560000,-7010000,11720000,-2260000,-57010000,0,-1,-5,4,-2
1_549,1297450000,574060000,97640000,99390000,431460000,2500000000,36,29,79,144,1238490000,549960000,141510000,109440000,460600000,2500000000,33,24,79,136,-58960000,-24100000,43870000,10050000,29140000,0,-3,-5,0,-8
1_550,403780000,91210000,11430000,592050000,1401530000,2500000000,42,22,73,137,425610000,90270000,14990000,576050000,1393080000,2500000000,43,18,68,129,21830000,-940000,3560000,-16000000,-8450000,0,1,-4,-5,-8
1_551,885740000,441360000,36110000,421220000,715570000,2500000000,39,24,81,144,907330000,440130000,42190000,414850000,695500000,2500000000,47,21,84,152,21590000,-1230000,6080000,-6370000,-20070000,0,8,-3,3,8
1_552,975480000,236230000,72140000,645120000,571030000,2500000000,39,17,70,126,1014620000,225930000,87220000,623310000,548920000,2500000000,45,21,84,150,39140000,-10300000,15080000,-21810000,-22110000,0,6,4,14,24
1_553,1228220000,71980000,4480000,535770000,659550000,2500000000,43,21,77,141,1310080000,64310000,6170000,523360000,596080000,2500000000,44,18,75,137,81860000,-7670000,1690000,-12410000,-63470000,0,1,-3,-2,-4
1_554,802800000,214440000,307660000,154190000,1020910000,2500000000,37,22,86,145,751150000,186960000,352150000,154500000,1055240000,2500000000,37,23,83,143,-51650000,-27480000,44490000,310000,34330000,0,0,1,-3,-2
1_555,1150230000,123590000,39300000,482890000,703990000,2500000000,42,21,77,140,1155640000,124580000,44390000,324250000,851140000,2500000000,45,19,70,134,5410000,990000,5090000,-158640000,147150000,0,3,-2,-7,-6
1_556,68270000,37900000,133720000,11850000,1648080000,1899820000,24,16,64,104,69600000,25090000,147830000,11300000,1646000000,1899820000,29,18,72,119,1330000,-12810000,14110000,-550000,-2080000,0,5,2,8,15
1_557,811470000,34750000,28190000,678790000,946800000,2500000000,41,23,74,138,832480000,39240000,34400000,451850000,1142030000,2500000000,44,17,69,130,21010000,4490000,6210000,-226940000,195230000,0,3,-6,-5,-8
1_558,607580000,63370000,16370000,688110000,1124570000,2500000000,39,22,73,134,636190000,58860000,18780000,492570000,1293600000,2500000000,38,16,71,125,28610000,-4510000,2410000,-195540000,169030000,0,-1,-6,-2,-9
1_559,674390000,1239160000,271710000,181430000,133310000,2500000000,43,24,90,157,660220000,1211800000,305020000,63510000,259450000,2500000000,43,21,88,152,-14170000,-27360000,33310000,-117920000,126140000,0,0,-3,-2,-5
1_560,924310000,1016870000,69120000,276760000,212940000,2500000000,37,19,78,134,913430000,998440000,89230000,81010000,417890000,2500000000,42,20,83,145,-10880000,-18430000,20110000,-195750000,204950000,0,5,1,5,11
1_561,658470000,68480000,70830000,638230000,1063990000,2500000000,46,17,77,140,679890000,72440000,77770000,555090000,1114810000,2500000000,45,17,79,141,21420000,3960000,6940000,-83140000,50820000,0,-1,0,2,1
1_562,547130000,51070000,37770000,769260000,1094770000,2500000000,42,16,68,126,573650000,56500000,40870000,718080000,1110900000,2500000000,39,17,74,130,26520000,5430000,3100000,-51180000,16130000,0,-3,1,6,4
1_563,566490000,110760000,35600000,495670000,1291480000,2500000000,40,19,74,133,560470000,129780000,37640000,241310000,1530800000,2500000000,41,16,74,131,-6020000,19020000,2040000,-254360000,239320000,0,1,-3,0,-2
1_564,658250000,307660000,58580000,581940000,893570000,2500000000,44,22,85,151,641600000,281420000,70710000,210930000,1295340000,2500000000,39,17,75,131,-16650000,-26240000,12130000,-371010000,401770000,0,-5,-5,-10,-20
1_565,648910000,1282890000,191460000,148290000,228450000,2500000000,49,30,95,174,640210000,1210870000,210020000,209350000,229550000,2500000000,48,30,94,172,-8700000,-72020000,18560000,61060000,1100000,0,-1,0,-1,-2
1_566,979300000,219240000,168680000,479930000,652850000,2500000000,48,28,91,167,980110000,217910000,182550000,478370000,641060000,2500000000,47,26,93,166,810000,-1330000,13870000,-1560000,-11790000,0,-1,-2,2,-1
1_567,702720000,729960000,167500000,725070000,174750000,2500000000,46,24,84,154,646080000,670430000,177910000,711180000,294400000,2500000000,48,24,83,155,-56640000,-59530000,10410000,-13890000,119650000,0,2,0,-1,1
1_568,730830000,166630000,111220000,705470000,785850000,2500000000,46,23,88,157,595110000,174580000,117290000,602870000,1010150000,2500000000,46,19,85,150,-135720000,7950000,6070000,-102600000,224300000,0,0,-4,-3,-7
1_569,1213880000,658020000,197610000,386700000,43790000,2500000000,41,25,88,154,1209080000,606010000,236980000,396160000,51770000,2500000000,40,23,83,146,-4800000,-52010000,39370000,9460000,7980000,0,-1,-2,-5,-8
1_570,974330000,654020000,91540000,679530000,100580000,2500000000,44,25,87,156,983190000,579200000,100330000,747040000,90240000,2500000000,43,19,80,142,8860000,-74820000,8790000,67510000,-10340000,0,-1,-6,-7,-14
1_571,836480000,1177890000,321130000,99290000,65210000,2500000000,42,26,89,157,846320000,1118110000,377750000,104030000,53790000,2500000000,41,32,90,163,9840000,-59780000,56620000,4740000,-11420000,0,-1,6,1,6
1_572,966290000,993740000,239050000,228240000,72680000,2500000000,45,28,85,158,933110000,992900000,249030000,240080000,84880000,2500000000,48,27,89,164,-33180000,-840000,9980000,11840000,12200000,0,3,-1,4,6
1_573,945450000,242290000,53140000,159340000,1099780000,2500000000,36,22,75,133,944110000,269240000,55180000,101930000,1129540000,2500000000,35,21,72,128,-1340000,26950000,2040000,-57410000,29760000,0,-1,-1,-3,-5
1_574,540690000,1794640000,107610000,44170000,12890000,2500000000,23,20,77,120,517880000,1795080000,130910000,41300000,14830000,2500000000,24,16,76,116,-22810000,440000,23300000,-2870000,1940000,0,1,-4,-1,-4
1_575,1071490000,1169080000,58510000,112840000,88080000,2500000000,27,20,80,127,1064310000,1190360000,69110000,94390000,81830000,2500000000,25,16,69,110,-7180000,21280000,10600000,-18450000,-6250000,0,-2,-4,-11,-17
1_576,208420000,2096040000,109450000,8300000,77790000,2500000000,26,28,82,136,190850000,2074520000,133470000,5330000,95830000,2500000000,20,25,84,129,-17570000,-21520000,24020000,-2970000,18040000,0,-6,-3,2,-7
1_577,935500000,470460000,114120000,78790000,901130000,2500000000,32,19,67,118,935320000,478700000,118770000,63370000,903840000,2500000000,31,16,65,112,-180000,8240000,4650000,-15420000,2710000,0,-1,-3,-2,-6
1_578,1063900000,86870000,38180000,396340000,914710000,2500000000,43,20,73,136,1041540000,82170000,60100000,180050000,1136140000,2500000000,43,13,66,122,-22360000,-4700000,21920000,-216290000,221430000,0,0,-7,-7,-14
1_579,397640000,1747120000,148820000,80390000,126030000,2500000000,34,31,93,158,396060000,1708930000,174090000,59150000,161770000,2500000000,33,30,90,153,-1580000,-38190000,25270000,-21240000,35740000,0,-1,-1,-3,-5
1_580,1136500000,491590000,503140000,46020000,322750000,2500000000,37,24,86,147,1110260000,485770000,545500000,30970000,327500000,2500000000,41,24,88,153,-26240000,-5820000,42360000,-15050000,4750000,0,4,0,2,6
1_581,194110000,1986570000,247820000,7430000,64070000,2500000000,24,28,75,127,183600000,1961030000,272590000,4360000,78420000,2500000000,26,24,80,130,-10510000,-25540000,24770000,-3070000,14350000,0,2,-4,5,3
1_582,787970000,60590000,46720000,850550000,754170000,2500000000,42,18,73,133,724880000,182280000,47990000,650160000,894690000,2500000000,45,19,81,145,-63090000,121690000,1270000,-200390000,140520000,0,3,1,8,12
1_583,662560000,70860000,43990000,477650000,1244940000,2500000000,43,19,78,140,594390000,61630000,58730000,362350000,1422900000,2500000000,45,15,76,136,-68170000,-9230000,14740000,-115300000,177960000,0,2,-4,-2,-4
1_584,413860000,11880000,24180000,769640000,1280440000,2500000000,40,17,69,126,402410000,27610000,25530000,707570000,1336880000,2500000000,43,20,72,135,-11450000,15730000,1350000,-62070000,56440000,0,3,3,3,9
1_585,1290410000,59780000,69790000,389520000,690500000,2500000000,41,18,82,141,1270130000,78660000,71810000,203000000,876400000,2500000000,47,20,86,153,-20280000,18880000,2020000,-186520000,185900000,0,6,2,4,12
1_586,1322210000,644120000,218350000,278410000,36910000,2500000000,43,23,81,147,1301920000,503400000,236430000,413480000,44770000,2500000000,47,22,80,149,-20290000,-140720000,18080000,135070000,7860000,0,4,-1,-1,2
1_587,802090000,1107680000,286630000,226320000,77280000,2500000000,45,23,82,150,794460000,1120330000,297100000,207770000,80340000,2500000000,48,23,84,155,-7630000,12650000,10470000,-18550000,3060000,0,3,0,2,5
1_588,833730000,1194070000,301570000,115830000,54800000,2500000000,37,25,80,142,842490000,1061330000,324970000,223770000,47440000,2500000000,42,22,87,151,8760000,-132740000,23400000,107940000,-7360000,0,5,-3,7,9
1_589,718900000,642860000,317270000,453870000,367100000,2500000000,48,31,87,166,714450000,680780000,325300000,409320000,370150000,2500000000,48,29,90,167,-4450000,37920000,8030000,-44550000,3050000,0,0,-2,3,1
1_590,633040000,239710000,134950000,10020000,1439280000,2457000000,21,23,67,111,629000000,238150000,142810000,13610000,1433430000,2457000000,35,21,75,131,-4040000,-1560000,7860000,3590000,-5850000,0,14,-2,8,20
1_591,616460000,1637090000,73670000,31130000,141650000,2500000000,32,28,87,147,597670000,1616530000,86150000,19730000,179920000,2500000000,34,28,92,154,-18790000,-20560000,12480000,-11400000,38270000,0,2,0,5,7
1_592,1559230000,279470000,42980000,110600000,507720000,2500000000,33,17,76,126,1550980000,281200000,42230000,90970000,534620000,2500000000,30,14,71,115,-8250000,1730000,-750000,-19630000,26900000,0,-3,-3,-5,-11
1_593,285200000,1986480000,119940000,2800000,105580000,2500000000,18,25,75,118,243830000,1966070000,144260000,5060000,140780000,2500000000,27,26,87,140,-41370000,-20410000,24320000,2260000,35200000,0,9,1,12,22
1_594,1590510000,654800000,21390000,61820000,171480000,2500000000,27,20,70,117,1606910000,654120000,22760000,58620000,157590000,2500000000,33,16,65,114,16400000,-680000,1370000,-3200000,-13890000,0,6,-4,-5,-3
1_595,1053170000,552140000,469520000,179350000,245820000,2500000000,45,26,90,161,1024410000,578300000,506500000,111330000,279460000,2500000000,45,23,88,156,-28760000,26160000,36980000,-68020000,33640000,0,0,-3,-2,-5
1_596,52900000,1770730000,573630000,69870000,32870000,2500000000,23,23,78,124,34550000,1713660000,627560000,67520000,56710000,2500000000,25,23,75,123,-18350000,-57070000,53930000,-2350000,23840000,0,2,0,-3,-1
1_597,1277210000,399820000,208430000,283270000,331270000,2500000000,44,24,83,151,1239530000,447660000,231950000,208350000,372510000,2500000000,46,22,87,155,-37680000,47840000,23520000,-74920000,41240000,0,2,-2,4,4
1_598,49690000,2154720000,255460000,18360000,21770000,2500000000,26,25,76,127,37280000,2119880000,290270000,17970000,34600000,2500000000,26,22,75,123,-12410000,-34840000,34810000,-390000,12830000,0,0,-3,-1,-4
1_599,759180000,39900000,42400000,941510000,717010000,2500000000,41,17,72,130,690020000,57130000,51870000,790670000,910310000,2500000000,46,14,75,135,-69160000,17230000,9470000,-150840000,193300000,0,5,-3,3,5
1_600,1053810000,92010000,54550000,453220000,846410000,2500000000,41,21,83,145,1031840000,98560000,62750000,309060000,997790000,2500000000,46,18,84,148,-21970000,6550000,8200000,-144160000,151380000,0,5,-3,1,3
1_601,479580000,2000000,23900000,729190000,1265330000,2500000000,36,17,64,117,400140000,8950000,27680000,615840000,1447390000,2500000000,42,15,68,125,-79440000,6950000,3780000,-113350000,182060000,0,6,-2,4,8
1_602,789380000,105240000,30790000,455420000,1119170000,2500000000,40,15,72,127,783390000,121970000,39750000,312080000,1242810000,2500000000,45,18,84,147,-5990000,16730000,8960000,-143340000,123640000,0,5,3,12,20
1_603,485610000,1082000000,272580000,152800000,507010000,2500000000,39,30,83,152,480140000,921750000,293630000,298340000,506140000,2500000000,40,30,90,160,-5470000,-160250000,21050000,145540000,-870000,0,1,0,7,8
1_604,909120000,226340000,167600000,946490000,250450000,2500000000,46,23,75,144,878650000,236710000,177340000,878080000,329220000,2500000000,49,21,82,152,-30470000,10370000,9740000,-68410000,78770000,0,3,-2,7,8
1_605,802060000,192800000,134710000,1283540000,86890000,2500000000,46,28,84,158,798640000,60840000,166370000,1402310000,71840000,2500000000,47,27,85,159,-3420000,-131960000,31660000,118770000,-15050000,0,1,-1,1,1
1_606,861340000,24890000,84550000,954720000,574500000,2500000000,45,20,68,133,853310000,27900000,105900000,949500000,563390000,2500000000,43,21,70,134,-8030000,3010000,21350000,-5220000,-11110000,0,-2,1,2,1
1_607,494860000,538850000,40330000,37940000,1388020000,2500000000,19,23,67,109,501390000,542470000,48050000,35740000,1372350000,2500000000,19,19,69,107,6530000,3620000,7720000,-2200000,-15670000,0,0,-4,2,-2
1_608,1207500000,964320000,25190000,124280000,178710000,2500000000,22,19,63,104,1216750000,996140000,34010000,125340000,127760000,2500000000,24,15,64,103,9250000,31820000,8820000,1060000,-50950000,0,2,-4,1,-1
1_609,394610000,1067080000,29860000,43750000,964700000,2500000000,19,26,74,119,409460000,1089130000,34230000,41680000,925500000,2500000000,18,21,81,120,14850000,22050000,4370000,-2070000,-39200000,0,-1,-5,7,1
1_610,1557750000,601810000,127200000,83360000,129880000,2500000000,26,26,80,132,1541900000,612110000,143750000,70700000,131540000,2500000000,37,29,91,157,-15850000,10300000,16550000,-12660000,1660000,0,11,3,11,25
1_611,569700000,1305830000,153040000,23180000,448250000,2500000000,22,26,73,121,536460000,1284280000,192190000,18610000,468460000,2500000000,24,24,80,128,-33240000,-21550000,39150000,-4570000,20210000,0,2,-2,7,7
1_612,1351520000,835750000,159920000,62960000,89850000,2500000000,30,20,70,120,1343560000,826630000,179890000,50340000,99580000,2500000000,33,20,76,129,-7960000,-9120000,19970000,-12620000,9730000,0,3,0,6,9
1_613,886470000,1406740000,107920000,26070000,72800000,2500000000,18,23,72,113,893740000,1404890000,127550000,20650000,53170000,2500000000,24,16,67,107,7270000,-1850000,19630000,-5420000,-19630000,0,6,-7,-5,-6
1_614,114490000,2142240000,198840000,2340000,42090000,2500000000,20,31,77,128,44820000,2109150000,230960000,1980000,113090000,2500000000,20,25,80,125,-69670000,-33090000,32120000,-360000,71000000,0,0,-6,3,-3
1_615,803950000,1406940000,107440000,44660000,137010000,2500000000,32,19,72,123,803680000,1391890000,117390000,36230000,150810000,2500000000,32,21,82,135,-270000,-15050000,9950000,-8430000,13800000,0,0,2,10,12
1_616,35610000,2312270000,102360000,980000,48780000,2500000000,16,26,65,107,18500000,2292360000,123270000,290000,65580000,2500000000,16,24,76,116,-17110000,-19910000,20910000,-690000,16800000,0,0,-2,11,9
1_617,484980000,1650710000,202040000,44470000,117800000,2500000000,34,26,83,143,483710000,1619160000,226820000,40020000,130290000,2500000000,30,25,86,141,-1270000,-31550000,24780000,-4450000,12490000,0,-4,-1,3,-2
1_618,1449110000,232330000,62100000,261430000,495030000,2500000000,45,20,74,139,1428450000,266610000,66760000,194930000,543250000,2500000000,46,19,73,138,-20660000,34280000,4660000,-66500000,48220000,0,1,-1,-1,-1
1_619,90820000,1850150000,246260000,67500000,245270000,2500000000,27,31,83,141,94710000,1807480000,287090000,66250000,244470000,2500000000,32,26,80,138,3890000,-42670000,40830000,-1250000,-800000,0,5,-5,-3,-3
1_620,1405460000,492890000,132270000,310490000,158890000,2500000000,45,20,76,141,1412780000,471920000,150930000,308240000,156130000,2500000000,44,21,77,142,7320000,-20970000,18660000,-2250000,-2760000,0,-1,1,1,1
1_621,216260000,1934910000,253200000,31240000,64390000,2500000000,20,24,72,116,216350000,1928740000,293880000,32100000,28930000,2500000000,24,21,73,118,90000,-6170000,40680000,860000,-35460000,0,4,-3,1,2
1_622,564340000,81130000,10870000,555430000,1288230000,2500000000,40,18,74,132,551600000,83850000,17380000,380760000,1466410000,2500000000,44,17,78,139,-12740000,2720000,6510000,-174670000,178180000,0,4,-1,4,7
1_623,1084080000,204220000,41230000,538500000,631970000,2500000000,40,16,73,129,1087540000,200940000,46720000,388230000,776570000,2500000000,45,17,77,139,3460000,-3280000,5490000,-150270000,144600000,0,5,1,4,10
1_624,1522080000,409200000,102550000,162170000,304000000,2500000000,40,19,75,134,1528790000,402640000,104810000,117480000,346280000,2500000000,48,20,76,144,6710000,-6560000,2260000,-44690000,42280000,0,8,1,1,10
1_625,935430000,158390000,75930000,983170000,347080000,2500000000,46,24,75,145,986300000,3360000,98690000,1140540000,271110000,2500000000,45,23,79,147,50870000,-155030000,22760000,157370000,-75970000,0,-1,-1,4,2
1_626,837530000,27260000,57730000,684210000,893270000,2500000000,38,12,55,105,841060000,21000000,79390000,684330000,874220000,2500000000,42,17,65,124,3530000,-6260000,21660000,120000,-19050000,0,4,5,10,19
1_627,1238390000,101830000,74880000,541750000,543150000,2500000000,46,25,80,151,1280930000,11660000,78960000,668090000,460360000,2500000000,46,28,77,151,42540000,-90170000,4080000,126340000,-82790000,0,0,3,-3,0
1_628,852720000,69940000,103130000,584380000,889830000,2500000000,41,17,63,121,850970000,74050000,122150000,562270000,890560000,2500000000,45,16,73,134,-1750000,4110000,19020000,-22110000,730000,0,4,-1,10,13
1_629,200090000,888320000,30830000,78760000,1217160000,2415160000,19,19,66,104,204720000,872360000,38150000,43350000,1256580000,2415160000,21,23,77,121,4630000,-15960000,7320000,-35410000,39420000,0,2,4,11,17
1_630,561490000,1606090000,47940000,114640000,169840000,2500000000,21,22,74,117,575720000,1643750000,53900000,102440000,124190000,2500000000,25,20,72,117,14230000,37660000,5960000,-12200000,-45650000,0,4,-2,-2,0
1_631,682090000,1413310000,20150000,160580000,223870000,2500000000,19,22,67,108,728890000,1435370000,23080000,150140000,162520000,2500000000,24,23,73,120,46800000,22060000,2930000,-10440000,-61350000,0,5,1,6,12
1_632,1472740000,819490000,29770000,41280000,136720000,2500000000,28,16,68,112,1473480000,824930000,32540000,38630000,130420000,2500000000,32,14,64,110,740000,5440000,2770000,-2650000,-6300000,0,4,-2,-4,-2
1_633,1292030000,918490000,68790000,61690000,159000000,2500000000,26,17,72,115,1292470000,924620000,81160000,65730000,136020000,2500000000,36,18,73,127,440000,6130000,12370000,4040000,-22980000,0,10,1,1,12
1_634,11460000,2318450000,119960000,1040000,49090000,2500000000,13,20,57,90,9930000,2292730000,143100000,60000,54180000,2500000000,14,22,68,104,-1530000,-25720000,23140000,-980000,5090000,0,1,2,11,14
1_635,72590000,2212650000,94010000,25100000,95650000,2500000000,25,32,83,140,67570000,2184610000,119070000,21630000,107120000,2500000000,21,27,85,133,-5020000,-28040000,25060000,-3470000,11470000,0,-4,-5,2,-7
1_636,807140000,1238870000,211170000,182540000,60280000,2500000000,42,26,82,150,828810000,1162140000,271950000,186950000,50150000,2500000000,43,19,76,138,21670000,-76730000,60780000,4410000,-10130000,0,1,-7,-6,-12
1_637,104700000,2081430000,283030000,1330000,29510000,2500000000,17,14,59,90,116080000,2033440000,333240000,1010000,16230000,2500000000,19,18,62,99,11380000,-47990000,50210000,-320000,-13280000,0,2,4,3,9
1_638,1172300000,82050000,28490000,482010000,735150000,2500000000,42,16,76,134,1175420000,81250000,31650000,404920000,806760000,2500000000,43,17,70,130,3120000,-800000,3160000,-77090000,71610000,0,1,1,-6,-4
1_639,1371270000,265140000,49900000,259120000,554570000,2500000000,45,21,82,148,1394590000,207740000,59530000,267080000,571060000,2500000000,48,19,73,140,23320000,-57400000,9630000,7960000,16490000,0,3,-2,-9,-8
1_640,1475620000,42920000,106270000,704790000,170400000,2500000000,43,17,69,129,1415590000,43110000,135640000,717110000,188550000,2500000000,47,26,79,152,-60030000,190000,29370000,12320000,18150000,0,4,9,10,23
1_641,703450000,14270000,30940000,806990000,944350000,2500000000,42,15,62,119,680840000,14600000,58560000,783460000,962540000,2500000000,41,11,59,111,-22610000,330000,27620000,-23530000,18190000,0,-1,-4,-3,-8
1_642,1035150000,343460000,83610000,963090000,74690000,2500000000,35,20,71,126,1074340000,252850000,106630000,1006450000,59730000,2500000000,41,18,73,132,39190000,-90610000,23020000,43360000,-14960000,0,6,-2,2,6
1_643,898490000,973760000,148960000,443640000,35150000,2500000000,35,20,74,129,969480000,745490000,192550000,563080000,29400000,2500000000,38,18,69,125,70990000,-228270000,43590000,119440000,-5750000,0,3,-2,-5,-4
1_644,1120720000,1023250000,163270000,148500000,44260000,2500000000,37,24,69,130,1156350000,752920000,208610000,324090000,58030000,2500000000,40,20,72,132,35630000,-270330000,45340000,175590000,13770000,0,3,-4,3,2
1_645,1169780000,838360000,95180000,337090000,59590000,2500000000,35,19,67,121,1264620000,588790000,125410000,478070000,43110000,2500000000,37,17,68,122,94840000,-249570000,30230000,140980000,-16480000,0,2,-2,1,1
1_646,255060000,1471790000,557680000,126600000,88870000,2500000000,31,29,77,137,276810000,1327810000,654140000,142820000,98420000,2500000000,36,35,84,155,21750000,-143980000,96460000,16220000,9550000,0,5,6,7,18
1_647,630120000,1133510000,315970000,283680000,136720000,2500000000,36,27,75,138,640730000,958310000,390170000,351510000,159280000,2500000000,40,31,85,156,10610000,-175200000,74200000,67830000,22560000,0,4,4,10,18
1_648,659260000,693590000,640300000,458560000,48290000,2500000000,33,19,66,118,692870000,252330000,745040000,740290000,69470000,2500000000,36,27,74,137,33610000,-441260000,104740000,281730000,21180000,0,3,8,8,19
1_649,768660000,735560000,525830000,418820000,51130000,2500000000,35,23,70,128,793160000,413980000,606950000,631350000,54560000,2500000000,40,28,78,146,24500000,-321580000,81120000,212530000,3430000,0,5,5,8,18
1_650,213850000,1154890000,180540000,920040000,30680000,2500000000,36,36,85,157,214440000,1127880000,217020000,903460000,37200000,2500000000,37,43,93,173,590000,-27010000,36480000,-16580000,6520000,0,1,7,8,16
1_651,260290000,1301050000,318230000,516890000,103540000,2500000000,29,33,80,142,283850000,1175320000,380810000,538030000,121990000,2500000000,35,42,82,159,23560000,-125730000,62580000,21140000,18450000,0,6,9,2,17
1_652,244690000,1860950000,222810000,157080000,14470000,2500000000,30,29,74,133,255720000,1658200000,295060000,271940000,19080000,2500000000,34,34,78,146,11030000,-202750000,72250000,114860000,4610000,0,4,5,4,13
1_653,374290000,1137200000,779450000,151800000,57260000,2500000000,28,26,69,123,446520000,934250000,845020000,232050000,42160000,2500000000,33,30,76,139,72230000,-202950000,65570000,80250000,-15100000,0,5,4,7,16
1_654,256100000,713140000,175430000,1231960000,123370000,2500000000,35,33,87,155,263940000,715570000,218310000,1138680000,163500000,2500000000,41,44,90,175,7840000,2430000,42880000,-93280000,40130000,0,6,11,3,20
1_655,205380000,617290000,190180000,1379870000,107280000,2500000000,32,37,87,156,205840000,610980000,229380000,1333910000,119890000,2500000000,42,42,90,174,460000,-6310000,39200000,-45960000,12610000,0,10,5,3,18
1_656,146680000,1822910000,176630000,297190000,56590000,2500000000,33,36,83,152,166910000,1707590000,224000000,327800000,73700000,2500000000,35,41,86,162,20230000,-115320000,47370000,30610000,17110000,0,2,5,3,10
1_657,336700000,1754690000,130670000,161110000,116830000,2500000000,31,33,81,145,365600000,1534670000,191840000,298550000,109340000,2500000000,34,37,80,151,28900000,-220020000,61170000,137440000,-7490000,0,3,4,-1,6
1_658,14340000,442000000,56970000,567130000,1419560000,2500000000,25,37,82,144,15230000,436570000,71790000,567370000,1409040000,2500000000,35,43,94,172,890000,-5430000,14820000,240000,-10520000,0,10,6,12,28
1_659,21410000,684620000,134940000,698440000,960590000,2500000000,28,40,78,146,22180000,601810000,157140000,759490000,959380000,2500000000,36,41,85,162,770000,-82810000,22200000,61050000,-1210000,0,8,1,7,16
1_660,979240000,809170000,108230000,542800000,60560000,2500000000,35,26,86,147,964370000,806040000,130130000,532050000,67410000,2500000000,36,29,88,153,-14870000,-3130000,21900000,-10750000,6850000,0,1,3,2,6
1_661,1468660000,434310000,127410000,413410000,56210000,2500000000,39,20,77,136,1468510000,411360000,163830000,407130000,49170000,2500000000,41,19,71,131,-150000,-22950000,36420000,-6280000,-7040000,0,2,-1,-6,-5
1_662,1346700000,775110000,151160000,180140000,46890000,2500000000,39,28,83,150,1327370000,752710000,184180000,180160000,55580000,2500000000,40,24,77,141,-19330000,-22400000,33020000,20000,8690000,0,1,-4,-6,-9
1_663,1054230000,1030350000,193480000,156420000,65520000,2500000000,43,31,87,161,1067810000,1002000000,217170000,159120000,53900000,2500000000,44,29,88,161,13580000,-28350000,23690000,2700000,-11620000,0,1,-2,1,0
1_664,751020000,1047250000,245400000,379030000,77300000,2500000000,38,27,82,147,806860000,855670000,302640000,455840000,78990000,2500000000,37,25,87,149,55840000,-191580000,57240000,76810000,1690000,0,-1,-2,5,2
1_665,458810000,1247540000,176960000,554250000,62440000,2500000000,33,29,87,149,467430000,1280980000,202040000,499250000,50300000,2500000000,35,30,92,157,8620000,33440000,25080000,-55000000,-12140000,0,2,1,5,8
1_666,845030000,967420000,296750000,370950000,19850000,2500000000,33,22,73,128,956170000,459100000,368280000,695720000,20730000,2500000000,34,19,71,124,111140000,-508320000,71530000,324770000,880000,0,1,-3,-2,-4
1_667,975840000,835210000,166120000,492340000,30490000,2500000000,33,27,83,143,922820000,792310000,201790000,563810000,19270000,2500000000,36,25,81,142,-53020000,-42900000,35670000,71470000,-11220000,0,3,-2,-2,-1
1_668,1105220000,909850000,177790000,273790000,33350000,2500000000,37,24,74,135,1136900000,647150000,220770000,450160000,45020000,2500000000,39,18,73,130,31680000,-262700000,42980000,176370000,11670000,0,2,-6,-1,-5
1_669,622670000,1521290000,228660000,60950000,66430000,2500000000,35,25,80,140,683540000,1293670000,275910000,190220000,56660000,2500000000,40,26,80,146,60870000,-227620000,47250000,129270000,-9770000,0,5,1,0,6
1_670,841310000,1085870000,365060000,192850000,14910000,2500000000,38,30,77,145,859130000,905500000,428680000,288310000,18380000,2500000000,39,34,85,158,17820000,-180370000,63620000,95460000,3470000,0,1,4,8,13
1_671,778450000,1093490000,417020000,148890000,62150000,2500000000,36,28,79,143,789370000,822960000,483990000,338400000,65280000,2500000000,39,30,88,157,10920000,-270530000,66970000,189510000,3130000,0,3,2,9,14
1_672,1432060000,515910000,226820000,295960000,29250000,2500000000,32,20,69,121,1288110000,140890000,265990000,562300000,242710000,2500000000,39,20,67,126,-143950000,-375020000,39170000,266340000,213460000,0,7,0,-2,5
1_673,1233960000,308930000,255550000,670320000,31240000,2500000000,34,18,67,119,1264570000,62770000,303670000,796880000,72110000,2500000000,41,18,74,133,30610000,-246160000,48120000,126560000,40870000,0,7,0,7,14
1_674,1270860000,760970000,97370000,340880000,29920000,2500000000,36,18,64,118,1222410000,375670000,119380000,653880000,128660000,2500000000,41,20,72,133,-48450000,-385300000,22010000,313000000,98740000,0,5,2,8,15
1_675,1109370000,798120000,191330000,384900000,16280000,2500000000,36,22,68,126,1125080000,523750000,224270000,585820000,41080000,2500000000,40,24,78,142,15710000,-274370000,32940000,200920000,24800000,0,4,2,10,16
1_676,293310000,1884650000,246410000,63310000,12320000,2500000000,31,29,77,137,318550000,1485600000,331360000,343360000,21130000,2500000000,34,32,81,147,25240000,-399050000,84950000,280050000,8810000,0,3,3,4,10
1_677,244440000,1787000000,278920000,164930000,24710000,2500000000,33,24,73,130,264370000,1628380000,342490000,236660000,28100000,2500000000,40,27,77,144,19930000,-158620000,63570000,71730000,3390000,0,7,3,4,14
1_678,339810000,1667660000,401990000,70960000,19580000,2500000000,36,30,77,143,354230000,1293010000,527320000,299370000,26070000,2500000000,38,30,80,148,14420000,-374650000,125330000,228410000,6490000,0,2,0,3,5
1_679,648670000,1368260000,197700000,244580000,40790000,2500000000,37,27,75,139,661100000,1125350000,259300000,390500000,63750000,2500000000,39,27,77,143,12430000,-242910000,61600000,145920000,22960000,0,2,0,2,4
1_680,230750000,1513510000,175470000,475670000,104600000,2500000000,32,34,79,145,269150000,1348830000,247130000,533400000,101490000,2500000000,36,36,82,154,38400000,-164680000,71660000,57730000,-3110000,0,4,2,3,9
1_681,286230000,2028670000,77480000,86600000,21020000,2500000000,29,30,77,136,303880000,1820060000,129390000,220410000,26260000,2500000000,39,37,81,157,17650000,-208610000,51910000,133810000,5240000,0,10,7,4,21
1_682,206640000,1233890000,321410000,696660000,41400000,2500000000,32,37,79,148,232610000,1069780000,392860000,765310000,39440000,2500000000,39,36,81,156,25970000,-164110000,71450000,68650000,-1960000,0,7,-1,2,8
1_683,169820000,1838430000,78100000,252440000,161210000,2500000000,30,39,76,145,212030000,1713210000,112200000,335260000,127300000,2500000000,35,37,83,155,42210000,-125220000,34100000,82820000,-33910000,0,5,-2,7,10
1_684,112550000,521400000,150580000,1358980000,356490000,2500000000,31,38,79,148,127890000,505330000,191240000,1326470000,349070000,2500000000,34,38,83,155,15340000,-16070000,40660000,-32510000,-7420000,0,3,0,4,7
1_685,23150000,294870000,50330000,280890000,1850760000,2500000000,28,38,80,146,28320000,298730000,56270000,264680000,1852000000,2500000000,34,40,89,163,5170000,3860000,5940000,-16210000,1240000,0,6,2,9,17
1_686,158280000,399440000,141050000,1400530000,400700000,2500000000,31,40,88,159,204620000,470980000,159850000,1287030000,377520000,2500000000,38,38,85,161,46340000,71540000,18800000,-113500000,-23180000,0,7,-2,-3,2
1_687,29990000,659080000,59810000,335470000,1415650000,2500000000,35,41,84,160,35070000,631080000,76390000,335360000,1422100000,2500000000,39,44,91,174,5080000,-28000000,16580000,-110000,6450000,0,4,3,7,14
1_688,33090000,4960000,17870000,14990000,1436380000,1507290000,19,32,57,108,32010000,4790000,18570000,14850000,1437070000,1507290000,26,31,68,125,-1080000,-170000,700000,-140000,690000,0,7,-1,11,17
1_689,174560000,1808910000,82210000,53170000,381150000,2500000000,32,38,79,149,180130000,1746720000,95580000,57850000,419720000,2500000000,36,39,88,163,5570000,-62190000,13370000,4680000,38570000,0,4,1,9,14
1_690,29450000,961180000,71190000,76520000,1361660000,2500000000,36,41,84,161,39690000,967930000,79390000,51850000,1361140000,2500000000,33,39,88,160,10240000,6750000,8200000,-24670000,-520000,0,-3,-2,4,-1
1_691,967660000,934000000,283110000,163270000,151960000,2500000000,41,34,83,158,1029850000,810560000,321840000,224810000,112940000,2500000000,45,28,85,158,62190000,-123440000,38730000,61540000,-39020000,0,4,-6,2,0
1_692,1346090000,539680000,141320000,457410000,15500000,2500000000,42,22,71,135,1351690000,405250000,170490000,557340000,15230000,2500000000,43,24,77,144,5600000,-134430000,29170000,99930000,-270000,0,1,2,6,9
1_693,1169920000,912170000,173060000,174550000,70300000,2500000000,40,17,60,117,1238160000,675910000,205930000,339360000,40640000,2500000000,41,20,74,135,68240000,-236260000,32870000,164810000,-29660000,0,1,3,14,18
1_694,1057760000,815930000,192730000,417430000,16150000,2500000000,39,22,68,129,1080860000,450890000,227300000,717820000,23130000,2500000000,40,18,71,129,23100000,-365040000,34570000,300390000,6980000,0,1,-4,3,0
1_695,1275230000,919680000,190310000,103220000,11560000,2500000000,31,21,73,125,1300710000,713230000,220000000,253590000,12470000,2500000000,36,22,76,134,25480000,-206450000,29690000,150370000,910000,0,5,1,3,9
1_696,1094300000,976420000,222990000,118270000,88020000,2500000000,36,27,84,147,1127600000,877270000,261180000,157040000,76910000,2500000000,37,28,91,156,33300000,-99150000,38190000,38770000,-11110000,0,1,1,7,9
1_697,857340000,990300000,453830000,134840000,63690000,2500000000,38,28,85,151,883170000,812090000,492860000,237460000,74420000,2500000000,41,32,90,163,25830000,-178210000,39030000,102620000,10730000,0,3,4,5,12
1_698,904080000,1080010000,321500000,105660000,88750000,2500000000,35,21,74,130,1004760000,918320000,367050000,178260000,31610000,2500000000,39,25,83,147,100680000,-161690000,45550000,72600000,-57140000,0,4,4,9,17
1_699,1191280000,631000000,115550000,525530000,36640000,2500000000,39,21,72,132,1211980000,368600000,148410000,737320000,33690000,2500000000,39,20,73,132,20700000,-262400000,32860000,211790000,-2950000,0,0,-1,1,0
1_700,1378510000,766010000,180380000,125110000,49990000,2500000000,40,25,77,142,1407410000,542010000,217560000,302100000,30920000,2500000000,37,17,78,132,28900000,-224000000,37180000,176990000,-19070000,0,-3,-8,1,-10
1_701,1063980000,992740000,86980000,339000000,17300000,2500000000,38,21,74,133,1085970000,742850000,117660000,539460000,14060000,2500000000,43,21,76,140,21990000,-249890000,30680000,200460000,-3240000,0,5,0,2,7
1_702,541680000,1691070000,189640000,49710000,27900000,2500000000,39,25,85,149,566870000,1534910000,234390000,139690000,24140000,2500000000,40,24,84,148,25190000,-156160000,44750000,89980000,-3760000,0,1,-1,-1,-1
1_703,947420000,1151850000,219070000,156020000,25640000,2500000000,36,18,66,120,955100000,922870000,270380000,305810000,45840000,2500000000,44,22,76,142,7680000,-228980000,51310000,149790000,20200000,0,8,4,10,22
1_704,1064460000,869980000,98980000,450570000,16010000,2500000000,31,18,62,111,1059450000,707110000,122080000,576890000,34470000,2500000000,38,19,69,126,-5010000,-162870000,23100000,126320000,18460000,0,7,1,7,15
1_705,966000000,1278350000,102620000,142820000,10210000,2500000000,41,24,74,139,974220000,963370000,124890000,420620000,16900000,2500000000,41,24,79,144,8220000,-314980000,22270000,277800000,6690000,0,0,0,5,5
1_706,983990000,908950000,138780000,451630000,16650000,2500000000,41,26,77,144,1001140000,600140000,164640000,715380000,18700000,2500000000,42,24,81,147,17150000,-308810000,25860000,263750000,2050000,0,1,-2,4,3
1_707,746580000,1463550000,198490000,76520000,14860000,2500000000,36,25,70,131,749020000,1307250000,241040000,178630000,24060000,2500000000,39,27,75,141,2440000,-156300000,42550000,102110000,9200000,0,3,2,5,10
1_708,977570000,1213720000,107670000,190170000,10870000,2500000000,36,22,75,133,984680000,1010610000,139350000,341820000,23540000,2500000000,39,22,74,135,7110000,-203110000,31680000,151650000,12670000,0,3,0,-1,2
1_709,520090000,1597020000,270080000,80890000,31920000,2500000000,39,36,79,154,532150000,1502560000,312100000,114920000,38270000,2500000000,41,27,84,152,12060000,-94460000,42020000,34030000,6350000,0,2,-9,5,-2
1_710,887370000,1267930000,172500000,144540000,27660000,2500000000,42,27,74,143,908530000,1112960000,194900000,253160000,30450000,2500000000,42,26,79,147,21160000,-154970000,22400000,108620000,2790000,0,0,-1,5,4
1_711,413780000,1277330000,137630000,627200000,44060000,2500000000,33,34,77,144,476110000,1209880000,168500000,626410000,19100000,2500000000,38,30,81,149,62330000,-67450000,30870000,-790000,-24960000,0,5,-4,4,5
1_712,479550000,1432540000,205680000,271080000,111150000,2500000000,36,36,83,155,530840000,1250530000,246550000,382440000,89640000,2500000000,42,35,87,164,51290000,-182010000,40870000,111360000,-21510000,0,6,-1,4,9
1_713,1177440000,895180000,95970000,159780000,171630000,2500000000,36,30,77,143,1231720000,754020000,125310000,231510000,157440000,2500000000,40,30,82,152,54280000,-141160000,29340000,71730000,-14190000,0,4,0,5,9
1_714,835050000,1134070000,240130000,220880000,69870000,2500000000,36,32,82,150,887240000,1007720000,265220000,286990000,52830000,2500000000,42,31,92,165,52190000,-126350000,25090000,66110000,-17040000,0,6,-1,10,15
1_715,142940000,942050000,128840000,1110380000,175790000,2500000000,34,38,84,156,160830000,942900000,156250000,1050920000,189100000,2500000000,39,38,85,162,17890000,850000,27410000,-59460000,13310000,0,5,0,1,6
1_716,219810000,1118490000,154810000,909000000,97880000,2499990000,32,42,85,159,257620000,1150380000,197980000,799670000,94350000,2500000000,39,39,86,164,37810000,31890000,43170000,-109330000,-3530000,10000,7,-3,1,5
1_717,287800000,1417270000,169650000,549360000,75920000,2500000000,38,35,81,154,340200000,1237640000,229590000,619450000,73120000,2500000000,41,34,81,156,52400000,-179630000,59940000,70090000,-2800000,0,3,-1,0,2
1_718,438130000,1034210000,652690000,291340000,83630000,2500000000,38,41,91,170,456670000,738670000,752670000,461030000,90960000,2500000000,42,37,86,165,18540000,-295540000,99980000,169690000,7330000,0,4,-4,-5,-5
1_719,132260000,1432780000,115770000,573650000,245540000,2500000000,37,35,81,153,147200000,1516480000,140270000,439530000,256520000,2500000000,37,37,80,154,14940000,83700000,24500000,-134120000,10980000,0,0,2,-1,1
1_720,141430000,694400000,125500000,1402560000,136110000,2500000000,30,32,77,139,152640000,1039260000,167320000,1012260000,128520000,2500000000,41,40,85,166,11210000,344860000,41820000,-390300000,-7590000,0,11,8,8,27
1_721,28540000,538160000,39030000,28480000,1865790000,2500000000,35,35,80,150,31540000,505340000,45350000,51810000,1865960000,2500000000,35,39,84,158,3000000,-32820000,6320000,23330000,170000,0,0,4,4,8
1_722,158360000,1146350000,152880000,269550000,772860000,2500000000,37,37,84,158,172310000,980360000,179390000,392610000,775330000,2500000000,40,37,89,166,13950000,-165990000,26510000,123060000,2470000,0,3,0,5,8
1_723,194500000,1885860000,154530000,29930000,235180000,2500000000,32,32,73,137,198830000,1818670000,196930000,33910000,251660000,2500000000,34,34,81,149,4330000,-67190000,42400000,3980000,16480000,0,2,2,8,12
1_724,49460000,1721830000,113110000,19280000,596320000,2500000000,30,32,76,138,90200000,1672980000,132900000,20120000,583800000,2500000000,34,34,87,155,40740000,-48850000,19790000,840000,-12520000,0,4,2,11,17
1_725,63860000,781160000,57560000,9940000,1587480000,2500000000,30,34,75,139,71080000,758850000,74570000,10100000,1585400000,2500000000,33,33,86,152,7220000,-22310000,17010000,160000,-2080000,0,3,-1,11,13
1_726,881520000,1019990000,324560000,257820000,16110000,2500000000,36,18,66,120,924050000,726400000,366640000,474530000,8380000,2500000000,41,19,73,133,42530000,-293590000,42080000,216710000,-7730000,0,5,1,7,13
1_727,902030000,1108710000,112240000,335470000,41550000,2500000000,36,22,75,133,894270000,895140000,133560000,519870000,57160000,2500000000,39,26,83,148,-7760000,-213570000,21320000,184400000,15610000,0,3,4,8,15
1_728,755640000,1285760000,226500000,183510000,48590000,2500000000,38,27,75,140,794200000,1063030000,262100000,346240000,34430000,2500000000,41,28,83,152,38560000,-222730000,35600000,162730000,-14160000,0,3,1,8,12
1_729,643510000,907530000,155250000,712980000,80730000,2500000000,37,26,71,134,674350000,822520000,189990000,757470000,55670000,2500000000,40,25,80,145,30840000,-85010000,34740000,44490000,-25060000,0,3,-1,9,11
1_730,919680000,1310580000,122630000,112570000,34540000,2500000000,34,18,63,115,990520000,1126850000,149040000,219840000,13750000,2500000000,36,18,70,124,70840000,-183730000,26410000,107270000,-20790000,0,2,0,7,9
1_731,752510000,1198790000,373760000,144540000,30400000,2500000000,30,19,67,116,796390000,1030520000,420250000,229580000,23260000,2500000000,37,20,74,131,43880000,-168270000,46490000,85040000,-7140000,0,7,1,7,15
1_732,513570000,1784010000,56640000,132310000,13470000,2500000000,31,23,75,129,556370000,1586080000,83140000,260290000,14120000,2500000000,33,20,75,128,42800000,-197930000,26500000,127980000,650000,0,2,-3,0,-1
1_733,851290000,995160000,151350000,462670000,39530000,2500000000,34,20,72,126,923410000,705260000,187450000,668230000,15650000,2500000000,41,20,72,133,72120000,-289900000,36100000,205560000,-23880000,0,7,0,0,7
1_734,950030000,1235890000,93980000,207560000,12540000,2500000000,41,24,78,143,987320000,972950000,128820000,402230000,8680000,2500000000,41,26,85,152,37290000,-262940000,34840000,194670000,-3860000,0,0,2,7,9
1_735,980960000,1258630000,122380000,115200000,22830000,2500000000,38,31,82,151,1003420000,974470000,167250000,337830000,17030000,2500000000,42,30,88,160,22460000,-284160000,44870000,222630000,-5800000,0,4,-1,6,9
1_736,1076710000,1035460000,99890000,263030000,24910000,2500000000,40,24,73,137,1110350000,680680000,133220000,518950000,56800000,2500000000,40,20,74,134,33640000,-354780000,33330000,255920000,31890000,0,0,-4,1,-3
1_737,1016560000,1022850000,80010000,327180000,53400000,2500000000,36,27,82,145,1104810000,694970000,104220000,575650000,20350000,2500000000,43,24,80,147,88250000,-327880000,24210000,248470000,-33050000,0,7,-3,-2,2
1_738,389080000,1868290000,159290000,57550000,25790000,2500000000,35,29,77,141,397850000,1757560000,165610000,149610000,29370000,2500000000,41,29,83,153,8770000,-110730000,6320000,92060000,3580000,0,6,0,6,12
1_739,1171940000,879710000,223490000,213780000,11080000,2500000000,43,25,79,147,1170090000,648810000,237330000,412740000,31030000,2500000000,42,25,79,146,-1850000,-230900000,13840000,198960000,19950000,0,-1,0,0,-1
1_740,309900000,1938340000,161700000,40920000,49140000,2500000000,36,31,74,141,327990000,1832170000,156090000,137870000,45880000,2500000000,40,35,87,162,18090000,-106170000,-5610000,96950000,-3260000,0,4,4,13,21
1_741,1046930000,1165400000,140740000,120400000,26530000,2500000000,40,23,76,139,1052370000,896820000,159100000,363010000,28700000,2500000000,43,23,80,146,5440000,-268580000,18360000,242610000,2170000,0,3,0,4,7
1_742,372180000,1780540000,211270000,98400000,37610000,2500000000,35,35,80,150,387090000,1676860000,232130000,166010000,37910000,2500000000,39,27,86,152,14910000,-103680000,20860000,67610000,300000,0,4,-8,6,2
1_743,1331540000,883590000,135000000,103150000,46720000,2500000000,44,23,81,148,1304160000,748530000,153380000,220870000,73060000,2500000000,43,28,86,157,-27380000,-135060000,18380000,117720000,26340000,0,-1,5,5,9
1_744,234180000,1852650000,253970000,106370000,52830000,2500000000,37,32,83,152,248220000,1736240000,268990000,181130000,65420000,2500000000,43,31,93,167,14040000,-116410000,15020000,74760000,12590000,0,6,-1,10,15
1_745,232550000,1994020000,205530000,30450000,37450000,2500000000,40,34,90,164,261390000,1836180000,224500000,115410000,62520000,2500000000,45,31,91,167,28840000,-157840000,18970000,84960000,25070000,0,5,-3,1,3
1_746,752360000,1461770000,73080000,199370000,13420000,2500000000,38,36,81,155,777340000,1308020000,92100000,306860000,15680000,2500000000,42,29,86,157,24980000,-153750000,19020000,107490000,2260000,0,4,-7,5,2
1_747,646420000,1391810000,134230000,303840000,23700000,2500000000,39,36,90,165,676480000,1190880000,161200000,445360000,26080000,2500000000,42,30,88,160,30060000,-200930000,26970000,141520000,2380000,0,3,-6,-2,-5
1_748,663810000,1255600000,72370000,465000000,43220000,2500000000,38,38,87,163,682640000,1116580000,75310000,578670000,46800000,2500000000,42,35,89,166,18830000,-139020000,2940000,113670000,3580000,0,4,-3,2,3
1_749,676350000,1258740000,96880000,381320000,86710000,2500000000,38,34,89,161,733430000,1157540000,85840000,405310000,117880000,2500000000,40,36,92,168,57080000,-101200000,-11040000,23990000,31170000,0,2,2,3,7
1_750,191790000,1416260000,165320000,156030000,570600000,2500000000,37,35,83,155,214660000,1254410000,173850000,284510000,572570000,2500000000,42,35,89,166,22870000,-161850000,8530000,128480000,1970000,0,5,0,6,11
1_751,619570000,1375910000,83660000,368550000,52310000,2500000000,40,37,90,167,642520000,1178310000,97820000,514300000,67050000,2500000000,43,35,92,170,22950000,-197600000,14160000,145750000,14740000,0,3,-2,2,3
1_752,309510000,1456060000,96980000,203410000,434040000,2500000000,38,41,94,173,323390000,1351510000,83310000,301590000,440200000,2500000000,42,35,95,172,13880000,-104550000,-13670000,98180000,6160000,0,4,-6,1,-1
1_753,665640000,1283240000,118220000,367340000,65560000,2500000000,28,29,76,133,694180000,1147540000,127850000,451490000,78940000,2500000000,43,29,87,159,28540000,-135700000,9630000,84150000,13380000,0,15,0,11,26
1_754,85290000,764910000,45340000,74160000,1530300000,2500000000,36,35,83,154,98180000,671680000,53850000,152110000,1524180000,2500000000,39,36,88,163,12890000,-93230000,8510000,77950000,-6120000,0,3,1,5,9
1_755,12250000,80870000,9900000,18110000,2378870000,2500000000,27,27,67,121,13100000,72780000,13820000,20370000,2379930000,2500000000,33,26,73,132,850000,-8090000,3920000,2260000,1060000,0,6,-1,6,11
1_756,644390000,1376570000,220280000,195930000,62830000,2500000000,35,28,83,146,649260000,1215730000,263580000,309080000,62350000,2500000000,39,23,78,140,4870000,-160840000,43300000,113150000,-480000,0,4,-5,-5,-6
1_757,621630000,779030000,147700000,908380000,43260000,2500000000,39,23,76,138,620120000,678750000,190940000,959390000,50800000,2500000000,43,27,79,149,-1510000,-100280000,43240000,51010000,7540000,0,4,4,3,11
1_758,507150000,1691080000,127640000,160600000,13530000,2500000000,34,28,73,135,507820000,1505190000,166580000,301020000,19390000,2500000000,39,24,73,136,670000,-185890000,38940000,140420000,5860000,0,5,-4,0,1
1_759,733990000,739820000,454120000,378650000,193420000,2500000000,39,29,82,150,777180000,541720000,491770000,534260000,155070000,2500000000,44,29,88,161,43190000,-198100000,37650000,155610000,-38350000,0,5,0,6,11
1_760,696440000,1340210000,218520000,217570000,27260000,2500000000,38,22,76,136,752940000,1057330000,260910000,421650000,7170000,2500000000,38,23,78,139,56500000,-282880000,42390000,204080000,-20090000,0,0,1,2,3
1_761,708500000,1321960000,94620000,327100000,47820000,2500000000,41,31,81,153,747380000,1133410000,121080000,451250000,46880000,2500000000,42,32,83,157,38880000,-188550000,26460000,124150000,-940000,0,1,1,2,4
1_762,1076330000,1006730000,129630000,270680000,16630000,2500000000,36,24,81,141,1098130000,715280000,153030000,519700000,13860000,2500000000,40,25,81,146,21800000,-291450000,23400000,249020000,-2770000,0,4,1,0,5
1_763,860230000,1379490000,128600000,109150000,22530000,2500000000,41,31,84,156,907070000,1189870000,161340000,211980000,29740000,2500000000,42,26,86,154,46840000,-189620000,32740000,102830000,7210000,0,1,-5,2,-2
1_764,413070000,1822890000,141130000,112730000,10180000,2500000000,37,27,77,141,416480000,1641940000,175160000,243050000,23370000,2500000000,41,28,81,150,3410000,-180950000,34030000,130320000,13190000,0,4,1,4,9
1_765,722130000,831580000,147670000,697450000,101170000,2500000000,38,26,77,141,762960000,633690000,189110000,864560000,49680000,2500000000,44,25,81,150,40830000,-197890000,41440000,167110000,-51490000,0,6,-1,4,9
1_766,1268330000,118920000,9750000,210000,1102790000,2500000000,42,29,77,148,1262090000,118760000,10770000,210000,1108170000,2500000000,42,24,70,136,-6240000,-160000,1020000,0,5380000,0,0,-5,-7,-12
1_767,313450000,63830000,13440000,0,1723880000,2114600000,38,36,86,160,308070000,63710000,15930000,0,1726890000,2114600000,37,33,77,147,-5380000,-120000,2490000,0,3010000,0,-1,-3,-9,-13
1_768,211710000,25770000,5800000,590000,2256130000,2500000000,33,22,65,120,210500000,26710000,7900000,590000,2254300000,2500000000,35,18,67,120,-1210000,940000,2100000,0,-1830000,0,2,-4,2,0
1_769,265740000,30500000,4160000,300000,2199300000,2500000000,30,27,62,119,265160000,30460000,4220000,300000,2199860000,2500000000,27,22,50,99,-580000,-40000,60000,0,560000,0,-3,-5,-12,-20
1_770,385040000,19000000,4910000,0,2091050000,2500000000,32,22,64,118,383690000,19000000,5950000,0,2091360000,2500000000,23,20,59,102,-1350000,0,1040000,0,310000,0,-9,-2,-5,-16
1_771,607490000,70410000,6000000,0,1816100000,2500000000,33,21,68,122,606570000,70190000,6670000,0,1816570000,2500000000,37,25,65,127,-920000,-220000,670000,0,470000,0,4,4,-3,5
1_772,672600000,110440000,11810000,970000,1704180000,2500000000,34,27,65,126,670290000,110220000,13100000,970000,1705420000,2500000000,33,17,56,106,-2310000,-220000,1290000,0,1240000,0,-1,-10,-9,-20
1_773,720630000,129260000,7550000,0,1642560000,2500000000,34,24,65,123,718380000,129570000,8820000,0,1643230000,2500000000,27,20,55,102,-2250000,310000,1270000,0,670000,0,-7,-4,-10,-21
1_774,43040000,85050000,2410000,0,2175410000,2305910000,27,31,67,125,43040000,83950000,4180000,0,2174740000,2305910000,20,21,52,93,0,-1100000,1770000,0,-670000,0,-7,-10,-15,-32
1_775,655260000,146810000,46560000,1530000,1649840000,2500000000,36,33,77,146,652630000,147160000,48140000,1530000,1650540000,2500000000,27,24,64,115,-2630000,350000,1580000,0,700000,0,-9,-9,-13,-31
1_776,9210000,68240000,22080000,18980000,1394190000,1512700000,15,33,58,106,8020000,68250000,24080000,15620000,1396730000,1512700000,23,34,70,127,-1190000,10000,2000000,-3360000,2540000,0,8,1,12,21
1_777,111180000,1462330000,76420000,22190000,827880000,2500000000,26,40,76,142,105770000,1436530000,84230000,25020000,848450000,2500000000,33,37,85,155,-5410000,-25800000,7810000,2830000,20570000,0,7,-3,9,13
1_778,241270000,1854450000,89760000,2660000,311860000,2500000000,29,36,71,136,222050000,1818210000,110470000,10710000,338560000,2500000000,31,34,78,143,-19220000,-36240000,20710000,8050000,26700000,0,2,-2,7,7
1_779,2011630000,135500000,19430000,0,333440000,2500000000,40,24,76,140,1968860000,135570000,23380000,0,372190000,2500000000,42,26,70,138,-42770000,70000,3950000,0,38750000,0,2,2,-6,-2
1_780,575250000,52410000,54360000,0,1582760000,2264780000,38,32,80,150,566180000,51510000,61260000,0,1585830000,2264780000,37,31,72,140,-9070000,-900000,6900000,0,3070000,0,-1,-1,-8,-10
1_781,1438550000,116900000,50070000,0,894480000,2500000000,38,29,80,147,1381980000,114950000,56420000,0,946650000,2500000000,42,31,80,153,-56570000,-1950000,6350000,0,52170000,0,4,2,0,6
1_782,38960000,5160000,840000,0,1053990000,1098950000,28,18,54,100,38630000,5380000,880000,0,1054060000,1098950000,21,17,49,87,-330000,220000,40000,0,70000,0,-7,-1,-5,-13
1_783,1149330000,35780000,3400000,0,1311490000,2500000000,40,23,71,134,1128660000,35670000,7160000,0,1328510000,2500000000,34,15,59,108,-20670000,-110000,3760000,0,17020000,0,-6,-8,-12,-26
1_784,1088300000,23810000,3500000,0,1384390000,2500000000,38,23,68,129,1078440000,23910000,5880000,0,1391770000,2500000000,28,12,60,100,-9860000,100000,2380000,0,7380000,0,-10,-11,-8,-29
1_785,1731270000,57200000,3050000,0,708480000,2500000000,39,21,65,125,1724200000,57340000,7140000,0,711320000,2500000000,42,22,56,120,-7070000,140000,4090000,0,2840000,0,3,1,-9,-5
1_786,2032020000,28910000,3470000,0,435600000,2500000000,37,23,65,125,1982860000,30920000,9490000,0,476730000,2500000000,38,17,59,114,-49160000,2010000,6020000,0,41130000,0,1,-6,-6,-11
1_787,572300000,21830000,8830000,0,1897040000,2500000000,37,27,67,131,567120000,22190000,13320000,0,1897370000,2500000000,27,23,61,111,-5180000,360000,4490000,0,330000,0,-10,-4,-6,-20
1_788,1169340000,51710000,12210000,0,1266740000,2500000000,40,24,72,136,1146720000,51540000,20790000,0,1280950000,2500000000,40,21,62,123,-22620000,-170000,8580000,0,14210000,0,0,-3,-10,-13
1_789,585020000,46890000,6020000,270000,1861800000,2500000000,31,22,60,113,583630000,46890000,6620000,270000,1862590000,2500000000,24,24,60,108,-1390000,0,600000,0,790000,0,-7,2,0,-5
1_790,412060000,82080000,12420000,0,1993440000,2500000000,38,27,74,139,400680000,82100000,15480000,0,2001740000,2500000000,26,25,56,107,-11380000,20000,3060000,0,8300000,0,-12,-2,-18,-32
1_791,1110360000,127600000,28770000,3900000,1229370000,2500000000,38,27,74,139,1077190000,127230000,33570000,3900000,1258110000,2500000000,37,26,67,130,-33170000,-370000,4800000,0,28740000,0,-1,-1,-7,-9
1_792,433660000,98060000,2370000,1810000,1964100000,2500000000,39,29,76,144,429670000,98220000,2750000,1810000,1967550000,2500000000,25,24,57,106,-3990000,160000,380000,0,3450000,0,-14,-5,-19,-38
1_793,690410000,271270000,26320000,0,1512000000,2500000000,39,36,75,150,688480000,271630000,28330000,0,1511560000,2500000000,34,31,67,132,-1930000,360000,2010000,0,-440000,0,-5,-5,-8,-18
1_794,619180000,99070000,7800000,450000,1773500000,2500000000,36,28,69,133,617480000,99070000,8050000,450000,1774950000,2500000000,34,24,63,121,-1700000,0,250000,0,1450000,0,-2,-4,-6,-12
1_795,810170000,146080000,5240000,300000,1538210000,2500000000,40,32,74,146,826390000,146600000,5240000,300000,1521470000,2500000000,40,30,71,141,16220000,520000,0,0,-16740000,0,0,-2,-3,-5
1_796,273170000,50900000,6070000,0,2169860000,2500000000,36,28,70,134,272410000,50790000,7450000,0,2169350000,2500000000,22,22,56,100,-760000,-110000,1380000,0,-510000,0,-14,-6,-14,-34
1_797,549150000,95740000,1130000,0,1853980000,2500000000,37,31,71,139,551760000,95740000,1220000,0,1851280000,2500000000,38,31,65,134,2610000,0,90000,0,-2700000,0,1,0,-6,-5
1_798,159940000,1805690000,94460000,125260000,314650000,2500000000,29,29,70,128,152900000,1703390000,111000000,115890000,416820000,2500000000,33,37,80,150,-7040000,-102300000,16540000,-9370000,102170000,0,4,8,10,22
1_799,449800000,1680670000,113390000,19710000,236430000,2500000000,32,28,66,126,434000000,1621480000,139720000,26720000,278080000,2500000000,35,33,78,146,-15800000,-59190000,26330000,7010000,41650000,0,3,5,12,20
1_800,218090000,1363860000,92120000,21600000,804330000,2500000000,28,33,71,132,200640000,1324940000,107960000,23150000,843310000,2500000000,33,36,80,149,-17450000,-38920000,15840000,1550000,38980000,0,5,3,9,17
1_801,184510000,1380580000,196490000,27300000,711120000,2500000000,30,31,76,137,192750000,1326190000,227250000,30820000,722990000,2500000000,33,34,83,150,8240000,-54390000,30760000,3520000,11870000,0,3,3,7,13
1_802,110990000,1194890000,69360000,53160000,1071600000,2500000000,22,41,81,144,100920000,1144010000,79320000,62250000,1113500000,2500000000,32,39,89,160,-10070000,-50880000,9960000,9090000,41900000,0,10,-2,8,16
1_803,102910000,1316530000,139140000,31920000,909500000,2500000000,23,34,77,134,109420000,1193370000,152640000,64070000,980500000,2500000000,35,36,85,156,6510000,-123160000,13500000,32150000,71000000,0,12,2,8,22
1_804,24990000,910000,220000,0,1034170000,1060290000,13,13,38,64,24420000,910000,220000,0,1034740000,1060290000,16,10,34,60,-570000,0,0,0,570000,0,3,-3,-4,-4
1_805,1855630000,221910000,65200000,2170000,355090000,2500000000,44,31,82,157,1842920000,221370000,68390000,1060000,366260000,2500000000,44,30,72,146,-12710000,-540000,3190000,-1110000,11170000,0,0,-1,-10,-11
1_806,1176130000,61870000,35920000,0,1213890000,2487810000,40,33,77,150,1145350000,61760000,38070000,0,1242630000,2487810000,42,31,77,150,-30780000,-110000,2150000,0,28740000,0,2,-2,0,0
1_807,785700000,554830000,140310000,0,1019160000,2500000000,40,38,92,170,776810000,552920000,147630000,0,1022640000,2500000000,44,36,84,164,-8890000,-1910000,7320000,0,3480000,0,4,-2,-8,-6
1_808,82740000,71320000,33180000,0,1674400000,1861640000,30,27,69,126,76930000,72320000,33750000,0,1678640000,1861640000,31,30,65,126,-5810000,1000000,570000,0,4240000,0,1,3,-4,0
1_809,1706260000,95650000,12690000,440000,684960000,2500000000,40,25,69,134,1705560000,96110000,19090000,440000,678800000,2500000000,36,16,55,107,-700000,460000,6400000,0,-6160000,0,-4,-9,-14,-27
1_810,1877630000,176150000,36970000,0,409250000,2500000000,43,30,80,153,1823960000,176220000,42540000,0,457280000,2500000000,44,31,71,146,-53670000,70000,5570000,0,48030000,0,1,1,-9,-7
1_811,1578250000,329080000,35390000,0,557280000,2500000000,41,31,75,147,1576720000,328880000,40700000,0,553700000,2500000000,45,30,76,151,-1530000,-200000,5310000,0,-3580000,0,4,-1,1,4
1_812,1312090000,385010000,269280000,420000,533200000,2500000000,41,30,79,150,1293810000,383590000,277430000,420000,544750000,2500000000,46,31,79,156,-18280000,-1420000,8150000,0,11550000,0,5,1,0,6
1_813,1053120000,138540000,15890000,0,1292450000,2500000000,38,27,75,140,985690000,138840000,19650000,0,1355820000,2500000000,34,21,64,119,-67430000,300000,3760000,0,63370000,0,-4,-6,-11,-21
1_814,1535340000,94140000,10520000,0,860000000,2500000000,38,22,74,134,1466770000,93490000,16950000,0,922790000,2500000000,33,16,63,112,-68570000,-650000,6430000,0,62790000,0,-5,-6,-11,-22
1_815,1293550000,361330000,49000000,2870000,793250000,2500000000,43,27,82,152,1186140000,360780000,60470000,2820000,889790000,2500000000,46,30,81,157,-107410000,-550000,11470000,-50000,96540000,0,3,3,-1,5
1_816,1399750000,360550000,28650000,960000,710090000,2500000000,43,27,83,153,1270100000,361550000,30720000,1030000,836600000,2500000000,40,28,72,140,-129650000,1000000,2070000,70000,126510000,0,-3,1,-11,-13
1_817,566170000,115730000,7470000,1000000,1809630000,2500000000,38,32,78,148,562990000,116090000,7950000,1000000,1811970000,2500000000,30,31,66,127,-3180000,360000,480000,0,2340000,0,-8,-1,-12,-21
1_818,1141650000,137060000,10710000,1750000,1208830000,2500000000,41,32,82,155,1105580000,138590000,16210000,1750000,1237870000,2500000000,42,30,72,144,-36070000,1530000,5500000,0,29040000,0,1,-2,-10,-11
1_819,1085970000,116910000,17770000,870000,1278480000,2500000000,42,31,84,157,1054430000,116720000,24840000,870000,1303140000,2500000000,31,25,69,125,-31540000,-190000,7070000,0,24660000,0,-11,-6,-15,-32
1_820,650890000,153010000,4490000,0,1691610000,2500000000,39,28,73,140,650470000,152580000,5290000,0,1691660000,2500000000,42,28,73,143,-420000,-430000,800000,0,50000,0,3,0,0,3
1_821,372150000,86710000,6440000,610000,2034090000,2500000000,33,26,65,124,367460000,87210000,7660000,610000,2037060000,2500000000,36,25,73,134,-4690000,500000,1220000,0,2970000,0,3,-1,8,10
1_822,755270000,150440000,3710000,0,1590580000,2500000000,33,22,64,119,769750000,151120000,3890000,0,1575240000,2500000000,43,23,68,134,14480000,680000,180000,0,-15340000,0,10,1,4,15
1_823,716500000,99690000,2980000,0,1680830000,2500000000,34,26,67,127,708870000,102100000,3420000,0,1685610000,2500000000,33,30,72,135,-7630000,2410000,440000,0,4780000,0,-1,4,5,8
1_824,168180000,182210000,8520000,0,2141090000,2500000000,23,30,63,116,169700000,181010000,10090000,0,2139200000,2500000000,34,29,70,133,1520000,-1200000,1570000,0,-1890000,0,11,-1,7,17
1_825,881070000,236120000,10590000,0,1372220000,2500000000,40,33,71,144,884890000,234800000,11720000,0,1368590000,2500000000,46,34,76,156,3820000,-1320000,1130000,0,-3630000,0,6,1,5,12
1_826,784490000,196080000,3140000,0,1516290000,2500000000,37,26,69,132,803980000,194620000,3140000,0,1498260000,2500000000,35,27,71,133,19490000,-1460000,0,0,-18030000,0,-2,1,2,1
1_827,731730000,375600000,90160000,0,1302510000,2500000000,40,29,73,142,802550000,370130000,97770000,0,1229550000,2500000000,45,35,82,162,70820000,-5470000,7610000,0,-72960000,0,5,6,9,20
1_828,47840000,221750000,17720000,5790000,1931130000,2224230000,25,25,70,120,47800000,212970000,20040000,3980000,1939440000,2224230000,27,27,67,121,-40000,-8780000,2320000,-1810000,8310000,0,2,2,-3,1
1_829,55250000,212250000,26660000,6760000,2162790000,2463710000,28,31,72,131,56380000,196370000,29440000,6790000,2174730000,2463710000,29,30,74,133,1130000,-15880000,2780000,30000,11940000,0,1,-1,2,2
1_830,1129600000,408510000,70330000,23050000,868510000,2500000000,41,38,86,165,1106740000,416820000,70640000,22740000,883060000,2500000000,47,36,87,170,-22860000,8310000,310000,-310000,14550000,0,6,-2,1,5
1_831,496090000,269210000,92330000,42220000,1586980000,2486830000,40,35,84,159,497720000,269980000,102170000,36570000,1580390000,2486830000,45,35,86,166,1630000,770000,9840000,-5650000,-6590000,0,5,0,2,7
1_832,1362860000,600150000,125060000,0,411930000,2500000000,39,38,89,166,1310580000,600840000,129060000,0,459520000,2500000000,43,35,84,162,-52280000,690000,4000000,0,47590000,0,4,-3,-5,-4
1_833,911910000,197120000,21940000,13230000,1355800000,2500000000,36,30,78,144,892930000,204960000,26980000,12950000,1362180000,2500000000,40,33,83,156,-18980000,7840000,5040000,-280000,6380000,0,4,3,5,12
1_834,1881600000,148060000,8850000,2000000,459490000,2500000000,33,26,72,131,1827770000,156840000,10080000,2000000,503310000,2500000000,38,26,66,130,-53830000,8780000,1230000,0,43820000,0,5,0,-6,-1
1_835,1774540000,329790000,18640000,3890000,373140000,2500000000,39,23,68,130,1792380000,344000000,19090000,3910000,340620000,2500000000,42,28,68,138,17840000,14210000,450000,20000,-32520000,0,3,5,0,8
1_836,1380440000,704200000,75060000,1020000,339280000,2500000000,41,27,74,142,1282000000,702750000,83350000,1020000,430880000,2500000000,42,27,75,144,-98440000,-1450000,8290000,0,91600000,0,1,0,1,2
1_837,1553380000,572680000,57420000,0,316520000,2500000000,39,36,81,156,1485930000,572130000,62300000,0,379640000,2500000000,44,34,79,157,-67450000,-550000,4880000,0,63120000,0,5,-2,-2,1
1_838,1489450000,115140000,20680000,1350000,873380000,2500000000,36,30,79,145,1403140000,115130000,24880000,1350000,955500000,2500000000,40,26,79,145,-86310000,-10000,4200000,0,82120000,0,4,-4,0,0
1_839,1362850000,404240000,31260000,0,701650000,2500000000,42,30,85,157,1273730000,404060000,31780000,0,790430000,2500000000,40,37,82,159,-89120000,-180000,520000,0,88780000,0,-2,7,-3,2
1_840,985140000,39260000,1030000,0,1474570000,2500000000,37,27,65,129,984550000,39410000,1030000,0,1475010000,2500000000,34,27,68,129,-590000,150000,0,0,440000,0,-3,0,3,0
1_841,1493380000,29810000,7670000,0,969140000,2500000000,37,23,68,128,1484930000,29750000,10240000,0,975080000,2500000000,37,21,67,125,-8450000,-60000,2570000,0,5940000,0,0,-2,-1,-3
1_842,547770000,93740000,1070000,0,1857420000,2500000000,32,28,66,126,552550000,90260000,1820000,0,1855370000,2500000000,31,25,67,123,4780000,-3480000,750000,0,-2050000,0,-1,-3,1,-3
1_843,956190000,115510000,7310000,0,1420990000,2500000000,34,25,66,125,950920000,115990000,7810000,0,1425280000,2500000000,37,27,70,134,-5270000,480000,500000,0,4290000,0,3,2,4,9
1_844,579040000,488130000,19080000,0,1413750000,2500000000,39,35,78,152,629070000,489730000,19630000,0,1361570000,2500000000,41,37,84,162,50030000,1600000,550000,0,-52180000,0,2,2,6,10
1_845,587990000,146840000,5650000,420000,1759100000,2500000000,38,28,66,132,624900000,147020000,6550000,420000,1721110000,2500000000,42,30,72,144,36910000,180000,900000,0,-37990000,0,4,2,6,12
1_846,53310000,14980000,0,0,2377420000,2445710000,12,19,45,76,53310000,14980000,0,0,2377420000,2445710000,19,16,50,85,0,0,0,0,0,0,7,-3,5,9
1_847,443900000,49290000,0,0,2006810000,2500000000,28,24,63,115,448360000,49270000,0,0,2002370000,2500000000,33,23,64,120,4460000,-20000,0,0,-4440000,0,5,-1,1,5
1_848,722750000,184070000,10140000,0,1583040000,2500000000,33,26,75,134,734460000,173720000,11020000,0,1580800000,2500000000,29,23,61,113,11710000,-10350000,880000,0,-2240000,0,-4,-3,-14,-21
1_849,1052420000,233750000,10680000,0,1203150000,2500000000,38,24,62,124,1089910000,229300000,10880000,0,1169910000,2500000000,37,25,69,131,37490000,-4450000,200000,0,-33240000,0,-1,1,7,7
1_850,242230000,53230000,0,0,2204540000,2500000000,25,23,65,113,242530000,53230000,0,0,2204240000,2500000000,22,19,53,94,300000,0,0,0,-300000,0,-3,-4,-12,-19
1_851,338740000,430840000,34990000,114850000,1579310000,2498730000,21,16,50,87,340980000,414640000,54310000,45180000,1643620000,2498730000,22,20,64,106,2240000,-16200000,19320000,-69670000,64310000,0,1,4,14,19
1_852,558710000,338280000,25200000,53330000,1358280000,2333800000,17,12,44,73,541710000,336020000,29580000,22640000,1403850000,2333800000,19,14,49,82,-17000000,-2260000,4380000,-30690000,45570000,0,2,2,5,9
1_853,264100000,252860000,12800000,32800000,1673200000,2235760000,25,18,64,107,265500000,255450000,15930000,11450000,1687430000,2235760000,19,13,51,83,1400000,2590000,3130000,-21350000,14230000,0,-6,-5,-13,-24
1_854,1064400000,429150000,26720000,225000000,754730000,2500000000,24,20,61,105,1045640000,415830000,37670000,100630000,900230000,2500000000,28,18,62,108,-18760000,-13320000,10950000,-124370000,145500000,0,4,-2,1,3
1_855,794990000,809590000,42540000,17510000,835370000,2500000000,21,15,58,94,784890000,791750000,51330000,20620000,851410000,2500000000,15,14,48,77,-10100000,-17840000,8790000,3110000,16040000,0,-6,-1,-10,-17
1_856,833900000,1211450000,55220000,50870000,348560000,2500000000,29,22,60,111,827240000,1193430000,71370000,19080000,388880000,2500000000,31,19,74,124,-6660000,-18020000,16150000,-31790000,40320000,0,2,-3,14,13
1_857,1350550000,836960000,78890000,65400000,168200000,2500000000,29,16,66,111,1353660000,783320000,99070000,20700000,243250000,2500000000,30,18,63,111,3110000,-53640000,20180000,-44700000,75050000,0,1,2,-3,0
1_858,191690000,1072380000,43070000,25520000,1167340000,2500000000,26,16,53,95,193080000,1060360000,52140000,14350000,1180070000,2500000000,22,18,65,105,1390000,-12020000,9070000,-11170000,12730000,0,-4,2,12,10
1_859,451330000,1775850000,99800000,33700000,139320000,2500000000,24,21,71,116,451610000,1765220000,111150000,18000000,154020000,2500000000,21,21,70,112,280000,-10630000,11350000,-15700000,14700000,0,-3,0,-1,-4
1_860,68380000,733310000,371070000,9480000,1276850000,2459090000,18,21,72,111,69130000,700600000,393590000,12720000,1283050000,2459090000,19,18,72,109,750000,-32710000,22520000,3240000,6200000,0,1,-3,0,-2
1_861,666930000,1424240000,115030000,15230000,278570000,2500000000,23,16,71,110,705190000,1410250000,129390000,9080000,246090000,2500000000,26,17,68,111,38260000,-13990000,14360000,-6150000,-32480000,0,3,1,-3,1
1_862,704870000,1613740000,49900000,20830000,110660000,2500000000,23,19,71,113,725910000,1592440000,58020000,17420000,106210000,2500000000,20,18,65,103,21040000,-21300000,8120000,-3410000,-4450000,0,-3,-1,-6,-10
1_863,480060000,1582430000,111700000,35010000,290800000,2500000000,24,20,74,118,481230000,1564240000,129520000,35880000,289130000,2500000000,28,20,78,126,1170000,-18190000,17820000,870000,-1670000,0,4,0,4,8
1_864,1221240000,879470000,34400000,152900000,211990000,2500000000,26,18,66,110,1238460000,892460000,39070000,125720000,204290000,2500000000,27,17,65,109,17220000,12990000,4670000,-27180000,-7700000,0,1,-1,-1,-1
1_865,18720000,346510000,20830000,0,1914720000,2300780000,15,33,75,123,18440000,345760000,21200000,320000,1915060000,2300780000,17,30,84,131,-280000,-750000,370000,320000,340000,0,2,-3,9,8
1_866,36890000,1217400000,81260000,0,1164450000,2500000000,16,32,83,131,36860000,1199530000,94920000,0,1168690000,2500000000,19,28,89,136,-30000,-17870000,13660000,0,4240000,0,3,-4,6,5
1_867,344090000,1809060000,256460000,36310000,54080000,2500000000,45,26,87,158,348410000,1740180000,315900000,37500000,58010000,2500000000,37,19,79,135,4320000,-68880000,59440000,1190000,3930000,0,-8,-7,-8,-23
1_868,6000000,1147850000,222120000,1460000,1122570000,2500000000,11,27,70,108,8390000,1114030000,258070000,1880000,1117630000,2500000000,15,26,78,119,2390000,-33820000,35950000,420000,-4940000,0,4,-1,8,11
1_869,73940000,767340000,74190000,15000000,1484120000,2414590000,20,19,65,104,74290000,764520000,77670000,14070000,1484040000,2414590000,17,16,53,86,350000,-2820000,3480000,-930000,-80000,0,-3,-3,-12,-18
1_870,326580000,748190000,48010000,34060000,1343160000,2500000000,18,20,60,98,352620000,745790000,51070000,9750000,1340770000,2500000000,20,12,54,86,26040000,-2400000,3060000,-24310000,-2390000,0,2,-8,-6,-12
1_871,1122880000,994850000,54180000,104060000,224030000,2500000000,30,23,84,137,1163150000,997550000,58890000,48820000,231590000,2500000000,29,16,70,115,40270000,2700000,4710000,-55240000,7560000,0,-1,-7,-14,-22
1_872,573730000,1505110000,183460000,60440000,177260000,2500000000,30,23,73,126,584210000,1469330000,210950000,17120000,218390000,2500000000,26,16,65,107,10480000,-35780000,27490000,-43320000,41130000,0,-4,-7,-8,-19
1_873,613740000,699040000,55610000,704440000,427170000,2500000000,34,22,68,124,616170000,694140000,70500000,633840000,485350000,2500000000,30,19,73,122,2430000,-4900000,14890000,-70600000,58180000,0,-4,-3,5,-2
1_874,990120000,980020000,78320000,214130000,237410000,2500000000,34,25,78,137,1004160000,977020000,80360000,91600000,346860000,2500000000,28,19,71,118,14040000,-3000000,2040000,-122530000,109450000,0,-6,-6,-7,-19
1_875,899910000,1175470000,63950000,206890000,153780000,2500000000,24,23,69,116,907690000,1164570000,73230000,147880000,206630000,2500000000,28,21,71,120,7780000,-10900000,9280000,-59010000,52850000,0,4,-2,2,4
1_876,1185460000,792410000,51420000,264270000,206440000,2500000000,31,23,80,134,1231250000,798090000,55670000,159460000,255530000,2500000000,27,18,71,116,45790000,5680000,4250000,-104810000,49090000,0,-4,-5,-9,-18
1_877,318660000,1831790000,75440000,99460000,174650000,2500000000,21,16,68,105,337490000,1799530000,96990000,85730000,180260000,2500000000,28,18,73,119,18830000,-32260000,21550000,-13730000,5610000,0,7,2,5,14
1_878,1126370000,693520000,35980000,366780000,277350000,2500000000,32,20,72,124,1137290000,689480000,43030000,297440000,332760000,2500000000,27,19,70,116,10920000,-4040000,7050000,-69340000,55410000,0,-5,-1,-2,-8
1_879,45470000,733090000,98310000,1970000,1402900000,2281740000,19,18,65,102,41310000,724320000,110560000,1530000,1404020000,2281740000,19,16,69,104,-4160000,-8770000,12250000,-440000,1120000,0,0,-2,4,2
1_880,642320000,1508500000,62780000,90040000,196360000,2500000000,25,26,77,128,648860000,1510710000,75150000,69990000,195290000,2500000000,32,17,72,121,6540000,2210000,12370000,-20050000,-1070000,0,7,-9,-5,-7
1_881,32410000,2080950000,226990000,9940000,149710000,2500000000,20,33,86,139,35690000,2026440000,276270000,7530000,154070000,2500000000,27,30,88,145,3280000,-54510000,49280000,-2410000,4360000,0,7,-3,2,6
1_882,269080000,1125000000,177500000,10530000,917890000,2500000000,38,31,94,163,267740000,1101210000,200230000,9870000,920950000,2500000000,39,32,99,170,-1340000,-23790000,22730000,-660000,3060000,0,1,1,5,7
1_883,163320000,294860000,35750000,5160000,1665400000,2164490000,23,25,74,122,159640000,282030000,49660000,7450000,1665710000,2164490000,28,25,80,133,-3680000,-12830000,13910000,2290000,310000,0,5,0,6,11
1_884,1384340000,61130000,39740000,554310000,460480000,2500000000,38,14,60,112,1344560000,71200000,51680000,535560000,497000000,2500000000,41,16,65,122,-39780000,10070000,11940000,-18750000,36520000,0,3,2,5,10
1_885,1326560000,528250000,71180000,171290000,402720000,2500000000,44,22,72,138,1329850000,515690000,79200000,112730000,462530000,2500000000,46,25,86,157,3290000,-12560000,8020000,-58560000,59810000,0,2,3,14,19
1_886,1556350000,133570000,64460000,464090000,281530000,2500000000,38,18,68,124,1524580000,183190000,88550000,406870000,296810000,2500000000,45,21,75,141,-31770000,49620000,24090000,-57220000,15280000,0,7,3,7,17
1_887,1320670000,561140000,111630000,116050000,390510000,2500000000,41,24,77,142,1332070000,547030000,121230000,98150000,401520000,2500000000,47,25,79,151,11400000,-14110000,9600000,-17900000,11010000,0,6,1,2,9
1_888,1435280000,27850000,93900000,589640000,353330000,2500000000,40,21,73,134,1447230000,15280000,135340000,598970000,303180000,2500000000,45,19,71,135,11950000,-12570000,41440000,9330000,-50150000,0,5,-2,-2,1
1_889,790910000,18640000,37520000,893980000,758950000,2500000000,36,18,69,123,720170000,10860000,61610000,946830000,760530000,2500000000,42,18,69,129,-70740000,-7780000,24090000,52850000,1580000,0,6,0,0,6
1_890,1440540000,15140000,97950000,460920000,485450000,2500000000,44,20,71,135,1413060000,16730000,141730000,465140000,463340000,2500000000,46,22,71,139,-27480000,1590000,43780000,4220000,-22110000,0,2,2,0,4
1_891,1029010000,7900000,59820000,765940000,637330000,2500000000,36,14,55,105,991320000,7930000,91670000,795100000,613980000,2500000000,41,16,65,122,-37690000,30000,31850000,29160000,-23350000,0,5,2,10,17
1_892,47090000,221370000,30710000,11240000,1863440000,2173850000,17,14,46,77,45920000,220230000,35270000,5250000,1867180000,2173850000,13,15,54,82,-1170000,-1140000,4560000,-5990000,3740000,0,-4,1,8,5
1_893,742610000,1296450000,75640000,141040000,244260000,2500000000,26,24,74,124,750580000,1299360000,87460000,101500000,261100000,2500000000,30,22,73,125,7970000,2910000,11820000,-39540000,16840000,0,4,-2,-1,1
1_894,782390000,1180500000,275950000,61430000,199730000,2500000000,26,20,64,110,762160000,1177710000,297320000,44430000,218380000,2500000000,24,16,67,107,-20230000,-2790000,21370000,-17000000,18650000,0,-2,-4,3,-3
1_895,475190000,1434510000,78970000,168860000,342470000,2500000000,34,27,83,144,473080000,1431420000,86440000,111540000,397520000,2500000000,31,20,72,123,-2110000,-3090000,7470000,-57320000,55050000,0,-3,-7,-11,-21
1_896,1189600000,525870000,20720000,407400000,356410000,2500000000,37,26,83,146,1219970000,496620000,24570000,402750000,356090000,2500000000,29,17,70,116,30370000,-29250000,3850000,-4650000,-320000,0,-8,-9,-13,-30
1_897,52710000,720500000,36260000,9830000,1464020000,2283320000,16,16,60,92,52680000,710660000,44890000,9320000,1465770000,2283320000,15,18,65,98,-30000,-9840000,8630000,-510000,1750000,0,-1,2,5,6
1_898,444480000,1770640000,24130000,56590000,204160000,2500000000,21,21,70,112,505630000,1741450000,34510000,56080000,162330000,2500000000,23,23,73,119,61150000,-29190000,10380000,-510000,-41830000,0,2,2,3,7
1_899,11790000,182630000,23750000,0,1332290000,1550460000,13,8,47,68,13540000,180320000,25780000,0,1330820000,1550460000,10,15,52,77,1750000,-2310000,2030000,0,-1470000,0,-3,7,5,9
1_900,57420000,899590000,79170000,0,1271210000,2307390000,24,17,66,107,57550000,890800000,87610000,0,1271430000,2307390000,9,12,57,78,130000,-8790000,8440000,0,220000,0,-15,-5,-9,-29
1_901,388400000,131720000,28800000,177790000,1773290000,2500000000,35,22,67,124,418830000,125340000,36500000,178100000,1741230000,2500000000,32,17,70,119,30430000,-6380000,7700000,310000,-32060000,0,-3,-5,3,-5
1_902,1580920000,483830000,75710000,171240000,188300000,2500000000,42,26,90,158,1532740000,485950000,89130000,162760000,229420000,2500000000,50,33,89,172,-48180000,2120000,13420000,-8480000,41120000,0,8,7,-1,14
1_903,1369790000,540300000,41880000,162420000,385610000,2500000000,36,25,88,149,1369870000,543220000,57640000,146540000,382730000,2500000000,42,31,99,172,80000,2920000,15760000,-15880000,-2880000,0,6,6,11,23
1_904,1647020000,496550000,61560000,236040000,58830000,2500000000,41,31,95,167,1635300000,494930000,71910000,214790000,83070000,2500000000,49,32,90,171,-11720000,-1620000,10350000,-21250000,24240000,0,8,1,-5,4
1_905,1817530000,71630000,75580000,96460000,438800000,2500000000,45,22,80,147,1801770000,80300000,86930000,89350000,441650000,2500000000,46,16,77,139,-15760000,8670000,11350000,-7110000,2850000,0,1,-6,-3,-8
1_906,1484560000,336610000,141510000,351700000,185620000,2500000000,43,21,76,140,1465620000,333710000,166610000,345690000,188370000,2500000000,45,23,80,148,-18940000,-2900000,25100000,-6010000,2750000,0,2,2,4,8
1_907,1661640000,321400000,37740000,138140000,341080000,2500000000,45,23,75,143,1675880000,317490000,49340000,132090000,325200000,2500000000,49,20,76,145,14240000,-3910000,11600000,-6050000,-15880000,0,4,-3,1,2
1_908,1396820000,644850000,81860000,314180000,62290000,2500000000,41,22,77,140,1373870000,623800000,110880000,313620000,77830000,2500000000,44,24,77,145,-22950000,-21050000,29020000,-560000,15540000,0,3,2,0,5
1_909,1599750000,477510000,92590000,169770000,160380000,2500000000,43,21,77,141,1585150000,477370000,107310000,166300000,163870000,2500000000,48,29,85,162,-14600000,-140000,14720000,-3470000,3490000,0,5,8,8,21
1_910,1467270000,20930000,48490000,300890000,662420000,2500000000,41,20,68,129,1411150000,18600000,71150000,329450000,669650000,2500000000,44,21,68,133,-56120000,-2330000,22660000,28560000,7230000,0,3,1,0,4
1_911,1342730000,58450000,26240000,729260000,343320000,2500000000,37,16,61,114,1251960000,53590000,43800000,788480000,362170000,2500000000,37,17,61,115,-90770000,-4860000,17560000,59220000,18850000,0,0,1,0,1
1_912,1828320000,6700000,34730000,296690000,333560000,2500000000,40,18,68,126,1759600000,10470000,45840000,317860000,366230000,2500000000,46,19,70,135,-68720000,3770000,11110000,21170000,32670000,0,6,1,2,9
1_913,1582320000,216890000,66410000,472980000,161400000,2500000000,37,22,64,123,1535670000,154350000,78890000,536020000,195070000,2500000000,41,20,74,135,-46650000,-62540000,12480000,63040000,33670000,0,4,-2,10,12
1_914,961620000,1077960000,43970000,201220000,215230000,2500000000,33,23,74,130,980560000,1079210000,53530000,122880000,263820000,2500000000,30,19,71,120,18940000,1250000,9560000,-78340000,48590000,0,-3,-4,-3,-10
1_915,1135760000,877040000,33800000,208700000,244700000,2500000000,27,21,77,125,1121870000,911160000,41370000,152830000,272770000,2500000000,32,17,72,121,-13890000,34120000,7570000,-55870000,28070000,0,5,-4,-5,-4
1_916,224830000,2106940000,41260000,65640000,61330000,2500000000,20,20,63,103,236810000,2124850000,52930000,38050000,47360000,2500000000,19,16,56,91,11980000,17910000,11670000,-27590000,-13970000,0,-1,-4,-7,-12
1_917,782150000,1364950000,37470000,165450000,149980000,2500000000,29,24,78,131,771090000,1371290000,50660000,109410000,197550000,2500000000,24,18,76,118,-11060000,6340000,13190000,-56040000,47570000,0,-5,-6,-2,-13
1_918,7720000,2010190000,44560000,36580000,400950000,2500000000,7,24,58,89,8550000,1999790000,49610000,40410000,401640000,2500000000,9,24,68,101,830000,-10400000,5050000,3830000,690000,0,2,0,10,12
1_919,403880000,1936990000,33300000,64970000,60860000,2500000000,20,22,68,110,379330000,1964080000,37640000,40600000,78350000,2500000000,21,19,59,99,-24550000,27090000,4340000,-24370000,17490000,0,1,-3,-9,-11
1_920,51410000,1741410000,27170000,86980000,593030000,2500000000,22,23,78,123,65220000,1748290000,28860000,41830000,615800000,2500000000,14,21,69,104,13810000,6880000,1690000,-45150000,22770000,0,-8,-2,-9,-19
1_921,426820000,582430000,29660000,226070000,1235020000,2500000000,28,32,87,147,546460000,560720000,38990000,163820000,1190010000,2500000000,24,22,63,109,119640000,-21710000,9330000,-62250000,-45010000,0,-4,-10,-24,-38
1_922,121000000,458690000,122790000,198440000,1599080000,2500000000,18,26,78,122,113990000,485980000,130800000,228190000,1541040000,2500000000,20,26,67,113,-7010000,27290000,8010000,29750000,-58040000,0,2,0,-11,-9
1_923,433000000,551640000,24110000,670300000,820950000,2500000000,26,25,70,121,380550000,545860000,31230000,661690000,880670000,2500000000,24,26,73,123,-52450000,-5780000,7120000,-8610000,59720000,0,-2,1,3,2
1_924,1663290000,283000000,10420000,224710000,318580000,2500000000,32,16,60,108,1661730000,334760000,15690000,174290000,313530000,2500000000,32,19,58,109,-1560000,51760000,5270000,-50420000,-5050000,0,0,3,-2,1
1_925,1378660000,910360000,39410000,110220000,61350000,2500000000,36,20,75,131,1368060000,903600000,53030000,101050000,74260000,2500000000,43,27,81,151,-10600000,-6760000,13620000,-9170000,12910000,0,7,7,6,20
1_926,1462770000,623880000,38960000,109190000,265200000,2500000000,34,22,78,134,1461750000,628480000,45470000,101590000,262710000,2500000000,39,19,78,136,-1020000,4600000,6510000,-7600000,-2490000,0,5,-3,0,2
1_927,715600000,1149360000,266300000,201790000,166950000,2500000000,35,24,83,142,699520000,1130120000,305550000,167510000,197300000,2500000000,32,24,81,137,-16080000,-19240000,39250000,-34280000,30350000,0,-3,0,-2,-5
1_928,1019260000,949540000,19470000,190080000,321650000,2500000000,21,18,70,109,1002000000,939930000,21770000,167630000,368670000,2500000000,29,18,66,113,-17260000,-9610000,2300000,-22450000,47020000,0,8,0,-4,4
1_929,1384560000,661670000,109170000,279190000,65410000,2500000000,38,19,77,134,1406180000,660310000,119620000,271220000,42670000,2500000000,46,22,81,149,21620000,-1360000,10450000,-7970000,-22740000,0,8,3,4,15
1_930,1260210000,908490000,71560000,239940000,19800000,2500000000,36,22,81,139,1269430000,894900000,81810000,221820000,32040000,2500000000,45,24,86,155,9220000,-13590000,10250000,-18120000,12240000,0,9,2,5,16
1_931,795630000,1507300000,103860000,69560000,23650000,2500000000,34,27,90,151,784740000,1514270000,112630000,54830000,33530000,2500000000,37,28,89,154,-10890000,6970000,8770000,-14730000,9880000,0,3,1,-1,3
1_932,835040000,1272270000,58080000,192930000,141680000,2500000000,35,30,95,160,854970000,1263790000,79340000,174720000,127180000,2500000000,39,31,94,164,19930000,-8480000,21260000,-18210000,-14500000,0,4,1,-1,4
1_933,1906750000,42220000,59600000,232370000,259060000,2500000000,41,18,68,127,1879650000,44750000,69890000,276700000,229010000,2500000000,42,17,66,125,-27100000,2530000,10290000,44330000,-30050000,0,1,-1,-2,-2
1_934,1500950000,373980000,226090000,380630000,18350000,2500000000,40,18,66,124,1481500000,364600000,235820000,383290000,34790000,2500000000,44,22,73,139,-19450000,-9380000,9730000,2660000,16440000,0,4,4,7,15
1_935,1529900000,520150000,132710000,244960000,72280000,2500000000,40,20,65,125,1536440000,544800000,145670000,220140000,52950000,2500000000,44,20,73,137,6540000,24650000,12960000,-24820000,-19330000,0,4,0,8,12
1_936,997770000,1292530000,135020000,69100000,5580000,2500000000,40,21,81,142,996100000,1290410000,142480000,62460000,8550000,2500000000,43,21,80,144,-1670000,-2120000,7460000,-6640000,2970000,0,3,0,-1,2
1_937,386210000,1733650000,25860000,50320000,303960000,2500000000,19,19,62,100,378680000,1706240000,30000000,40190000,344890000,2500000000,24,22,70,116,-7530000,-27410000,4140000,-10130000,40930000,0,5,3,8,16
1_938,67380000,810720000,84170000,40150000,1482220000,2484640000,15,20,53,88,62630000,780800000,102810000,42720000,1495680000,2484640000,17,18,52,87,-4750000,-29920000,18640000,2570000,13460000,0,2,-2,-1,-1
1_939,152490000,1969450000,50330000,298280000,29450000,2500000000,13,18,50,81,132650000,1940250000,59080000,287680000,80340000,2500000000,16,19,60,95,-19840000,-29200000,8750000,-10600000,50890000,0,3,1,10,14
1_940,189410000,1900740000,83310000,35920000,290620000,2500000000,11,18,41,70,195530000,1873440000,115170000,18810000,297050000,2500000000,13,19,53,85,6120000,-27300000,31860000,-17110000,6430000,0,2,1,12,15
1_941,445680000,289630000,25740000,57320000,1681630000,2500000000,20,19,51,90,406370000,248240000,29870000,30680000,1784840000,2500000000,23,21,61,105,-39310000,-41390000,4130000,-26640000,103210000,0,3,2,10,15
1_942,634780000,448820000,80410000,289910000,1046080000,2500000000,22,22,78,122,558110000,457040000,114500000,301710000,1068640000,2500000000,23,23,74,120,-76670000,8220000,34090000,11800000,22560000,0,1,1,-4,-2
1_943,1079590000,1087590000,24120000,202500000,106200000,2500000000,22,22,65,109,1199030000,954200000,28800000,193230000,124740000,2500000000,25,20,70,115,119440000,-133390000,4680000,-9270000,18540000,0,3,-2,5,6
1_944,1629980000,328970000,6990000,425790000,108270000,2500000000,21,15,48,84,1677690000,270440000,7880000,379890000,164100000,2500000000,23,15,59,97,47710000,-58530000,890000,-45900000,55830000,0,2,0,11,13
1_945,893110000,1476290000,36760000,31870000,61970000,2500000000,27,24,77,128,978130000,1363680000,51840000,33150000,73200000,2500000000,31,22,78,131,85020000,-112610000,15080000,1280000,11230000,0,4,-2,1,3
1_946,691840000,1386110000,58820000,120880000,242350000,2500000000,27,20,67,114,704170000,1361440000,74070000,110240000,250080000,2500000000,24,22,71,117,12330000,-24670000,15250000,-10640000,7730000,0,-3,2,4,3
1_947,798000000,1039400000,71680000,211720000,379200000,2500000000,30,25,75,130,796040000,983290000,76750000,220410000,423510000,2500000000,30,23,80,133,-1960000,-56110000,5070000,8690000,44310000,0,0,-2,5,3
1_948,891540000,1242970000,60520000,149730000,155240000,2500000000,36,26,88,150,857100000,1228190000,71400000,145310000,198000000,2500000000,28,22,80,130,-34440000,-14780000,10880000,-4420000,42760000,0,-8,-4,-8,-20
1_949,1152230000,919150000,41310000,161100000,226210000,2500000000,31,26,81,138,1102070000,888360000,51180000,150590000,307800000,2500000000,28,22,79,129,-50160000,-30790000,9870000,-10510000,81590000,0,-3,-4,-2,-9
1_950,1026270000,1097670000,107340000,177010000,91710000,2500000000,33,25,86,144,1001090000,1081520000,116560000,163230000,137600000,2500000000,34,30,78,142,-25180000,-16150000,9220000,-13780000,45890000,0,1,5,-8,-2
1_951,641340000,1366070000,118780000,174700000,199110000,2500000000,29,20,77,126,656820000,1352140000,144250000,152160000,194630000,2500000000,32,24,80,136,15480000,-13930000,25470000,-22540000,-4480000,0,3,4,3,10
1_952,620770000,1009200000,125320000,323200000,421510000,2500000000,28,32,94,154,648140000,964160000,139750000,313980000,433970000,2500000000,36,32,90,158,27370000,-45040000,14430000,-9220000,12460000,0,8,0,-4,4
1_953,889520000,1256440000,76780000,114580000,162680000,2500000000,31,23,80,134,834930000,1123650000,80810000,110460000,350150000,2500000000,30,23,83,136,-54590000,-132790000,4030000,-4120000,187470000,0,-1,0,3,2
1_954,630480000,1345450000,145090000,131410000,247570000,2500000000,36,38,92,166,634850000,1333050000,163870000,114080000,254150000,2500000000,38,35,100,173,4370000,-12400000,18780000,-17330000,6580000,0,2,-3,8,7
1_955,735330000,1485160000,130030000,96380000,53100000,2500000000,33,21,74,128,737350000,1478290000,139870000,77180000,67310000,2500000000,36,25,83,144,2020000,-6870000,9840000,-19200000,14210000,0,3,4,9,16
1_956,307740000,1714920000,162720000,197450000,117170000,2500000000,25,28,78,131,355140000,1678380000,172830000,162930000,130720000,2500000000,32,29,94,155,47400000,-36540000,10110000,-34520000,13550000,0,7,1,16,24
1_957,639070000,1398610000,116460000,224670000,121190000,2500000000,25,23,69,117,627450000,1349000000,121990000,215160000,186400000,2500000000,30,25,79,134,-11620000,-49610000,5530000,-9510000,65210000,0,5,2,10,17
1_958,560870000,1416850000,206130000,164120000,152030000,2500000000,37,36,85,158,628980000,1251470000,223850000,274390000,121310000,2500000000,43,36,94,173,68110000,-165380000,17720000,110270000,-30720000,0,6,0,9,15
1_959,327360000,600320000,40070000,150720000,1381530000,2500000000,30,20,73,123,276940000,579830000,50820000,114860000,1477550000,2500000000,29,28,86,143,-50420000,-20490000,10750000,-35860000,96020000,0,-1,8,13,20
1_960,955290000,320260000,29090000,328540000,866820000,2500000000,31,24,64,119,1013320000,310780000,34580000,267030000,874290000,2500000000,36,24,75,135,58030000,-9480000,5490000,-61510000,7470000,0,5,0,11,16
1_961,805290000,1455850000,17000000,159570000,62290000,2500000000,21,21,71,113,967500000,1308240000,25430000,116150000,82680000,2500000000,19,17,59,95,162210000,-147610000,8430000,-43420000,20390000,0,-2,-4,-12,-18
1_962,1476570000,564260000,19710000,344800000,94660000,2500000000,27,13,48,88,1521030000,537750000,27820000,319280000,94120000,2500000000,28,14,52,94,44460000,-26510000,8110000,-25520000,-540000,0,1,1,4,6
1_963,668050000,1506210000,43210000,124720000,157810000,2500000000,24,22,73,119,643310000,1448220000,52280000,110750000,245440000,2500000000,27,22,82,131,-24740000,-57990000,9070000,-13970000,87630000,0,3,0,9,12
1_964,1101400000,1090920000,53960000,70790000,182930000,2500000000,31,24,76,131,1077270000,1059650000,78300000,73830000,210950000,2500000000,32,26,79,137,-24130000,-31270000,24340000,3040000,28020000,0,1,2,3,6
1_965,429420000,1624920000,107260000,68770000,269630000,2500000000,26,30,84,140,440600000,1598380000,113580000,68450000,278990000,2500000000,32,27,84,143,11180000,-26540000,6320000,-320000,9360000,0,6,-3,0,3
1_966,770370000,1301200000,146210000,152170000,130050000,2500000000,27,25,80,132,780220000,1278020000,151170000,139890000,150700000,2500000000,33,23,74,130,9850000,-23180000,4960000,-12280000,20650000,0,6,-2,-6,-2
1_967,400910000,1755300000,161380000,76410000,106000000,2500000000,30,33,92,155,402720000,1702470000,173320000,94070000,127420000,2500000000,37,29,92,158,1810000,-52830000,11940000,17660000,21420000,0,7,-4,0,3
1_968,740630000,962160000,150550000,328210000,318450000,2500000000,31,32,87,150,727620000,924260000,161810000,337010000,349300000,2500000000,33,26,88,147,-13010000,-37900000,11260000,8800000,30850000,0,2,-6,1,-3
1_969,287830000,451000000,75510000,166490000,1519170000,2500000000,37,36,80,153,291110000,426020000,78160000,181760000,1522950000,2500000000,40,33,81,154,3280000,-24980000,2650000,15270000,3780000,0,3,-3,1,1
1_970,238330000,1041340000,67400000,245960000,906970000,2500000000,39,40,92,171,234220000,1016020000,66980000,251550000,931230000,2500000000,42,40,95,177,-4110000,-25320000,-420000,5590000,24260000,0,3,0,3,6
1_971,78040000,1141280000,241150000,68090000,971440000,2500000000,33,40,80,153,77750000,1121030000,276850000,69060000,955310000,2500000000,40,41,87,168,-290000,-20250000,35700000,970000,-16130000,0,7,1,7,15
1_972,2500000,347710000,41620000,15630000,1695820000,2103280000,31,34,78,143,2570000,343850000,46670000,15600000,1694590000,2103280000,27,32,74,133,70000,-3860000,5050000,-30000,-1230000,0,-4,-2,-4,-10
1_973,462810000,1839250000,67200000,118740000,12000000,2500000000,34,23,74,131,481590000,1598240000,97330000,309780000,13060000,2500000000,36,24,75,135,18780000,-241010000,30130000,191040000,1060000,0,2,1,1,4
1_974,630830000,1011090000,116300000,602030000,139750000,2500000000,37,26,82,145,644060000,840360000,158080000,715590000,141910000,2500000000,46,28,82,156,13230000,-170730000,41780000,113560000,2160000,0,9,2,0,11
1_975,551650000,1623700000,99990000,184220000,40440000,2500000000,34,27,78,139,563470000,1282630000,155610000,450880000,47410000,2500000000,39,25,79,143,11820000,-341070000,55620000,266660000,6970000,0,5,-2,1,4
1_976,802430000,709150000,128100000,792530000,67790000,2500000000,36,23,77,136,783720000,910570000,196660000,529440000,79610000,2500000000,42,25,78,145,-18710000,201420000,68560000,-263090000,11820000,0,6,2,1,9
1_977,1096310000,1015470000,71040000,281310000,35870000,2500000000,41,31,87,159,1124670000,677650000,90300000,579560000,27820000,2500000000,45,33,88,166,28360000,-337820000,19260000,298250000,-8050000,0,4,2,1,7
1_978,647160000,1515040000,107890000,198530000,31380000,2500000000,39,30,83,152,651060000,1225110000,132490000,448250000,43090000,2500000000,43,28,87,158,3900000,-289930000,24600000,249720000,11710000,0,4,-2,4,6
1_979,820950000,1173220000,73590000,409300000,22940000,2500000000,43,29,93,165,824080000,1070640000,76490000,506610000,22180000,2500000000,45,23,84,152,3130000,-102580000,2900000,97310000,-760000,0,2,-6,-9,-13
1_980,1529540000,216080000,62570000,582770000,109040000,2500000000,42,28,89,159,1414200000,109140000,78290000,708420000,189950000,2500000000,45,20,72,137,-115340000,-106940000,15720000,125650000,80910000,0,3,-8,-17,-22
1_981,1233960000,607760000,147350000,362000000,148930000,2500000000,42,29,84,155,1249270000,505120000,160970000,437120000,147520000,2500000000,47,31,87,165,15310000,-102640000,13620000,75120000,-1410000,0,5,2,3,10
1_982,1105570000,870890000,82920000,383000000,57620000,2500000000,43,30,86,159,1130730000,681330000,97800000,535140000,55000000,2500000000,45,28,89,162,25160000,-189560000,14880000,152140000,-2620000,0,2,-2,3,3
1_983,684710000,972890000,94040000,397410000,350950000,2500000000,42,31,87,160,739140000,909360000,103810000,451000000,296690000,2500000000,47,31,94,172,54430000,-63530000,9770000,53590000,-54260000,0,5,0,7,12
1_984,917230000,1281200000,125200000,139850000,36520000,2500000000,40,29,91,160,921180000,1188830000,137800000,206930000,45260000,2500000000,44,26,87,157,3950000,-92370000,12600000,67080000,8740000,0,4,-3,-4,-3
1_985,421060000,1669120000,305900000,71110000,32810000,2500000000,40,26,80,146,449400000,1293200000,345270000,380320000,31810000,2500000000,45,28,85,158,28340000,-375920000,39370000,309210000,-1000000,0,5,2,5,12
1_986,270660000,1960760000,167000000,46030000,55550000,2500000000,36,27,80,143,309600000,1728750000,188070000,230870000,42710000,2500000000,43,28,86,157,38940000,-232010000,21070000,184840000,-12840000,0,7,1,6,14
1_987,685850000,1216160000,240860000,222830000,134300000,2500000000,39,25,78,142,745250000,855620000,269260000,520750000,109120000,2500000000,44,25,82,151,59400000,-360540000,28400000,297920000,-25180000,0,5,0,4,9
1_988,1048590000,1083770000,104110000,203830000,59700000,2500000000,35,28,84,147,1084270000,932670000,95150000,317540000,70370000,2500000000,43,27,84,154,35680000,-151100000,-8960000,113710000,10670000,0,8,-1,0,7
1_989,960260000,1035590000,138960000,247520000,117670000,2500000000,36,32,78,146,1032440000,852640000,157070000,347950000,109900000,2500000000,42,30,87,159,72180000,-182950000,18110000,100430000,-7770000,0,6,-2,9,13
1_990,798090000,1330970000,106470000,206390000,58080000,2500000000,33,31,77,141,849860000,1131160000,114940000,355210000,48830000,2500000000,43,32,90,165,51770000,-199810000,8470000,148820000,-9250000,0,10,1,13,24
1_991,1135490000,833530000,86490000,323580000,120910000,2500000000,39,32,83,154,1182250000,680050000,105180000,389880000,142640000,2500000000,42,27,88,157,46760000,-153480000,18690000,66300000,21730000,0,3,-5,5,3
1_992,577550000,802270000,762100000,233010000,125070000,2500000000,38,33,89,160,582900000,587070000,840320000,359670000,130040000,2500000000,43,32,92,167,5350000,-215200000,78220000,126660000,4970000,0,5,-1,3,7
1_993,367360000,1532350000,133540000,405570000,61180000,2500000000,36,32,82,150,369660000,1428180000,124160000,501650000,76350000,2500000000,39,32,86,157,2300000,-104170000,-9380000,96080000,15170000,0,3,0,4,7
1_994,623710000,1281760000,68480000,245190000,280860000,2500000000,39,34,90,163,643140000,1134480000,66900000,367080000,288400000,2500000000,40,29,90,159,19430000,-147280000,-1580000,121890000,7540000,0,1,-5,0,-4
1_995,323810000,1627330000,97510000,395660000,55690000,2500000000,35,36,86,157,309990000,1563920000,86290000,429220000,110580000,2500000000,40,36,89,165,-13820000,-63410000,-11220000,33560000,54890000,0,5,0,3,8
1_996,780930000,1225410000,84770000,242330000,166560000,2500000000,35,32,82,149,807070000,1081140000,84810000,350790000,176190000,2500000000,43,31,91,165,26140000,-144270000,40000,108460000,9630000,0,8,-1,9,16
1_997,89860000,122690000,21440000,52460000,2022750000,2309200000,35,34,80,149,90440000,105480000,25620000,63860000,2023800000,2309200000,39,26,76,141,580000,-17210000,4180000,11400000,1050000,0,4,-8,-4,-8
1_998,424040000,838960000,46470000,105050000,1085480000,2500000000,40,38,87,165,435700000,836690000,51520000,104720000,1071370000,2500000000,43,38,89,170,11660000,-2270000,5050000,-330000,-14110000,0,3,0,2,5
1_999,17340000,402440000,26730000,23590000,1371580000,1841680000,30,30,69,129,18410000,399790000,28680000,23750000,1371050000,1841680000,29,29,73,131,1070000,-2650000,1950000,160000,-530000,0,-1,-1,4,2
1_1000,984990000,847490000,103080000,496460000,67980000,2500000000,39,19,67,125,975490000,722320000,125220000,600110000,76860000,2500000000,43,22,77,142,-9500000,-125170000,22140000,103650000,8880000,0,4,3,10,17
1_1001,579430000,1431470000,226210000,229990000,32900000,2500000000,42,22,73,137,582280000,1428500000,286750000,162980000,39490000,2500000000,47,26,81,154,2850000,-2970000,60540000,-67010000,6590000,0,5,4,8,17
1_1002,1233250000,908710000,61390000,282450000,14200000,2500000000,40,22,75,137,1211520000,864940000,84330000,310830000,28380000,2500000000,43,24,71,138,-21730000,-43770000,22940000,28380000,14180000,0,3,2,-4,1
1_1003,877040000,1055840000,138470000,387220000,41430000,2500000000,42,20,74,136,839790000,1068090000,171150000,377720000,43250000,2500000000,46,24,78,148,-37250000,12250000,32680000,-9500000,1820000,0,4,4,4,12
1_1004,748530000,1358980000,82550000,232340000,77600000,2500000000,42,32,88,162,766350000,1287300000,85420000,299080000,61850000,2500000000,49,29,97,175,17820000,-71680000,2870000,66740000,-15750000,0,7,-3,9,13
1_1005,1159600000,675490000,39410000,492360000,133140000,2500000000,45,32,94,171,1156960000,594180000,42400000,563440000,143020000,2500000000,48,37,99,184,-2640000,-81310000,2990000,71080000,9880000,0,3,5,5,13
1_1006,721890000,1501070000,90720000,159340000,26980000,2500000000,40,31,89,160,707480000,1432960000,95860000,221670000,42030000,2500000000,42,25,92,159,-14410000,-68110000,5140000,62330000,15050000,0,2,-6,3,-1
1_1007,952120000,1071670000,121300000,226230000,128680000,2500000000,45,35,102,182,948640000,915730000,135360000,364810000,135460000,2500000000,46,34,100,180,-3480000,-155940000,14060000,138580000,6780000,0,1,-1,-2,-2
1_1008,401740000,1808710000,177170000,39070000,73310000,2500000000,39,30,89,158,416980000,1791730000,188510000,49900000,52880000,2500000000,46,31,90,167,15240000,-16980000,11340000,10830000,-20430000,0,7,1,1,9
1_1009,1131070000,1028600000,151340000,138510000,50480000,2500000000,40,27,85,152,1144790000,968020000,171190000,177370000,38630000,2500000000,46,28,88,162,13720000,-60580000,19850000,38860000,-11850000,0,6,1,3,10
1_1010,514880000,1659470000,232530000,33570000,59550000,2500000000,38,29,83,150,525890000,1606570000,267310000,44140000,56090000,2500000000,42,30,90,162,11010000,-52900000,34780000,10570000,-3460000,0,4,1,7,12
1_1011,686550000,1364310000,326320000,80950000,41870000,2500000000,39,28,89,156,687550000,1273670000,367290000,128200000,43290000,2500000000,44,26,89,159,1000000,-90640000,40970000,47250000,1420000,0,5,-2,0,3
1_1012,759730000,1253020000,300100000,98150000,89000000,2500000000,41,30,83,154,816030000,933170000,323680000,363760000,63360000,2500000000,45,29,87,161,56300000,-319850000,23580000,265610000,-25640000,0,4,-1,4,7
1_1013,975520000,826410000,202890000,337310000,157870000,2500000000,41,29,90,160,1021450000,637360000,221760000,493080000,126350000,2500000000,47,27,89,163,45930000,-189050000,18870000,155770000,-31520000,0,6,-2,-1,3
1_1014,713860000,1272320000,151230000,142520000,220070000,2500000000,41,34,89,164,802790000,983060000,176370000,344620000,193160000,2500000000,45,31,94,170,88930000,-289260000,25140000,202100000,-26910000,0,4,-3,5,6
1_1015,1044210000,792180000,168560000,392920000,102130000,2500000000,40,30,89,159,1075150000,676130000,174190000,494340000,80190000,2500000000,44,27,88,159,30940000,-116050000,5630000,101420000,-21940000,0,4,-3,-1,0
1_1016,1245900000,768780000,136400000,228350000,120570000,2500000000,37,35,86,158,1297360000,570550000,153270000,363170000,115650000,2500000000,43,30,87,160,51460000,-198230000,16870000,134820000,-4920000,0,6,-5,1,2
1_1017,844830000,1011590000,166410000,201210000,275960000,2500000000,38,30,76,144,946720000,729000000,193690000,376980000,253610000,2500000000,44,35,92,171,101890000,-282590000,27280000,175770000,-22350000,0,6,5,16,27
1_1018,1417930000,728060000,101230000,144870000,107910000,2500000000,35,35,78,148,1490040000,594250000,122780000,196990000,95940000,2500000000,43,33,89,165,72110000,-133810000,21550000,52120000,-11970000,0,8,-2,11,17
1_1019,1166060000,742350000,156950000,177700000,256940000,2500000000,36,33,88,157,1241000000,584560000,176810000,242080000,255550000,2500000000,44,32,90,166,74940000,-157790000,19860000,64380000,-1390000,0,8,-1,2,9
1_1020,954360000,1083980000,102410000,236810000,122440000,2500000000,39,33,90,162,968050000,954140000,120860000,328510000,128440000,2500000000,42,35,96,173,13690000,-129840000,18450000,91700000,6000000,0,3,2,6,11
1_1021,902660000,1085680000,349530000,102040000,60090000,2500000000,37,35,84,156,913740000,964270000,377780000,177770000,66440000,2500000000,43,35,91,169,11080000,-121410000,28250000,75730000,6350000,0,6,0,7,13
1_1022,707290000,1409890000,57360000,236190000,89270000,2500000000,38,40,95,173,708290000,1325780000,88350000,249310000,128270000,2500000000,40,36,88,164,1000000,-84110000,30990000,13120000,39000000,0,2,-4,-7,-9
1_1023,771820000,1320860000,70490000,299910000,36920000,2500000000,37,40,98,175,791520000,1245420000,96870000,305920000,60270000,2500000000,41,41,95,177,19700000,-75440000,26380000,6010000,23350000,0,4,1,-3,2
1_1024,396810000,798920000,77110000,389590000,837570000,2500000000,33,36,82,151,393540000,737660000,78010000,423750000,867040000,2500000000,42,39,92,173,-3270000,-61260000,900000,34160000,29470000,0,9,3,10,22
1_1025,470720000,1504650000,78370000,380160000,66100000,2500000000,37,34,92,163,482550000,1426630000,79780000,421880000,89160000,2500000000,39,33,93,165,11830000,-78020000,1410000,41720000,23060000,0,2,-1,1,2
1_1026,481450000,414930000,32600000,237280000,1333740000,2500000000,40,43,93,176,487020000,375540000,57720000,235300000,1344420000,2500000000,39,34,90,163,5570000,-39390000,25120000,-1980000,10680000,0,-1,-9,-3,-13
1_1027,940360000,802930000,146790000,382650000,227270000,2500000000,38,41,96,175,949280000,701200000,209560000,387120000,252840000,2500000000,43,33,93,169,8920000,-101730000,62770000,4470000,25570000,0,5,-8,-3,-6
1_1028,26910000,48260000,18610000,24240000,1262500000,1380520000,31,31,77,139,27890000,40310000,26170000,19850000,1266300000,1380520000,34,28,79,141,980000,-7950000,7560000,-4390000,3800000,0,3,-3,2,2
1_1029,303340000,547180000,50950000,113160000,1273390000,2288020000,39,34,88,161,306260000,485620000,85390000,130250000,1280500000,2288020000,42,32,83,157,2920000,-61560000,34440000,17090000,7110000,0,3,-2,-5,-4
1_1030,1175990000,1144690000,74990000,86610000,17720000,2500000000,40,23,77,140,1184390000,1114920000,101050000,67890000,31750000,2500000000,45,25,83,153,8400000,-29770000,26060000,-18720000,14030000,0,5,2,6,13
1_1031,1219550000,875910000,96130000,287930000,20480000,2500000000,42,19,74,135,1165950000,879770000,141640000,287920000,24720000,2500000000,45,25,74,144,-53600000,3860000,45510000,-10000,4240000,0,3,6,0,9
1_1032,508650000,1785710000,173250000,1190000,31200000,2500000000,34,22,81,137,514690000,1751810000,195970000,2430000,35100000,2500000000,42,24,84,150,6040000,-33900000,22720000,1240000,3900000,0,8,2,3,13
1_1033,1347340000,594400000,331510000,212150000,14600000,2500000000,40,24,77,141,1360620000,586090000,347890000,184940000,20460000,2500000000,46,23,79,148,13280000,-8310000,16380000,-27210000,5860000,0,6,-1,2,7
1_1034,744350000,1508520000,91670000,137380000,18080000,2500000000,38,28,83,149,740190000,1454290000,97630000,183910000,23980000,2500000000,45,27,86,158,-4160000,-54230000,5960000,46530000,5900000,0,7,-1,3,9
1_1035,846560000,1434700000,77620000,106950000,34170000,2500000000,42,29,89,160,846850000,1394420000,97600000,130300000,30830000,2500000000,43,27,86,156,290000,-40280000,19980000,23350000,-3340000,0,1,-2,-3,-4
1_1036,778450000,1453120000,102580000,134790000,31060000,2500000000,36,29,81,146,777900000,1414100000,107130000,165990000,34880000,2500000000,44,29,90,163,-550000,-39020000,4550000,31200000,3820000,0,8,0,9,17
1_1037,645430000,1686730000,114130000,9540000,44170000,2500000000,37,28,93,158,648100000,1671860000,120660000,15290000,44090000,2500000000,43,31,95,169,2670000,-14870000,6530000,5750000,-80000,0,6,3,2,11
1_1038,552820000,1673560000,141960000,108290000,23370000,2500000000,39,32,89,160,552410000,1648970000,149690000,121360000,27570000,2500000000,42,32,97,171,-410000,-24590000,7730000,13070000,4200000,0,3,0,8,11
1_1039,625080000,1659810000,133670000,42290000,39150000,2500000000,40,32,90,162,598910000,1593680000,146690000,93540000,67180000,2500000000,43,29,95,167,-26170000,-66130000,13020000,51250000,28030000,0,3,-3,5,5
1_1040,736290000,1346200000,185260000,191540000,40710000,2500000000,43,32,98,173,727690000,1274720000,203100000,228230000,66260000,2500000000,44,30,92,166,-8600000,-71480000,17840000,36690000,25550000,0,1,-2,-6,-7
1_1041,649810000,1464810000,164710000,174420000,46250000,2500000000,41,33,91,165,661330000,1424610000,175730000,203480000,34850000,2500000000,44,30,93,167,11520000,-40200000,11020000,29060000,-11400000,0,3,-3,2,2
1_1042,1085010000,1115300000,100370000,96660000,102660000,2500000000,39,28,85,152,1141720000,998910000,185320000,85370000,88680000,2500000000,41,26,88,155,56710000,-116390000,84950000,-11290000,-13980000,0,2,-2,3,3
1_1043,905390000,842290000,144710000,305430000,302180000,2500000000,41,29,90,160,1045930000,724970000,201160000,353420000,174520000,2500000000,46,27,87,160,140540000,-117320000,56450000,47990000,-127660000,0,5,-2,-3,0
1_1044,606260000,1598190000,137560000,111190000,46800000,2500000000,37,33,89,159,596970000,1502470000,208720000,113530000,78310000,2500000000,41,32,89,162,-9290000,-95720000,71160000,2340000,31510000,0,4,-1,0,3
1_1045,913200000,1129700000,135220000,252830000,69050000,2500000000,42,27,89,158,926920000,881280000,213580000,379250000,98970000,2500000000,45,29,90,164,13720000,-248420000,78360000,126420000,29920000,0,3,2,1,6
1_1046,1393090000,820680000,70240000,151000000,64990000,2500000000,36,30,85,151,1422860000,739120000,111730000,156040000,70250000,2500000000,39,28,88,155,29770000,-81560000,41490000,5040000,5260000,0,3,-2,3,4
1_1047,1151740000,1010470000,94580000,156370000,86840000,2500000000,41,28,86,155,1230820000,898100000,134860000,133770000,102450000,2500000000,41,26,86,153,79080000,-112370000,40280000,-22600000,15610000,0,0,-2,0,-2
1_1048,902510000,1176980000,63640000,286660000,70210000,2500000000,37,33,91,161,918880000,1105290000,111240000,295280000,69310000,2500000000,38,29,84,151,16370000,-71690000,47600000,8620000,-900000,0,1,-4,-7,-10
1_1049,846610000,1254360000,93120000,197530000,108380000,2500000000,37,34,90,161,885510000,1153930000,125000000,215430000,120130000,2500000000,42,33,86,161,38900000,-100430000,31880000,17900000,11750000,0,5,-1,-4,0
1_1050,945420000,1242350000,34090000,212300000,65840000,2500000000,38,34,91,163,965230000,1187530000,58760000,202330000,86150000,2500000000,40,28,89,157,19810000,-54820000,24670000,-9970000,20310000,0,2,-6,-2,-6
1_1051,1232260000,850810000,61900000,287940000,67090000,2500000000,37,35,87,159,1257440000,778310000,107340000,275900000,81010000,2500000000,39,35,90,164,25180000,-72500000,45440000,-12040000,13920000,0,2,0,3,5
1_1052,1491740000,638410000,22700000,217200000,129950000,2500000000,38,34,92,164,1588450000,559260000,42820000,232750000,76720000,2500000000,41,30,87,158,96710000,-79150000,20120000,15550000,-53230000,0,3,-4,-5,-6
1_1053,1191390000,1104440000,27410000,108040000,68720000,2500000000,37,30,90,157,1199320000,1051280000,52600000,113710000,83090000,2500000000,41,29,88,158,7930000,-53160000,25190000,5670000,14370000,0,4,-1,-2,1
1_1054,748540000,1274120000,31660000,340170000,105510000,2500000000,37,29,80,146,773560000,1206140000,81570000,310600000,128130000,2500000000,42,31,87,160,25020000,-67980000,49910000,-29570000,22620000,0,5,2,7,14
1_1055,711220000,1414790000,42450000,247920000,83620000,2500000000,39,33,88,160,741960000,1309430000,93160000,235090000,120360000,2500000000,37,32,89,158,30740000,-105360000,50710000,-12830000,36740000,0,-2,-1,1,-2
1_1056,1061200000,1163840000,39700000,204630000,30630000,2500000000,37,27,77,141,1087640000,1054870000,75120000,206860000,75510000,2500000000,41,27,83,151,26440000,-108970000,35420000,2230000,44880000,0,4,0,6,10
1_1057,1221180000,927480000,38390000,131140000,181810000,2500000000,38,27,81,146,1244340000,807730000,69250000,146590000,232090000,2500000000,41,29,90,160,23160000,-119750000,30860000,15450000,50280000,0,3,2,9,14
1_1058,1036530000,1126700000,53910000,199650000,83210000,2500000000,38,31,86,155,1062840000,1021350000,88840000,209260000,117710000,2500000000,41,31,87,159,26310000,-105350000,34930000,9610000,34500000,0,3,0,1,4
1_1059,447120000,467760000,16540000,166480000,1317640000,2415540000,38,32,88,158,455470000,392940000,31590000,197280000,1338260000,2415540000,42,33,86,161,8350000,-74820000,15050000,30800000,20620000,0,4,1,-2,3
1_1060,1116890000,1135980000,38400000,139480000,69250000,2500000000,39,29,83,151,1103760000,1033810000,76800000,153510000,132120000,2500000000,40,30,79,149,-13130000,-102170000,38400000,14030000,62870000,0,1,1,-4,-2
1_1061,440050000,1820730000,173930000,34710000,30580000,2500000000,30,30,88,148,446640000,1789840000,189860000,31900000,41760000,2500000000,38,33,94,165,6590000,-30890000,15930000,-2810000,11180000,0,8,3,6,17
1_1062,358990000,1586850000,331690000,37540000,184930000,2500000000,35,32,96,163,361850000,1544410000,368850000,35060000,189830000,2500000000,40,36,95,171,2860000,-42440000,37160000,-2480000,4900000,0,5,4,-1,8
1_1063,920690000,1328590000,140460000,30530000,79730000,2500000000,39,37,98,174,941890000,1266640000,165010000,61150000,65310000,2500000000,39,29,90,158,21200000,-61950000,24550000,30620000,-14420000,0,0,-8,-8,-16
1_1064,282480000,1784560000,263270000,22740000,146950000,2500000000,35,34,101,170,307580000,1730770000,312790000,18630000,130230000,2500000000,37,33,95,165,25100000,-53790000,49520000,-4110000,-16720000,0,2,-1,-6,-5
1_1065,1047340000,1145170000,186330000,47660000,73500000,2500000000,37,26,85,148,1045110000,1094210000,198050000,85360000,77270000,2500000000,43,24,89,156,-2230000,-50960000,11720000,37700000,3770000,0,6,-2,4,8
1_1066,335840000,1891350000,195580000,12320000,64910000,2500000000,43,34,102,179,326190000,1870520000,210360000,14100000,78830000,2500000000,43,33,102,178,-9650000,-20830000,14780000,1780000,13920000,0,0,-1,0,-1
1_1067,604300000,1546570000,240410000,50210000,58510000,2500000000,40,34,95,169,592680000,1480780000,253560000,95440000,77540000,2500000000,49,31,100,180,-11620000,-65790000,13150000,45230000,19030000,0,9,-3,5,11
1_1068,788690000,1370670000,172920000,139530000,28190000,2500000000,40,36,102,178,786430000,1295070000,182830000,198010000,37660000,2500000000,46,34,96,176,-2260000,-75600000,9910000,58480000,9470000,0,6,-2,-6,-2
1_1069,987820000,1037720000,69920000,273120000,131420000,2500000000,43,27,84,154,1045930000,904470000,97230000,322440000,129930000,2500000000,44,31,92,167,58110000,-133250000,27310000,49320000,-1490000,0,1,4,8,13
1_1070,901640000,1197400000,152310000,202350000,46300000,2500000000,40,29,86,155,921180000,1106970000,159680000,282980000,29190000,2500000000,45,27,90,162,19540000,-90430000,7370000,80630000,-17110000,0,5,-2,4,7
1_1071,609910000,1508790000,147880000,155090000,78330000,2500000000,41,27,89,157,602910000,1469760000,166000000,161320000,100010000,2500000000,46,32,95,173,-7000000,-39030000,18120000,6230000,21680000,0,5,5,6,16
1_1072,835290000,974730000,108030000,465660000,116290000,2500000000,42,31,99,172,700630000,863180000,110900000,569810000,255480000,2500000000,46,30,92,168,-134660000,-111550000,2870000,104150000,139190000,0,4,-1,-7,-4
1_1073,489270000,1579190000,261770000,124760000,45010000,2500000000,36,35,93,164,513130000,1454970000,321090000,140850000,69960000,2500000000,43,34,87,164,23860000,-124220000,59320000,16090000,24950000,0,7,-1,-6,0
1_1074,397580000,1915600000,130830000,32810000,23180000,2500000000,35,26,80,141,408770000,1834220000,170220000,50070000,36720000,2500000000,44,32,91,167,11190000,-81380000,39390000,17260000,13540000,0,9,6,11,26
1_1075,736620000,1396260000,116710000,218110000,32300000,2500000000,38,34,91,163,754660000,1310440000,151290000,194950000,88660000,2500000000,41,34,88,163,18040000,-85820000,34580000,-23160000,56360000,0,3,0,-3,0
1_1076,671700000,1501820000,130550000,127640000,68290000,2500000000,39,31,89,159,733390000,1418370000,165560000,113980000,68700000,2500000000,41,28,89,158,61690000,-83450000,35010000,-13660000,410000,0,2,-3,0,-1
1_1077,473430000,1678280000,92880000,216220000,39190000,2500000000,37,39,95,171,472420000,1600660000,149970000,218070000,58880000,2500000000,40,36,90,166,-1010000,-77620000,57090000,1850000,19690000,0,3,-3,-5,-5
1_1078,559710000,1607430000,99510000,191900000,41450000,2500000000,39,33,88,160,591120000,1523580000,141890000,196690000,46720000,2500000000,40,34,90,164,31410000,-83850000,42380000,4790000,5270000,0,1,1,2,4
1_1079,434450000,1771360000,88620000,189430000,16140000,2500000000,36,37,91,164,437790000,1726200000,113660000,193850000,28500000,2500000000,39,36,86,161,3340000,-45160000,25040000,4420000,12360000,0,3,-1,-5,-3
1_1080,722570000,1387060000,112720000,212880000,64770000,2500000000,39,34,93,166,734250000,1350080000,133520000,212780000,69370000,2500000000,40,34,91,165,11680000,-36980000,20800000,-100000,4600000,0,1,0,-2,-1
1_1081,810550000,1250830000,57430000,344070000,37120000,2500000000,37,37,91,165,818650000,1191460000,105200000,325710000,58980000,2500000000,41,36,86,163,8100000,-59370000,47770000,-18360000,21860000,0,4,-1,-5,-2
1_1082,684970000,1426680000,222430000,112440000,53480000,2500000000,37,34,86,157,686500000,1294130000,315960000,104060000,99350000,2500000000,39,30,89,158,1530000,-132550000,93530000,-8380000,45870000,0,2,-4,3,1
1_1083,498470000,1552870000,84390000,294530000,69740000,2500000000,34,32,89,155,489850000,1503870000,126820000,271950000,107510000,2500000000,38,30,87,155,-8620000,-49000000,42430000,-22580000,37770000,0,4,-2,-2,0
1_1084,431960000,1870130000,65420000,65920000,66570000,2500000000,35,29,79,143,423180000,1797640000,108630000,69310000,101240000,2500000000,37,30,87,154,-8780000,-72490000,43210000,3390000,34670000,0,2,1,8,11
1_1085,1347760000,891710000,25850000,128340000,106340000,2500000000,37,28,79,144,1381970000,733660000,53510000,162050000,168810000,2500000000,39,29,82,150,34210000,-158050000,27660000,33710000,62470000,0,2,1,3,6
1_1086,1121690000,1088930000,31740000,153050000,104590000,2500000000,36,31,86,153,1146400000,1004440000,70420000,140590000,138150000,2500000000,43,27,86,156,24710000,-84490000,38680000,-12460000,33560000,0,7,-4,0,3
1_1087,1473270000,712420000,26630000,169500000,118180000,2500000000,40,34,86,160,1308090000,659170000,53330000,168930000,310480000,2500000000,41,32,83,156,-165180000,-53250000,26700000,-570000,192300000,0,1,-2,-3,-4
1_1088,653100000,1627380000,37190000,117800000,64530000,2500000000,37,33,93,163,614750000,1577220000,66420000,112090000,129520000,2500000000,40,29,84,153,-38350000,-50160000,29230000,-5710000,64990000,0,3,-4,-9,-10
1_1089,506120000,1707090000,223070000,10360000,53360000,2500000000,34,28,84,146,531840000,1676900000,248480000,9730000,33050000,2500000000,40,25,84,149,25720000,-30190000,25410000,-630000,-20310000,0,6,-3,0,3
1_1090,63070000,2200120000,189240000,7330000,40240000,2500000000,29,31,88,148,86830000,2162830000,201460000,7260000,41620000,2500000000,30,32,90,152,23760000,-37290000,12220000,-70000,1380000,0,1,1,2,4
1_1091,155710000,508210000,168170000,9380000,1647820000,2489290000,33,29,72,134,156190000,482620000,181380000,15270000,1653830000,2489290000,36,34,86,156,480000,-25590000,13210000,5890000,6010000,0,3,5,14,22
1_1092,939720000,672550000,99320000,48650000,739760000,2500000000,41,34,81,156,891460000,677120000,109800000,46930000,774690000,2500000000,47,36,90,173,-48260000,4570000,10480000,-1720000,34930000,0,6,2,9,17
1_1093,810540000,1058520000,145860000,75850000,409230000,2500000000,39,37,86,162,823970000,1057310000,160410000,75110000,383200000,2500000000,40,35,86,161,13430000,-1210000,14550000,-740000,-26030000,0,1,-2,0,-1
1_1094,789060000,240560000,202430000,28040000,1239910000,2500000000,39,35,81,155,754140000,249480000,217420000,29530000,1249430000,2500000000,40,36,88,164,-34920000,8920000,14990000,1490000,9520000,0,1,1,7,9
1_1095,69880000,224830000,33070000,26410000,1839350000,2193540000,37,35,84,156,68680000,223550000,37470000,26320000,1837520000,2193540000,42,38,86,166,-1200000,-1280000,4400000,-90000,-1830000,0,5,3,2,10
1_1096,1942520000,275580000,64950000,16790000,200160000,2500000000,38,30,74,142,1827970000,279210000,73780000,15630000,303410000,2500000000,41,33,75,149,-114550000,3630000,8830000,-1160000,103250000,0,3,3,1,7
1_1097,1903880000,394760000,28920000,9930000,162510000,2500000000,40,31,74,145,1723890000,416410000,30930000,10600000,318170000,2500000000,42,30,77,149,-179990000,21650000,2010000,670000,155660000,0,2,-1,3,4
1_1098,525120000,1269920000,40100000,12750000,652110000,2500000000,37,32,80,149,512640000,1264250000,47170000,12470000,663470000,2500000000,45,37,85,167,-12480000,-5670000,7070000,-280000,11360000,0,8,5,5,18
1_1099,1669220000,560640000,57080000,29200000,183860000,2500000000,38,31,72,141,1606720000,559140000,64580000,28930000,240630000,2500000000,41,34,77,152,-62500000,-1500000,7500000,-270000,56770000,0,3,3,5,11
1_1100,1654110000,323370000,25640000,7820000,489060000,2500000000,35,29,74,138,1678520000,327990000,24950000,8090000,460450000,2500000000,43,34,79,156,24410000,4620000,-690000,270000,-28610000,0,8,5,5,18
1_1101,578970000,216530000,13930000,1840000,1688730000,2500000000,36,29,71,136,573350000,216250000,14810000,1690000,1693900000,2500000000,40,37,76,153,-5620000,-280000,880000,-150000,5170000,0,4,8,5,17
1_1102,2048220000,74000000,9040000,0,368740000,2500000000,36,23,65,124,2031290000,80010000,10580000,0,378120000,2500000000,39,25,68,132,-16930000,6010000,1540000,0,9380000,0,3,2,3,8
1_1103,1823980000,201250000,24110000,2680000,447980000,2500000000,36,26,72,134,1849520000,206140000,26430000,2680000,415230000,2500000000,45,31,73,149,25540000,4890000,2320000,0,-32750000,0,9,5,1,15
1_1104,1599500000,12450000,14240000,540000,873270000,2500000000,39,23,65,127,1584710000,13050000,18700000,490000,883050000,2500000000,40,24,69,133,-14790000,600000,4460000,-50000,9780000,0,1,1,4,6
1_1105,1756030000,20230000,3480000,0,720260000,2500000000,38,21,65,124,1941870000,21010000,3980000,0,533140000,2500000000,40,25,69,134,185840000,780000,500000,0,-187120000,0,2,4,4,10
1_1106,1157870000,15480000,8540000,690000,1317420000,2500000000,42,28,79,149,1341380000,15480000,10960000,690000,1131490000,2500000000,41,26,76,143,183510000,0,2420000,0,-185930000,0,-1,-2,-3,-6
1_1107,613260000,10970000,1320000,21070000,1853380000,2500000000,35,24,65,124,674990000,11210000,1320000,21770000,1790710000,2500000000,32,22,63,117,61730000,240000,0,700000,-62670000,0,-3,-2,-2,-7
1_1108,827840000,7620000,7530000,42000000,1615010000,2500000000,37,27,67,131,861590000,7660000,8210000,42390000,1580150000,2500000000,36,26,72,134,33750000,40000,680000,390000,-34860000,0,-1,-1,5,3
1_1109,1936070000,233170000,33420000,20260000,277080000,2500000000,38,30,78,146,1749780000,243850000,37110000,19590000,449670000,2500000000,41,32,76,149,-186290000,10680000,3690000,-670000,172590000,0,3,2,-2,3
1_1110,1563460000,598690000,89480000,114040000,134330000,2500000000,40,39,81,160,1553200000,602760000,92860000,112870000,138310000,2500000000,46,37,81,164,-10260000,4070000,3380000,-1170000,3980000,0,6,-2,0,4
1_1111,1815990000,232420000,19710000,24460000,407420000,2500000000,36,32,78,146,1553780000,249390000,21170000,24470000,651190000,2500000000,43,33,77,153,-262210000,16970000,1460000,10000,243770000,0,7,1,-1,7
1_1112,1233130000,380890000,76150000,67360000,742470000,2500000000,41,39,92,172,1215810000,384870000,79260000,67390000,752670000,2500000000,48,41,89,178,-17320000,3980000,3110000,30000,10200000,0,7,2,-3,6
1_1113,1974630000,209110000,49120000,10010000,257130000,2500000000,35,31,79,145,1927420000,211260000,53630000,9860000,297830000,2500000000,41,30,78,149,-47210000,2150000,4510000,-150000,40700000,0,6,-1,-1,4
1_1114,1711250000,241290000,45710000,16190000,485560000,2500000000,37,34,80,151,1631100000,243060000,52330000,15620000,557890000,2500000000,43,33,77,153,-80150000,1770000,6620000,-570000,72330000,0,6,-1,-3,2
1_1115,1812470000,355850000,46920000,35120000,249640000,2500000000,35,28,72,135,1811430000,360630000,50800000,35130000,242010000,2500000000,44,32,77,153,-1040000,4780000,3880000,10000,-7630000,0,9,4,5,18
1_1116,1848180000,238120000,52010000,16110000,345580000,2500000000,37,30,75,142,1738250000,237720000,58190000,16520000,449320000,2500000000,42,33,76,151,-109930000,-400000,6180000,410000,103740000,0,5,3,1,9
1_1117,1062240000,1111890000,61110000,90380000,174380000,2500000000,34,36,82,152,1062820000,1111470000,64070000,90200000,171440000,2500000000,44,36,86,166,580000,-420000,2960000,-180000,-2940000,0,10,0,4,14
1_1118,1498710000,653540000,49130000,62020000,236600000,2500000000,37,30,74,141,1484920000,648640000,56440000,61510000,248490000,2500000000,45,33,82,160,-13790000,-4900000,7310000,-510000,11890000,0,8,3,8,19
1_1119,703010000,518140000,38440000,19620000,1220790000,2500000000,36,36,83,155,692870000,518010000,39660000,20420000,1229040000,2500000000,44,34,85,163,-10140000,-130000,1220000,800000,8250000,0,8,-2,2,8
1_1120,1258270000,365710000,52250000,41750000,782020000,2500000000,36,27,74,137,1257050000,374710000,56610000,42160000,769470000,2500000000,43,35,83,161,-1220000,9000000,4360000,410000,-12550000,0,7,8,9,24
1_1121,673120000,290640000,75710000,6500000,1454030000,2500000000,34,33,77,144,676320000,294220000,81480000,6540000,1441440000,2500000000,44,35,83,162,3200000,3580000,5770000,40000,-12590000,0,10,2,6,18
1_1122,425450000,230580000,18300000,3280000,1822390000,2500000000,34,31,76,141,396340000,230140000,19370000,3650000,1850500000,2500000000,42,35,78,155,-29110000,-440000,1070000,370000,28110000,0,8,4,2,14
1_1123,1670410000,317630000,58000000,8460000,445500000,2500000000,36,32,77,145,1734910000,322920000,61900000,8520000,371750000,2500000000,47,35,85,167,64500000,5290000,3900000,60000,-73750000,0,11,3,8,22
1_1124,1515300000,280200000,22380000,8170000,673950000,2500000000,37,33,77,147,1494110000,291730000,25290000,8250000,680620000,2500000000,44,35,82,161,-21190000,11530000,2910000,80000,6670000,0,7,2,5,14
1_1125,1836590000,60790000,13880000,800000,587940000,2500000000,36,22,67,125,1821420000,60310000,14150000,800000,603320000,2500000000,38,22,63,123,-15170000,-480000,270000,0,15380000,0,2,0,-4,-2
1_1126,1791100000,192840000,17110000,5510000,493440000,2500000000,35,28,72,135,1869170000,195800000,17960000,4950000,412120000,2500000000,42,30,74,146,78070000,2960000,850000,-560000,-81320000,0,7,2,2,11
1_1127,1839410000,13260000,8020000,990000,638320000,2500000000,36,22,69,127,1876480000,14440000,10590000,530000,597960000,2500000000,43,29,73,145,37070000,1180000,2570000,-460000,-40360000,0,7,7,4,18
1_1128,1799030000,39780000,27310000,1810000,632070000,2500000000,37,23,67,127,1930770000,40240000,27550000,1810000,499630000,2500000000,41,27,72,140,131740000,460000,240000,0,-132440000,0,4,4,5,13
1_1129,1658500000,32800000,20240000,3590000,784870000,2500000000,37,22,68,127,1802420000,26820000,23020000,2760000,644980000,2500000000,40,22,72,134,143920000,-5980000,2780000,-830000,-139890000,0,3,0,4,7
1_1130,1402390000,33120000,16210000,2880000,1045400000,2500000000,38,21,66,125,1763600000,28360000,16710000,3360000,687970000,2500000000,44,24,74,142,361210000,-4760000,500000,480000,-357430000,0,6,3,8,17
1_1131,1691520000,64370000,40490000,8330000,695290000,2500000000,39,29,75,143,1863240000,63130000,43140000,9600000,520890000,2500000000,45,32,79,156,171720000,-1240000,2650000,1270000,-174400000,0,6,3,4,13
1_1132,1197130000,4840000,4270000,1170000,1292590000,2500000000,38,22,66,126,1493640000,3090000,5220000,1500000,996550000,2500000000,32,18,58,108,296510000,-1750000,950000,330000,-296040000,0,-6,-4,-8,-18
1_1133,1390800000,1700000,3790000,310000,1103400000,2500000000,36,22,65,123,1658450000,930000,3790000,310000,836520000,2500000000,32,23,54,109,267650000,-770000,0,0,-266880000,0,-4,1,-11,-14
1_1134,1466380000,23720000,8960000,1930000,999010000,2500000000,37,22,67,126,1687400000,16970000,9840000,2520000,783270000,2500000000,37,17,65,119,221020000,-6750000,880000,590000,-215740000,0,0,-5,-2,-7
1_1135,1511140000,650000,800000,0,987410000,2500000000,37,20,66,123,1717430000,280000,1510000,0,780780000,2500000000,32,15,62,109,206290000,-370000,710000,0,-206630000,0,-5,-5,-4,-14
1_1136,1051080000,2090000,810000,30940000,1415080000,2500000000,39,23,67,129,1200820000,2760000,6940000,30950000,1258530000,2500000000,35,18,64,117,149740000,670000,6130000,10000,-156550000,0,-4,-5,-3,-12
1_1137,1480860000,10690000,8570000,2550000,997330000,2500000000,39,25,67,131,1587340000,8750000,12430000,4640000,886840000,2500000000,43,18,69,130,106480000,-1940000,3860000,2090000,-110490000,0,4,-7,2,-1
1_1138,1464460000,161120000,7300000,740000,866380000,2500000000,37,27,69,133,1675540000,163180000,7600000,740000,652940000,2500000000,39,29,64,132,211080000,2060000,300000,0,-213440000,0,2,2,-5,-1
1_1139,1414800000,22910000,7300000,2360000,1052630000,2500000000,36,22,66,124,1704180000,23550000,10740000,2360000,759170000,2500000000,39,21,67,127,289380000,640000,3440000,0,-293460000,0,3,-1,1,3
1_1140,1510190000,57460000,11360000,10200000,910790000,2500000000,39,29,71,139,1650980000,65240000,13610000,10070000,760100000,2500000000,43,30,72,145,140790000,7780000,2250000,-130000,-150690000,0,4,1,1,6
1_1141,2087810000,139460000,24110000,12460000,236160000,2500000000,36,30,77,143,2009820000,158960000,26680000,12120000,292420000,2500000000,40,27,73,140,-77990000,19500000,2570000,-340000,56260000,0,4,-3,-4,-3
1_1142,738990000,174080000,44400000,31980000,1510480000,2499930000,40,36,89,165,778870000,175930000,49010000,30700000,1465420000,2499930000,44,39,100,183,39880000,1850000,4610000,-1280000,-45060000,0,4,3,11,18
1_1143,183480000,396900000,50310000,154120000,1713760000,2498570000,40,37,96,173,204290000,393420000,58350000,153520000,1688990000,2498570000,46,42,98,186,20810000,-3480000,8040000,-600000,-24770000,0,6,5,2,13
1_1144,1904130000,262440000,37400000,23180000,272850000,2500000000,35,28,71,134,1973960000,264810000,40260000,22690000,198280000,2500000000,42,30,74,146,69830000,2370000,2860000,-490000,-74570000,0,7,2,3,12
1_1145,2094550000,105140000,18030000,17500000,264780000,2500000000,35,29,75,139,2055000000,122390000,18780000,17210000,286620000,2500000000,40,32,74,146,-39550000,17250000,750000,-290000,21840000,0,5,3,-1,7
1_1146,1813840000,180980000,24500000,17260000,463420000,2500000000,38,33,86,157,1976500000,180640000,26300000,17320000,299240000,2500000000,43,33,87,163,162660000,-340000,1800000,60000,-164180000,0,5,0,1,6
1_1147,1504440000,194180000,36490000,12580000,752310000,2500000000,38,33,86,157,1669970000,193220000,41200000,9880000,585730000,2500000000,43,34,83,160,165530000,-960000,4710000,-2700000,-166580000,0,5,1,-3,3
1_1148,1000500000,1078880000,98400000,53320000,268900000,2500000000,37,32,78,147,1009490000,1076010000,115390000,52470000,246640000,2500000000,43,36,86,165,8990000,-2870000,16990000,-850000,-22260000,0,6,4,8,18
1_1149,1764510000,207740000,15870000,41250000,470630000,2500000000,35,28,73,136,1869470000,211590000,18140000,41740000,359060000,2500000000,43,31,78,152,104960000,3850000,2270000,490000,-111570000,0,8,3,5,16
1_1150,908960000,479080000,14930000,21290000,1075740000,2500000000,38,36,88,162,818750000,477560000,18570000,21100000,1164020000,2500000000,43,35,90,168,-90210000,-1520000,3640000,-190000,88280000,0,5,-1,2,6
1_1151,999790000,890860000,84020000,18720000,506610000,2500000000,37,33,81,151,1023020000,888930000,105450000,18490000,464110000,2500000000,45,36,87,168,23230000,-1930000,21430000,-230000,-42500000,0,8,3,6,17
1_1152,1785880000,340310000,33770000,23000000,317040000,2500000000,35,30,75,140,1842220000,337160000,37770000,22790000,260060000,2500000000,42,33,79,154,56340000,-3150000,4000000,-210000,-56980000,0,7,3,4,14
1_1153,1134820000,761400000,80570000,21760000,501450000,2500000000,33,31,78,142,1134200000,769820000,91350000,21340000,483290000,2500000000,45,35,83,163,-620000,8420000,10780000,-420000,-18160000,0,12,4,5,21
1_1154,1514610000,493190000,42670000,18560000,430970000,2500000000,36,30,76,142,1499220000,499680000,47860000,18760000,434480000,2500000000,46,35,81,162,-15390000,6490000,5190000,200000,3510000,0,10,5,5,20
1_1155,1720050000,198690000,53390000,2100000,525770000,2500000000,37,29,75,141,1850240000,200880000,59920000,2100000,386860000,2500000000,45,33,82,160,130190000,2190000,6530000,0,-138910000,0,8,4,7,19
1_1156,1759840000,207740000,23290000,2930000,506200000,2500000000,38,27,77,142,1837730000,220080000,27780000,2810000,411600000,2500000000,44,30,78,152,77890000,12340000,4490000,-120000,-94600000,0,6,3,1,10
1_1157,1627540000,422160000,33940000,8890000,407470000,2500000000,41,28,73,142,1666110000,428600000,39960000,9080000,356250000,2500000000,43,32,83,158,38570000,6440000,6020000,190000,-51220000,0,2,4,10,16
1_1158,1301830000,733580000,99120000,17820000,347650000,2500000000,38,36,80,154,1208750000,735010000,108830000,17060000,430350000,2500000000,46,37,87,170,-93080000,1430000,9710000,-760000,82700000,0,8,1,7,16
1_1159,1795700000,43210000,9600000,4910000,646580000,2500000000,38,23,72,133,1893960000,43760000,10850000,4910000,546520000,2500000000,41,22,74,137,98260000,550000,1250000,0,-100060000,0,3,-1,2,4
1_1160,1820550000,155420000,20260000,1940000,501830000,2500000000,36,27,76,139,1790190000,158690000,21080000,2070000,527970000,2500000000,44,31,78,153,-30360000,3270000,820000,130000,26140000,0,8,4,2,14
1_1161,1865070000,154500000,39700000,4770000,435960000,2500000000,36,25,71,132,1818020000,154460000,44610000,5600000,477310000,2500000000,43,32,78,153,-47050000,-40000,4910000,830000,41350000,0,7,7,7,21
1_1162,1772620000,36530000,5590000,590000,684670000,2500000000,38,24,74,136,1763640000,38700000,5600000,590000,691470000,2500000000,36,28,64,128,-8980000,2170000,10000,0,6800000,0,-2,4,-10,-8
1_1163,1788690000,37080000,8740000,1100000,664390000,2500000000,39,27,79,145,1800840000,36250000,9200000,1100000,652610000,2500000000,43,29,74,146,12150000,-830000,460000,0,-11780000,0,4,2,-5,1
1_1164,1621970000,95290000,17230000,3110000,762400000,2500000000,37,27,77,141,1868380000,102600000,17920000,3320000,507780000,2500000000,41,30,78,149,246410000,7310000,690000,210000,-254620000,0,4,3,1,8
1_1165,1803090000,212870000,25530000,2180000,456330000,2500000000,37,28,79,144,1908060000,223160000,25080000,2500000,341200000,2500000000,41,30,81,152,104970000,10290000,-450000,320000,-115130000,0,4,2,2,8
1_1166,1704720000,25060000,4350000,820000,765050000,2500000000,38,20,68,126,1805820000,27070000,4240000,820000,662050000,2500000000,40,17,59,116,101100000,2010000,-110000,0,-103000000,0,2,-3,-9,-10
1_1167,1533930000,31010000,5860000,1950000,927250000,2500000000,38,24,71,133,1798940000,32660000,6100000,1760000,660540000,2500000000,40,20,68,128,265010000,1650000,240000,-190000,-266710000,0,2,-4,-3,-5
1_1168,1655810000,51550000,6530000,3710000,782400000,2500000000,38,20,72,130,1888550000,56420000,6530000,3710000,544790000,2500000000,39,21,63,123,232740000,4870000,0,0,-237610000,0,1,1,-9,-7
1_1169,1736580000,83900000,8900000,1010000,669610000,2500000000,38,22,72,132,1767690000,93450000,9740000,720000,628400000,2500000000,42,25,69,136,31110000,9550000,840000,-290000,-41210000,0,4,3,-3,4
1_1170,1353770000,39850000,7120000,16670000,1082590000,2500000000,38,22,67,127,1447050000,39990000,7470000,16650000,988840000,2500000000,41,26,66,133,93280000,140000,350000,-20000,-93750000,0,3,4,-1,6
1_1171,1566190000,45420000,3050000,4470000,880870000,2500000000,38,22,69,129,1735330000,47470000,3710000,4420000,709070000,2500000000,40,23,67,130,169140000,2050000,660000,-50000,-171800000,0,2,1,-2,1
1_1172,1597610000,36130000,5400000,4370000,856490000,2500000000,39,25,70,134,1611180000,36330000,5880000,4370000,842240000,2500000000,32,17,54,103,13570000,200000,480000,0,-14250000,0,-7,-8,-16,-31
1_1173,1621320000,64840000,3590000,3140000,807110000,2500000000,39,24,75,138,1962160000,71470000,3860000,3240000,459270000,2500000000,35,17,66,118,340840000,6630000,270000,100000,-347840000,0,-4,-7,-9,-20
1_1174,104540000,80390000,4660000,32040000,2263010000,2484640000,31,38,84,153,109630000,81420000,5180000,32250000,2256160000,2484640000,38,39,90,167,5090000,1030000,520000,210000,-6850000,0,7,1,6,14
1_1175,1171320000,510830000,48690000,24260000,744900000,2500000000,34,31,77,142,1167480000,513680000,71030000,24070000,723740000,2500000000,46,36,81,163,-3840000,2850000,22340000,-190000,-21160000,0,12,5,4,21
1_1176,1138680000,583190000,55730000,14060000,708340000,2500000000,36,33,86,155,1114620000,590400000,68030000,14220000,712730000,2500000000,46,36,94,176,-24060000,7210000,12300000,160000,4390000,0,10,3,8,21
1_1177,932960000,314560000,611670000,21830000,618980000,2500000000,38,34,82,154,925470000,314030000,648890000,17100000,594510000,2500000000,42,34,83,159,-7490000,-530000,37220000,-4730000,-24470000,0,4,0,1,5
1_1178,364040000,114280000,21400000,6990000,1922770000,2429480000,36,31,87,154,357170000,111220000,32300000,7590000,1921200000,2429480000,39,37,89,165,-6870000,-3060000,10900000,600000,-1570000,0,3,6,2,11
1_1179,1466160000,537450000,25780000,16300000,454310000,2500000000,40,32,81,153,1490020000,543000000,28820000,14680000,423480000,2500000000,46,36,87,169,23860000,5550000,3040000,-1620000,-30830000,0,6,4,6,16
1_1180,967870000,1086690000,99250000,44110000,302080000,2500000000,37,33,79,149,1031920000,1069900000,128710000,43730000,225740000,2500000000,45,37,87,169,64050000,-16790000,29460000,-380000,-76340000,0,8,4,8,20
1_1181,452690000,14490000,32120000,1340000,1727720000,2228360000,37,33,85,155,456260000,14490000,33770000,1470000,1722370000,2228360000,39,35,77,151,3570000,0,1650000,130000,-5350000,0,2,2,-8,-4
1_1182,1150010000,104200000,73650000,12720000,1159420000,2500000000,42,36,86,164,1123560000,101460000,89820000,13050000,1172110000,2500000000,45,37,95,177,-26450000,-2740000,16170000,330000,12690000,0,3,1,9,13
1_1183,845850000,89510000,10660000,320000,1553660000,2500000000,36,30,80,146,891540000,93950000,13530000,320000,1500660000,2500000000,42,35,89,166,45690000,4440000,2870000,0,-53000000,0,6,5,9,20
1_1184,473020000,43130000,22320000,5840000,1916220000,2460530000,36,30,83,149,522640000,45560000,25780000,5840000,1860710000,2460530000,41,36,86,163,49620000,2430000,3460000,0,-55510000,0,5,6,3,14
1_1185,1739860000,94600000,30620000,1200000,633720000,2500000000,38,30,76,144,1929070000,111940000,32600000,1200000,425190000,2500000000,44,33,78,155,189210000,17340000,1980000,0,-208530000,0,6,3,2,11
1_1186,1234750000,180650000,87910000,5580000,991110000,2500000000,43,37,89,169,1292110000,185460000,92090000,5980000,924360000,2500000000,45,37,91,173,57360000,4810000,4180000,400000,-66750000,0,2,0,2,4
1_1187,1524840000,18740000,1870000,3510000,951040000,2500000000,38,23,73,134,1691890000,18800000,2190000,1990000,785130000,2500000000,28,17,54,99,167050000,60000,320000,-1520000,-165910000,0,-10,-6,-19,-35
1_1188,1784670000,105810000,14900000,2450000,592170000,2500000000,38,24,73,135,1872590000,110160000,15430000,2440000,499380000,2500000000,41,27,74,142,87920000,4350000,530000,-10000,-92790000,0,3,3,1,7
1_1189,773040000,105850000,2520000,0,1618590000,2500000000,33,21,52,106,772070000,102910000,2520000,0,1622500000,2500000000,34,19,57,110,-970000,-2940000,0,0,3910000,0,1,-2,5,4
1_1190,769470000,80910000,1140000,0,1648480000,2500000000,36,21,61,118,778310000,74540000,1590000,0,1645560000,2500000000,33,18,63,114,8840000,-6370000,450000,0,-2920000,0,-3,-3,2,-4
1_1191,315160000,120480000,6860000,0,2057500000,2500000000,20,27,64,111,314120000,120450000,6860000,0,2058570000,2500000000,22,24,56,102,-1040000,-30000,0,0,1070000,0,2,-3,-8,-9
1_1192,648070000,70510000,1280000,0,1780140000,2500000000,26,20,56,102,647960000,70510000,1280000,0,1780250000,2500000000,25,20,55,100,-110000,0,0,0,110000,0,-1,0,-1,-2
1_1193,171640000,112140000,6450000,640000,2209130000,2500000000,21,27,67,115,171540000,112860000,6450000,640000,2208510000,2500000000,29,28,68,125,-100000,720000,0,0,-620000,0,8,1,1,10
1_1194,764820000,22700000,1470000,2900000,1708110000,2500000000,32,26,62,120,777570000,22560000,1470000,2680000,1695720000,2500000000,29,22,64,115,12750000,-140000,0,-220000,-12390000,0,-3,-4,2,-5
1_1195,511310000,13540000,310000,6240000,1968600000,2500000000,33,22,67,122,499010000,13540000,310000,6210000,1980930000,2500000000,34,22,62,118,-12300000,0,0,-30000,12330000,0,1,0,-5,-4
1_1196,1052880000,5260000,1600000,58930000,1381330000,2500000000,34,26,62,122,1118180000,5570000,1600000,58960000,1315690000,2500000000,31,23,57,111,65300000,310000,0,30000,-65640000,0,-3,-3,-5,-11
1_1197,1220820000,4500000,50000,6120000,1268510000,2500000000,35,26,66,127,1306910000,4370000,50000,6030000,1182640000,2500000000,38,27,66,131,86090000,-130000,0,-90000,-85870000,0,3,1,0,4
1_1198,787050000,31470000,890000,0,1680590000,2500000000,24,11,44,79,782120000,31470000,890000,0,1685520000,2500000000,23,17,50,90,-4930000,0,0,0,4930000,0,-1,6,6,11
1_1199,821970000,21260000,1410000,26450000,1628910000,2500000000,30,21,58,109,813150000,21290000,1410000,26770000,1637380000,2500000000,26,17,53,96,-8820000,30000,0,320000,8470000,0,-4,-4,-5,-13
1_1200,499160000,6270000,1340000,59200000,1934030000,2500000000,33,23,60,116,501700000,6350000,1340000,59310000,1931300000,2500000000,26,23,66,115,2540000,80000,0,110000,-2730000,0,-7,0,6,-1
1_1201,317080000,46520000,0,0,2136400000,2500000000,21,22,61,104,317120000,46320000,0,0,2136560000,2500000000,26,22,61,109,40000,-200000,0,0,160000,0,5,0,0,5
1_1202,784940000,143330000,11880000,0,1559850000,2500000000,30,30,74,134,776980000,144070000,11950000,0,1567000000,2500000000,32,27,74,133,-7960000,740000,70000,0,7150000,0,2,-3,0,-1
1_1203,643610000,29570000,16630000,0,1810190000,2500000000,36,34,75,145,640110000,29650000,16700000,0,1813540000,2500000000,32,26,64,122,-3500000,80000,70000,0,3350000,0,-4,-8,-11,-23
1_1204,171270000,32040000,1850000,0,2116380000,2321540000,26,25,68,119,171440000,32040000,1880000,0,2116180000,2321540000,31,27,66,124,170000,0,30000,0,-200000,0,5,2,-2,5
1_1205,268340000,56470000,20420000,460000,2154310000,2500000000,23,30,70,123,268210000,56210000,20800000,460000,2154320000,2500000000,29,28,63,120,-130000,-260000,380000,0,10000,0,6,-2,-7,-3
1_1206,562980000,54830000,1990000,0,1880200000,2500000000,28,23,65,116,561970000,54830000,2380000,0,1880820000,2500000000,28,23,66,117,-1010000,0,390000,0,620000,0,0,0,1,1
1_1207,1356410000,8100000,560000,6750000,1128180000,2500000000,38,26,68,132,1459470000,8160000,560000,6690000,1025120000,2500000000,31,22,65,118,103060000,60000,0,-60000,-103060000,0,-7,-4,-3,-14
1_1208,1413540000,30410000,1390000,8340000,1046320000,2500000000,37,21,64,122,1686400000,30700000,1390000,8380000,773130000,2500000000,36,22,57,115,272860000,290000,0,40000,-273190000,0,-1,1,-7,-7
1_1209,1274440000,23140000,4200000,9340000,1188880000,2500000000,38,21,73,132,1369560000,27100000,5060000,4610000,1093670000,2500000000,42,24,69,135,95120000,3960000,860000,-4730000,-95210000,0,4,3,-4,3
1_1210,1429480000,24440000,3730000,7080000,1035270000,2500000000,38,23,73,134,1559760000,24210000,3730000,7110000,905190000,2500000000,39,21,65,125,130280000,-230000,0,30000,-130080000,0,1,-2,-8,-9
1_1211,1258690000,3950000,4610000,23600000,1209150000,2500000000,35,28,68,131,1270680000,3950000,4800000,23450000,1197120000,2500000000,32,19,56,107,11990000,0,190000,-150000,-12030000,0,-3,-9,-12,-24
1_1212,1426130000,3350000,2470000,20980000,1047070000,2500000000,36,28,66,130,1435920000,3330000,5410000,20920000,1034420000,2500000000,36,21,62,119,9790000,-20000,2940000,-60000,-12650000,0,0,-7,-4,-11
1_1213,1690200000,6840000,910000,1130000,800920000,2500000000,38,25,71,134,1828470000,6820000,910000,1120000,662680000,2500000000,38,15,55,108,138270000,-20000,0,-10000,-138240000,0,0,-10,-16,-26
1_1214,1399610000,4280000,2340000,0,1093770000,2500000000,39,23,71,133,1602790000,4980000,2560000,0,889670000,2500000000,37,20,66,123,203180000,700000,220000,0,-204100000,0,-2,-3,-5,-10
1_1215,148460000,1660000,0,44620000,2305260000,2500000000,21,26,58,105,148930000,1660000,0,44510000,2304900000,2500000000,17,21,50,88,470000,0,0,-110000,-360000,0,-4,-5,-8,-17
1_1216,354140000,470000,0,148960000,1996430000,2500000000,25,28,63,116,355280000,460000,0,148810000,1995450000,2500000000,29,25,64,118,1140000,-10000,0,-150000,-980000,0,4,-3,1,2
1_1217,1105960000,0,0,18660000,1375380000,2500000000,31,30,63,124,1120690000,0,0,18720000,1360590000,2500000000,28,14,58,100,14730000,0,0,60000,-14790000,0,-3,-16,-5,-24
1_1218,611390000,28410000,4800000,18480000,1836920000,2500000000,30,29,74,133,609670000,28740000,4800000,18540000,1838250000,2500000000,32,28,69,129,-1720000,330000,0,60000,1330000,0,2,-1,-5,-4
1_1219,483610000,30130000,2650000,0,1983610000,2500000000,21,19,53,93,483770000,30130000,2650000,0,1983450000,2500000000,24,21,57,102,160000,0,0,0,-160000,0,3,2,4,9
1_1220,675420000,60090000,960000,0,1763530000,2500000000,29,21,60,110,675400000,60090000,960000,0,1763550000,2500000000,24,20,49,93,-20000,0,0,0,20000,0,-5,-1,-11,-17
1_1221,622240000,48290000,13810000,5820000,1809840000,2500000000,25,26,60,111,622100000,48290000,13870000,5640000,1810100000,2500000000,23,26,65,114,-140000,0,60000,-180000,260000,0,-2,0,5,3
1_1222,453710000,37060000,1620000,0,2007610000,2500000000,20,27,61,108,453630000,37060000,1620000,0,2007690000,2500000000,21,18,52,91,-80000,0,0,0,80000,0,1,-9,-9,-17
1_1223,762160000,127330000,15400000,0,1595110000,2500000000,24,27,61,112,761390000,127380000,15960000,0,1595270000,2500000000,28,23,71,122,-770000,50000,560000,0,160000,0,4,-4,10,10
1_1224,1234010000,16100000,0,1490000,1248400000,2500000000,37,22,70,129,1457570000,15980000,520000,970000,1024960000,2500000000,33,21,57,111,223560000,-120000,520000,-520000,-223440000,0,-4,-1,-13,-18
1_1225,1414330000,19920000,4290000,850000,1060610000,2500000000,38,23,73,134,1592700000,19470000,4590000,850000,882390000,2500000000,38,17,63,118,178370000,-450000,300000,0,-178220000,0,0,-6,-10,-16
1_1226,1359360000,19000000,8330000,2390000,1110920000,2500000000,38,22,69,129,1434560000,19040000,8740000,2390000,1035270000,2500000000,35,17,59,111,75200000,40000,410000,0,-75650000,0,-3,-5,-10,-18
1_1227,259890000,0,620000,67930000,2171560000,2500000000,26,23,55,104,263040000,0,570000,67920000,2168470000,2500000000,24,20,56,100,3150000,0,-50000,-10000,-3090000,0,-2,-3,1,-4
1_1228,982890000,300000,0,25850000,1490960000,2500000000,33,30,62,125,1006040000,300000,0,23960000,1469700000,2500000000,28,14,46,88,23150000,0,0,-1890000,-21260000,0,-5,-16,-16,-37
1_1229,795250000,71440000,7240000,27060000,1599010000,2500000000,12,17,51,80,792240000,71800000,7970000,27210000,1600780000,2500000000,21,15,46,82,-3010000,360000,730000,150000,1770000,0,9,-2,-5,2
1_1230,34950000,283470000,6790000,68270000,2106520000,2500000000,12,16,50,78,119170000,250490000,21460000,66120000,2042760000,2500000000,15,16,54,85,84220000,-32980000,14670000,-2150000,-63760000,0,3,0,4,7
1_1231,100620000,493410000,30310000,196300000,1679360000,2500000000,25,30,75,130,130900000,438690000,49720000,201530000,1679160000,2500000000,24,28,76,128,30280000,-54720000,19410000,5230000,-200000,0,-1,-2,1,-2
1_1232,422240000,724990000,45620000,340550000,966600000,2500000000,29,27,85,141,477400000,681630000,53930000,299100000,987940000,2500000000,24,21,61,106,55160000,-43360000,8310000,-41450000,21340000,0,-5,-6,-24,-35
1_1233,39840000,691870000,37510000,141610000,1589170000,2500000000,25,35,90,150,105220000,618700000,55360000,95120000,1625600000,2500000000,15,28,71,114,65380000,-73170000,17850000,-46490000,36430000,0,-10,-7,-19,-36
1_1234,1196180000,286930000,9530000,250500000,756860000,2500000000,40,25,77,142,1183190000,281070000,11270000,237090000,787380000,2500000000,29,22,69,120,-12990000,-5860000,1740000,-13410000,30520000,0,-11,-3,-8,-22
1_1235,56600000,570090000,6030000,14170000,1853110000,2500000000,11,21,55,87,56870000,557200000,10180000,5340000,1870410000,2500000000,8,15,49,72,270000,-12890000,4150000,-8830000,17300000,0,-3,-6,-6,-15
1_1236,11900000,922240000,27500000,0,1538360000,2500000000,7,17,46,70,24260000,893750000,38190000,0,1543800000,2500000000,5,18,49,72,12360000,-28490000,10690000,0,5440000,0,-2,1,3,2
1_1237,377580000,1116990000,7580000,152720000,845130000,2500000000,24,20,57,101,330770000,1033690000,14810000,165320000,955410000,2500000000,17,14,59,90,-46810000,-83300000,7230000,12600000,110280000,0,-7,-6,2,-11
1_1238,298880000,1203720000,23020000,170350000,804030000,2500000000,16,16,54,86,221650000,1157330000,28450000,131030000,961540000,2500000000,15,11,44,70,-77230000,-46390000,5430000,-39320000,157510000,0,-1,-5,-10,-16
1_1239,181920000,937670000,38540000,162050000,1179820000,2500000000,22,32,78,132,461250000,886360000,50590000,131020000,970780000,2500000000,19,25,69,113,279330000,-51310000,12050000,-31030000,-209040000,0,-3,-7,-9,-19
1_1240,30660000,595930000,12060000,25380000,1835970000,2500000000,16,28,66,110,35260000,588260000,15310000,22680000,1838490000,2500000000,13,25,62,100,4600000,-7670000,3250000,-2700000,2520000,0,-3,-3,-4,-10
1_1241,883700000,359880000,8690000,44290000,1203440000,2500000000,25,25,70,120,1303310000,305530000,20620000,69660000,800880000,2500000000,21,16,53,90,419610000,-54350000,11930000,25370000,-402560000,0,-4,-9,-17,-30
1_1242,229470000,769150000,41080000,83630000,1376670000,2500000000,23,24,62,109,262930000,735460000,61660000,87710000,1352240000,2500000000,23,19,68,110,33460000,-33690000,20580000,4080000,-24430000,0,0,-5,6,1
1_1243,376250000,558220000,8230000,137390000,1419910000,2500000000,25,28,82,135,616920000,513390000,16490000,123640000,1229560000,2500000000,16,20,67,103,240670000,-44830000,8260000,-13750000,-190350000,0,-9,-8,-15,-32
1_1244,149010000,1422780000,85480000,429570000,413160000,2500000000,31,25,79,135,169070000,1400280000,103680000,387490000,439480000,2500000000,26,22,62,110,20060000,-22500000,18200000,-42080000,26320000,0,-5,-3,-17,-25
1_1245,408950000,905840000,11550000,389900000,783760000,2500000000,30,24,70,124,451330000,878040000,14020000,368090000,788520000,2500000000,27,14,54,95,42380000,-27800000,2470000,-21810000,4760000,0,-3,-10,-16,-29
1_1246,163610000,616830000,8930000,197970000,1512660000,2500000000,24,24,66,114,187880000,615780000,11790000,152610000,1531940000,2500000000,24,14,58,96,24270000,-1050000,2860000,-45360000,19280000,0,0,-10,-8,-18
1_1247,0,51800000,260000,72420000,1932240000,2056720000,11,14,32,57,0,47470000,540000,17550000,1991160000,2056720000,7,9,35,51,0,-4330000,280000,-54870000,58920000,0,-4,-5,3,-6
1_1248,44010000,457430000,6030000,87560000,1904970000,2500000000,15,19,46,80,50260000,439800000,12370000,62630000,1934940000,2500000000,11,11,43,65,6250000,-17630000,6340000,-24930000,29970000,0,-4,-8,-3,-15
1_1249,366990000,732820000,14510000,210270000,1175410000,2500000000,23,27,63,113,397970000,721050000,26160000,175570000,1179250000,2500000000,23,21,65,109,30980000,-11770000,11650000,-34700000,3840000,0,0,-6,2,-4
1_1250,561910000,683870000,12000000,380290000,861930000,2500000000,28,20,62,110,530020000,640780000,24200000,292780000,1012220000,2500000000,23,16,60,99,-31890000,-43090000,12200000,-87510000,150290000,0,-5,-4,-2,-11
1_1251,138940000,812830000,39490000,79800000,1428940000,2500000000,13,18,51,82,127700000,801320000,60600000,84530000,1425850000,2500000000,10,14,49,73,-11240000,-11510000,21110000,4730000,-3090000,0,-3,-4,-2,-9
1_1252,77020000,250160000,7440000,175020000,1990360000,2500000000,19,14,50,83,83730000,239270000,20150000,137010000,2019840000,2500000000,13,13,48,74,6710000,-10890000,12710000,-38010000,29480000,0,-6,-1,-2,-9
1_1253,558970000,564710000,18100000,238410000,1119810000,2500000000,34,28,79,141,725820000,541060000,35700000,219260000,978160000,2500000000,32,26,79,137,166850000,-23650000,17600000,-19150000,-141650000,0,-2,-2,0,-4
1_1254,289440000,408200000,10710000,96660000,1694990000,2500000000,21,20,55,96,245250000,389020000,18580000,84840000,1762310000,2500000000,24,19,61,104,-44190000,-19180000,7870000,-11820000,67320000,0,3,-1,6,8
1_1255,107520000,1027640000,27280000,38710000,1298850000,2500000000,22,29,60,111,147220000,1008300000,44080000,37020000,1263380000,2500000000,14,18,49,81,39700000,-19340000,16800000,-1690000,-35470000,0,-8,-11,-11,-30
1_1256,279290000,538380000,24020000,118540000,1539770000,2500000000,14,19,48,81,306530000,505730000,55530000,74540000,1557670000,2500000000,14,16,51,81,27240000,-32650000,31510000,-44000000,17900000,0,0,-3,3,0
1_1257,6150000,1977790000,74390000,181170000,260500000,2500000000,19,21,59,99,6180000,1937490000,99890000,179900000,276540000,2500000000,15,18,52,85,30000,-40300000,25500000,-1270000,16040000,0,-4,-3,-7,-14
1_1258,141420000,1224570000,41220000,90040000,1002750000,2500000000,25,30,76,131,177070000,1199990000,62220000,88640000,972080000,2500000000,27,27,81,135,35650000,-24580000,21000000,-1400000,-30670000,0,2,-3,5,4
1_1259,366770000,464700000,47970000,54550000,1516770000,2450760000,21,23,62,106,374120000,405150000,55230000,51260000,1565000000,2450760000,23,24,74,121,7350000,-59550000,7260000,-3290000,48230000,0,2,1,12,15
1_1260,327970000,513490000,32300000,53930000,1572310000,2500000000,14,19,53,86,382710000,485980000,46260000,55430000,1529620000,2500000000,15,13,47,75,54740000,-27510000,13960000,1500000,-42690000,0,1,-6,-6,-11
1_1261,672140000,353890000,7650000,381610000,1084710000,2500000000,21,20,51,92,673700000,366980000,8630000,409420000,1041270000,2500000000,20,19,64,103,1560000,13090000,980000,27810000,-43440000,0,-1,-1,13,11
1_1262,268580000,284550000,30910000,70400000,1845560000,2500000000,36,27,70,133,222490000,214280000,44190000,73620000,1945420000,2500000000,25,23,64,112,-46090000,-70270000,13280000,3220000,99860000,0,-11,-4,-6,-21
1_1263,700540000,1495230000,70870000,173370000,59990000,2500000000,23,22,77,122,830930000,1377630000,86230000,105780000,99430000,2500000000,23,23,72,118,130390000,-117600000,15360000,-67590000,39440000,0,0,1,-5,-4
1_1264,447160000,1736750000,78950000,91040000,146100000,2500000000,33,29,92,154,435160000,1712920000,85770000,78380000,187770000,2500000000,28,21,83,132,-12000000,-23830000,6820000,-12660000,41670000,0,-5,-8,-9,-22
1_1265,673110000,1516710000,78630000,80100000,151450000,2500000000,26,22,71,119,636000000,1498810000,91100000,81610000,192480000,2500000000,25,22,79,126,-37110000,-17900000,12470000,1510000,41030000,0,-1,0,8,7
1_1266,1198400000,502580000,5360000,303310000,490350000,2500000000,37,19,71,127,1202170000,512060000,9360000,277100000,499310000,2500000000,41,17,63,121,3770000,9480000,4000000,-26210000,8960000,0,4,-2,-8,-6
1_1267,333800000,1914430000,143990000,5630000,102150000,2500000000,30,22,76,128,314840000,1889230000,162000000,6000000,127930000,2500000000,30,19,83,132,-18960000,-25200000,18010000,370000,25780000,0,0,-3,7,4
1_1268,363420000,1666190000,85760000,78440000,306190000,2500000000,26,29,89,144,358670000,1647110000,92910000,82170000,319140000,2500000000,32,29,89,150,-4750000,-19080000,7150000,3730000,12950000,0,6,0,0,6
1_1269,340460000,1805110000,132360000,20290000,201780000,2500000000,21,17,64,102,313360000,1796120000,142110000,21050000,227360000,2500000000,26,20,75,121,-27100000,-8990000,9750000,760000,25580000,0,5,3,11,19
1_1270,7500000,2273400000,122380000,54990000,41730000,2500000000,22,28,81,131,5910000,2268320000,127110000,55560000,43100000,2500000000,18,28,73,119,-1590000,-5080000,4730000,570000,1370000,0,-4,0,-8,-12
1_1271,260860000,1939780000,114450000,49450000,135460000,2500000000,30,26,80,136,249670000,1937590000,118290000,42860000,151590000,2500000000,29,25,86,140,-11190000,-2190000,3840000,-6590000,16130000,0,-1,-1,6,4
1_1272,286440000,1823370000,119760000,154230000,116200000,2500000000,26,29,84,139,305390000,1789600000,122090000,151460000,131460000,2500000000,32,29,92,153,18950000,-33770000,2330000,-2770000,15260000,0,6,0,8,14
1_1273,501870000,1672630000,105610000,79940000,139950000,2500000000,29,24,82,135,534780000,1635340000,111310000,72230000,146340000,2500000000,30,26,79,135,32910000,-37290000,5700000,-7710000,6390000,0,1,2,-3,0
1_1274,284460000,1311750000,79640000,523380000,300770000,2500000000,25,33,83,141,337350000,1218090000,87280000,506850000,350430000,2500000000,27,31,91,149,52890000,-93660000,7640000,-16530000,49660000,0,2,-2,8,8
1_1275,492600000,1521050000,90440000,216410000,179500000,2500000000,24,29,80,133,489750000,1445250000,94510000,199450000,271040000,2500000000,26,28,86,140,-2850000,-75800000,4070000,-16960000,91540000,0,2,-1,6,7
1_1276,813450000,1112470000,278410000,138860000,156810000,2500000000,33,33,92,158,768790000,1053190000,308960000,146240000,222820000,2500000000,38,27,90,155,-44660000,-59280000,30550000,7380000,66010000,0,5,-6,-2,-3
1_1277,169420000,1769570000,243920000,155940000,161150000,2500000000,29,31,93,153,181310000,1736630000,260750000,159370000,161940000,2500000000,32,32,97,161,11890000,-32940000,16830000,3430000,790000,0,3,1,4,8
1_1278,498510000,1229280000,547100000,101390000,123720000,2500000000,30,23,80,133,451520000,1128250000,594000000,119690000,206540000,2500000000,35,27,85,147,-46990000,-101030000,46900000,18300000,82820000,0,5,4,5,14
1_1279,455620000,1344500000,157140000,389210000,153530000,2500000000,25,30,80,135,444560000,1194570000,185360000,400330000,275180000,2500000000,30,33,91,154,-11060000,-149930000,28220000,11120000,121650000,0,5,3,11,19
1_1280,779960000,1555340000,62220000,70050000,32430000,2500000000,29,17,64,110,774510000,1548840000,69480000,49000000,58170000,2500000000,23,16,64,103,-5450000,-6500000,7260000,-21050000,25740000,0,-6,-1,0,-7
1_1281,1214020000,772020000,33290000,81840000,398830000,2500000000,25,20,67,112,1280690000,732240000,37850000,85980000,363240000,2500000000,35,14,63,112,66670000,-39780000,4560000,4140000,-35590000,0,10,-6,-4,0
1_1282,245090000,1919640000,180780000,25670000,128820000,2500000000,27,27,86,140,231790000,1889420000,203100000,31470000,144220000,2500000000,28,29,84,141,-13300000,-30220000,22320000,5800000,15400000,0,1,2,-2,1
1_1283,111300000,1878300000,277910000,57340000,175150000,2500000000,27,27,85,139,104510000,1814790000,301320000,49090000,230290000,2500000000,29,28,93,150,-6790000,-63510000,23410000,-8250000,55140000,0,2,1,8,11
1_1284,18280000,2031620000,108850000,232870000,108380000,2500000000,25,38,90,153,15560000,2048000000,111940000,218610000,105890000,2500000000,22,35,83,140,-2720000,16380000,3090000,-14260000,-2490000,0,-3,-3,-7,-13
1_1285,118610000,1845840000,169330000,154310000,211910000,2500000000,32,35,101,168,118690000,1832470000,182600000,148320000,217920000,2500000000,36,35,98,169,80000,-13370000,13270000,-5990000,6010000,0,4,0,-3,1
1_1286,4420000,2205220000,132610000,103310000,54440000,2500000000,22,30,74,126,5650000,2276610000,112360000,74410000,30970000,2500000000,18,28,78,124,1230000,71390000,-20250000,-28900000,-23470000,0,-4,-2,4,-2
1_1287,13350000,1943900000,122860000,276610000,143280000,2500000000,29,39,98,166,14020000,1961030000,118010000,255750000,151190000,2500000000,22,28,82,132,670000,17130000,-4850000,-20860000,7910000,0,-7,-11,-16,-34
1_1288,206050000,1753170000,98370000,327570000,114840000,2500000000,25,33,88,146,268700000,1623180000,107860000,360990000,139270000,2500000000,29,33,94,156,62650000,-129990000,9490000,33420000,24430000,0,4,0,6,10
1_1289,217600000,1715230000,167490000,268470000,131210000,2500000000,27,36,92,155,254650000,1618250000,176400000,294900000,155800000,2500000000,29,36,100,165,37050000,-96980000,8910000,26430000,24590000,0,2,0,8,10
1_1290,30660000,2200640000,93030000,151910000,23760000,2500000000,18,29,77,124,35840000,2187000000,99400000,154970000,22790000,2500000000,23,27,78,128,5180000,-13640000,6370000,3060000,-970000,0,5,-2,1,4
1_1291,33740000,2123600000,117100000,176800000,48760000,2500000000,19,29,80,128,33570000,2154280000,108850000,173390000,29910000,2500000000,25,33,89,147,-170000,30680000,-8250000,-3410000,-18850000,0,6,4,9,19
1_1292,183020000,1898240000,139590000,194140000,85010000,2500000000,27,25,78,130,169700000,1829550000,153980000,218760000,128010000,2500000000,30,27,81,138,-13320000,-68690000,14390000,24620000,43000000,0,3,2,3,8
1_1293,98670000,1627860000,120700000,449690000,203080000,2500000000,25,39,93,157,106090000,1566320000,128980000,475880000,222730000,2500000000,29,36,96,161,7420000,-61540000,8280000,26190000,19650000,0,4,-3,3,4
1_1294,557150000,1067240000,24750000,285390000,565470000,2500000000,35,31,98,164,612460000,994960000,30560000,280590000,581430000,2500000000,31,25,84,140,55310000,-72280000,5810000,-4800000,15960000,0,-4,-6,-14,-24
1_1295,771510000,897340000,25910000,228640000,576600000,2500000000,42,37,102,181,744960000,832580000,36840000,284620000,601000000,2500000000,41,40,105,186,-26550000,-64760000,10930000,55980000,24400000,0,-1,3,3,5
1_1296,904590000,523770000,12560000,455610000,603470000,2500000000,31,23,72,126,843330000,509850000,14850000,474020000,657950000,2500000000,38,22,82,142,-61260000,-13920000,2290000,18410000,54480000,0,7,-1,10,16
1_1297,803310000,798660000,30820000,350200000,517010000,2500000000,36,38,101,175,811520000,734850000,49750000,320840000,583040000,2500000000,36,23,87,146,8210000,-63810000,18930000,-29360000,66030000,0,0,-15,-14,-29
1_1298,680050000,1547450000,108170000,32820000,131510000,2500000000,25,20,60,105,737680000,1480700000,116800000,22330000,142490000,2500000000,27,16,73,116,57630000,-66750000,8630000,-10490000,10980000,0,2,-4,13,11
1_1299,448790000,1535330000,77590000,163800000,274490000,2500000000,34,30,97,161,479230000,1465210000,79910000,199020000,276630000,2500000000,37,30,100,167,30440000,-70120000,2320000,35220000,2140000,0,3,0,3,6
1_1300,1698430000,360480000,31410000,297380000,112300000,2500000000,26,18,68,112,1794860000,312840000,32580000,319000000,40720000,2500000000,28,17,68,113,96430000,-47640000,1170000,21620000,-71580000,0,2,-1,0,1
1_1301,1689470000,414450000,13860000,148940000,233280000,2500000000,26,17,69,112,1721180000,417870000,14300000,99510000,247140000,2500000000,34,14,72,120,31710000,3420000,440000,-49430000,13860000,0,8,-3,3,8
1_1302,222730000,1718550000,173830000,334670000,50220000,2500000000,21,24,73,118,220590000,1676420000,187930000,356580000,58480000,2500000000,28,20,76,124,-2140000,-42130000,14100000,21910000,8260000,0,7,-4,3,6
1_1303,146580000,1935010000,109370000,272330000,36710000,2500000000,17,23,65,105,159970000,1895810000,99470000,301470000,43280000,2500000000,24,25,76,125,13390000,-39200000,-9900000,29140000,6570000,0,7,2,11,20
1_1304,871980000,979670000,148540000,400110000,99700000,2500000000,21,21,70,112,881870000,1021920000,105500000,404440000,86270000,2500000000,26,20,65,111,9890000,42250000,-43040000,4330000,-13430000,0,5,-1,-5,-1
1_1305,1213840000,703960000,89010000,381630000,111560000,2500000000,25,18,64,107,1268350000,696540000,70590000,416210000,48310000,2500000000,33,15,60,108,54510000,-7420000,-18420000,34580000,-63250000,0,8,-3,-4,1
1_1306,134290000,1664970000,152550000,443510000,104680000,2500000000,25,32,81,138,134790000,1684670000,146590000,429770000,104180000,2500000000,28,33,91,152,500000,19700000,-5960000,-13740000,-500000,0,3,1,10,14
1_1307,89840000,1905540000,181350000,225660000,97610000,2500000000,19,26,72,117,86870000,2003600000,170990000,192940000,45600000,2500000000,25,26,79,130,-2970000,98060000,-10360000,-32720000,-52010000,0,6,0,7,13
1_1308,707150000,1166510000,139150000,413840000,73350000,2500000000,25,32,74,131,701340000,1279800000,107340000,364740000,46780000,2500000000,28,26,81,135,-5810000,113290000,-31810000,-49100000,-26570000,0,3,-6,7,4
1_1309,1181020000,802580000,119240000,284800000,112360000,2500000000,25,19,65,109,1199140000,868670000,88090000,293640000,50460000,2500000000,28,22,67,117,18120000,66090000,-31150000,8840000,-61900000,0,3,3,2,8
1_1310,97510000,1451940000,126650000,661980000,161920000,2500000000,26,35,85,146,91580000,1392620000,148540000,690170000,177090000,2500000000,29,36,99,164,-5930000,-59320000,21890000,28190000,15170000,0,3,1,14,18
1_1311,53070000,1811230000,87500000,490190000,58010000,2500000000,18,32,81,131,60010000,1760910000,91750000,521270000,66060000,2500000000,27,35,92,154,6940000,-50320000,4250000,31080000,8050000,0,9,3,11,23
1_1312,705900000,1323250000,141450000,186790000,142610000,2500000000,23,25,80,128,722230000,1203200000,154620000,199340000,220610000,2500000000,27,29,85,141,16330000,-120050000,13170000,12550000,78000000,0,4,4,5,13
1_1313,262660000,1634620000,197590000,319190000,85940000,2500000000,19,30,75,124,271730000,1658860000,195610000,306760000,67040000,2500000000,28,30,86,144,9070000,24240000,-1980000,-12430000,-18900000,0,9,0,11,20
1_1314,440070000,1335980000,62010000,13490000,648450000,2500000000,38,40,99,177,441530000,1274430000,88580000,16860000,678600000,2500000000,29,29,83,141,1460000,-61550000,26570000,3370000,30150000,0,-9,-11,-16,-36
1_1315,98020000,926560000,95720000,37040000,1342660000,2500000000,19,33,79,131,118710000,918090000,127630000,18930000,1316640000,2500000000,23,30,76,129,20690000,-8470000,31910000,-18110000,-26020000,0,4,-3,-3,-2
1_1316,840710000,767920000,33030000,202540000,655800000,2500000000,32,27,87,146,789160000,723550000,42380000,198920000,745990000,2500000000,30,23,89,142,-51550000,-44370000,9350000,-3620000,90190000,0,-2,-4,2,-4
1_1317,355020000,1830740000,65060000,96410000,152770000,2500000000,30,27,79,136,378760000,1775280000,92630000,91440000,161890000,2500000000,22,20,74,116,23740000,-55460000,27570000,-4970000,9120000,0,-8,-7,-5,-20
1_1318,902830000,980490000,54200000,179670000,382810000,2500000000,43,38,102,183,895120000,1002800000,64000000,119320000,418760000,2500000000,47,36,106,189,-7710000,22310000,9800000,-60350000,35950000,0,4,-2,4,6
1_1319,298380000,1402340000,93280000,227660000,478340000,2500000000,25,32,82,139,355380000,1352440000,135030000,183120000,474030000,2500000000,24,23,71,118,57000000,-49900000,41750000,-44540000,-4310000,0,-1,-9,-11,-21
1_1320,1185440000,596370000,29760000,388850000,299580000,2500000000,34,20,73,127,1188270000,623260000,31810000,327010000,329650000,2500000000,40,26,85,151,2830000,26890000,2050000,-61840000,30070000,0,6,6,12,24
1_1321,893120000,799700000,73730000,349780000,383670000,2500000000,45,29,96,170,879890000,839650000,86690000,344190000,349580000,2500000000,49,27,90,166,-13230000,39950000,12960000,-5590000,-34090000,0,4,-2,-6,-4
1_1322,1224340000,527870000,30670000,318370000,398750000,2500000000,47,33,92,172,1182050000,592900000,36040000,286860000,402150000,2500000000,47,24,86,157,-42290000,65030000,5370000,-31510000,3400000,0,0,-9,-6,-15
1_1323,996820000,577090000,71830000,369760000,484500000,2500000000,36,27,89,152,999170000,600020000,70850000,425280000,404680000,2500000000,44,28,97,169,2350000,22930000,-980000,55520000,-79820000,0,8,1,8,17
1_1324,453890000,1171720000,337000000,254160000,283230000,2500000000,45,33,92,170,441800000,1166930000,350290000,263870000,277110000,2500000000,45,29,94,168,-12090000,-4790000,13290000,9710000,-6120000,0,0,-4,2,-2
1_1325,177350000,1800300000,166670000,108490000,247190000,2500000000,21,30,73,124,144730000,1867100000,145500000,136270000,206400000,2500000000,22,27,87,136,-32620000,66800000,-21170000,27780000,-40790000,0,1,-3,14,12
1_1326,1351580000,471380000,57360000,450260000,169420000,2500000000,27,10,56,93,1434170000,368640000,53520000,549470000,94200000,2500000000,28,15,59,102,82590000,-102740000,-3840000,99210000,-75220000,0,1,5,3,9
1_1327,438380000,1612300000,148640000,217320000,83360000,2500000000,13,21,59,93,457890000,1646510000,100900000,272900000,21800000,2500000000,21,20,63,104,19510000,34210000,-47740000,55580000,-61560000,0,8,-1,4,11
1_1328,1531850000,247660000,33270000,428180000,259040000,2500000000,34,14,48,96,1584840000,221110000,25620000,422510000,245920000,2500000000,37,17,57,111,52990000,-26550000,-7650000,-5670000,-13120000,0,3,3,9,15
1_1329,1468860000,429790000,65630000,440010000,95710000,2500000000,35,16,59,110,1481110000,402860000,53440000,475980000,86610000,2500000000,43,19,63,125,12250000,-26930000,-12190000,35970000,-9100000,0,8,3,4,15
1_1330,1593940000,428560000,133460000,294700000,49340000,2500000000,26,9,53,88,1640900000,438470000,63330000,300260000,57040000,2500000000,30,17,52,99,46960000,9910000,-70130000,5560000,7700000,0,4,8,-1,11
1_1331,1263160000,337930000,58920000,735020000,104970000,2500000000,31,13,63,107,1279140000,418460000,55240000,669150000,78010000,2500000000,39,18,67,124,15980000,80530000,-3680000,-65870000,-26960000,0,8,5,4,17
1_1332,229170000,1684820000,190430000,342230000,53350000,2500000000,19,24,72,115,231200000,1750720000,182720000,295840000,39520000,2500000000,26,25,73,124,2030000,65900000,-7710000,-46390000,-13830000,0,7,1,1,9
1_1333,865330000,657180000,31350000,280100000,666040000,2500000000,36,28,79,143,892260000,606310000,37180000,298640000,665610000,2500000000,46,26,79,151,26930000,-50870000,5830000,18540000,-430000,0,10,-2,0,8
1_1334,372390000,1343980000,47250000,26530000,709850000,2500000000,28,32,83,143,396610000,1313360000,60670000,22760000,706600000,2500000000,20,21,69,110,24220000,-30620000,13420000,-3770000,-3250000,0,-8,-11,-14,-33
1_1335,1589580000,433600000,35130000,149640000,292050000,2500000000,44,28,79,151,1585060000,438900000,45160000,133760000,297120000,2500000000,48,26,87,161,-4520000,5300000,10030000,-15880000,5070000,0,4,-2,8,10
1_1336,906210000,864230000,97940000,275430000,356190000,2500000000,36,27,88,151,906630000,883910000,96050000,267650000,345760000,2500000000,36,21,81,138,420000,19680000,-1890000,-7780000,-10430000,0,0,-6,-7,-13
1_1337,1190460000,721460000,100570000,160550000,326960000,2500000000,32,24,89,145,1216440000,727890000,104090000,175760000,275820000,2500000000,37,24,94,155,25980000,6430000,3520000,15210000,-51140000,0,5,0,5,10
1_1338,248420000,1703620000,141780000,172980000,233200000,2500000000,22,26,70,118,237100000,1813140000,109240000,173860000,166660000,2500000000,24,34,89,147,-11320000,109520000,-32540000,880000,-66540000,0,2,8,19,29
1_1339,369140000,1312980000,150390000,554660000,112830000,2500000000,33,24,84,141,364850000,1281540000,148790000,643710000,61110000,2500000000,33,26,81,140,-4290000,-31440000,-1600000,89050000,-51720000,0,0,2,-3,-1
1_1340,1185710000,386310000,98400000,610300000,219280000,2500000000,34,18,73,125,1303630000,329190000,83100000,736290000,47790000,2500000000,33,15,67,115,117920000,-57120000,-15300000,125990000,-171490000,0,-1,-3,-6,-10
1_1341,702430000,1202440000,307140000,101990000,186000000,2500000000,35,30,90,155,751980000,1166730000,329210000,103190000,148890000,2500000000,41,32,92,165,49550000,-35710000,22070000,1200000,-37110000,0,6,2,2,10
1_1342,370240000,1466240000,401880000,124290000,137350000,2500000000,43,34,96,173,393450000,1300640000,517020000,142450000,146440000,2500000000,44,34,100,178,23210000,-165600000,115140000,18160000,9090000,0,1,0,4,5
1_1343,853930000,747360000,528480000,179110000,191120000,2500000000,37,36,92,165,897310000,524170000,620300000,283780000,174440000,2500000000,39,32,86,157,43380000,-223190000,91820000,104670000,-16680000,0,2,-4,-6,-8
1_1344,746410000,1282040000,237930000,122650000,110970000,2500000000,38,37,97,172,825150000,958740000,421540000,151400000,143170000,2500000000,43,38,92,173,78740000,-323300000,183610000,28750000,32200000,0,5,1,-5,1
1_1345,533790000,1665820000,97980000,187600000,14810000,2500000000,37,30,85,152,547560000,1614550000,120650000,185590000,31650000,2500000000,37,26,77,140,13770000,-51270000,22670000,-2010000,16840000,0,0,-4,-8,-12
1_1346,1231500000,919040000,84050000,185940000,79470000,2500000000,38,32,87,157,1253530000,897580000,104730000,183910000,60250000,2500000000,43,34,91,168,22030000,-21460000,20680000,-2030000,-19220000,0,5,2,4,11
1_1347,688300000,1245920000,107600000,328250000,129930000,2500000000,36,33,86,155,741120000,1120290000,144000000,333670000,160920000,2500000000,35,27,83,145,52820000,-125630000,36400000,5420000,30990000,0,-1,-6,-3,-10
1_1348,791850000,1187790000,186260000,272130000,61970000,2500000000,38,31,90,159,811110000,988330000,268560000,316340000,115660000,2500000000,37,30,85,152,19260000,-199460000,82300000,44210000,53690000,0,-1,-1,-5,-7
1_1349,516050000,1473500000,84120000,339380000,86950000,2500000000,34,36,86,156,528890000,1334950000,130520000,378700000,126940000,2500000000,38,36,88,162,12840000,-138550000,46400000,39320000,39990000,0,4,0,2,6
1_1350,425550000,1691230000,111720000,198790000,72710000,2500000000,35,39,89,163,446370000,1613610000,144140000,218660000,77220000,2500000000,36,33,88,157,20820000,-77620000,32420000,19870000,4510000,0,1,-6,-1,-6
1_1351,226490000,1916270000,67760000,272090000,17390000,2500000000,35,39,89,163,217050000,1860520000,101090000,268680000,52660000,2500000000,32,33,86,151,-9440000,-55750000,33330000,-3410000,35270000,0,-3,-6,-3,-12
1_1352,521870000,1476130000,286660000,181340000,34000000,2500000000,33,36,92,161,542350000,1336420000,349360000,220280000,51590000,2500000000,37,31,86,154,20480000,-139710000,62700000,38940000,17590000,0,4,-5,-6,-7
1_1353,700690000,1409180000,128640000,149140000,112350000,2500000000,34,32,86,152,761390000,1280000000,212470000,158850000,87290000,2500000000,40,28,85,153,60700000,-129180000,83830000,9710000,-25060000,0,6,-4,-1,1
1_1354,232120000,1996750000,36050000,86670000,148410000,2500000000,34,33,86,153,243690000,1909870000,72240000,95690000,178510000,2500000000,39,31,88,158,11570000,-86880000,36190000,9020000,30100000,0,5,-2,2,5
1_1355,558640000,1757300000,28650000,90700000,64710000,2500000000,37,35,87,159,608100000,1664970000,68750000,93960000,64220000,2500000000,42,33,89,164,49460000,-92330000,40100000,3260000,-490000,0,5,-2,2,5
1_1356,553380000,1685170000,53370000,89800000,118280000,2500000000,36,39,93,168,534220000,1636820000,77920000,88240000,162800000,2500000000,39,37,90,166,-19160000,-48350000,24550000,-1560000,44520000,0,3,-2,-3,-2
1_1357,1045030000,1216210000,41320000,140570000,56870000,2500000000,37,32,89,158,1058940000,1134270000,73920000,151690000,81180000,2500000000,40,30,81,151,13910000,-81940000,32600000,11120000,24310000,0,3,-2,-8,-7
1_1358,779930000,1469030000,39990000,124560000,86490000,2500000000,38,32,89,159,790250000,1394000000,72420000,137690000,105640000,2500000000,40,32,86,158,10320000,-75030000,32430000,13130000,19150000,0,2,0,-3,-1
1_1359,350640000,1861170000,62120000,145250000,80820000,2500000000,38,30,89,157,379250000,1745790000,116710000,155920000,102330000,2500000000,40,34,89,163,28610000,-115380000,54590000,10670000,21510000,0,2,4,0,6
1_1360,440010000,1833380000,40810000,111370000,74430000,2500000000,39,33,90,162,460950000,1741170000,89870000,98350000,109660000,2500000000,43,32,90,165,20940000,-92210000,49060000,-13020000,35230000,0,4,-1,0,3
1_1361,425100000,358770000,69310000,91800000,1526350000,2471330000,41,38,80,159,388230000,326410000,98540000,133830000,1524320000,2471330000,44,32,81,157,-36870000,-32360000,29230000,42030000,-2030000,0,3,-6,1,-2
1_1362,727670000,1243680000,190190000,77160000,261300000,2500000000,39,32,85,156,746250000,1097000000,280670000,102370000,273710000,2500000000,44,32,89,165,18580000,-146680000,90480000,25210000,12410000,0,5,0,4,9
1_1363,74770000,918940000,50000000,42780000,1413510000,2500000000,38,38,97,173,80980000,889000000,82100000,30730000,1417190000,2500000000,40,36,85,161,6210000,-29940000,32100000,-12050000,3680000,0,2,-2,-12,-12
1_1364,1319450000,802100000,119220000,147970000,111260000,2500000000,36,20,72,128,1387350000,780940000,131100000,152590000,48020000,2500000000,41,21,76,138,67900000,-21160000,11880000,4620000,-63240000,0,5,1,4,10
1_1365,487390000,1808690000,129270000,26660000,47990000,2500000000,36,33,101,170,519760000,1780750000,130730000,29800000,38960000,2500000000,37,27,88,152,32370000,-27940000,1460000,3140000,-9030000,0,1,-6,-13,-18
1_1366,1226820000,765830000,83570000,286010000,137770000,2500000000,40,26,87,153,1353780000,744280000,95650000,251020000,55270000,2500000000,44,22,79,145,126960000,-21550000,12080000,-34990000,-82500000,0,4,-4,-8,-8
1_1367,904780000,1228320000,110810000,189280000,66810000,2500000000,37,30,92,159,904040000,1132080000,111340000,224230000,128310000,2500000000,39,29,85,153,-740000,-96240000,530000,34950000,61500000,0,2,-1,-7,-6
1_1368,1530960000,568530000,133040000,184620000,82850000,2500000000,42,27,93,162,1505600000,522150000,150160000,208920000,113170000,2500000000,45,22,81,148,-25360000,-46380000,17120000,24300000,30320000,0,3,-5,-12,-14
1_1369,911100000,1104210000,123870000,272890000,87930000,2500000000,38,33,90,161,993130000,901640000,188510000,294770000,121950000,2500000000,41,31,90,162,82030000,-202570000,64640000,21880000,34020000,0,3,-2,0,1
1_1370,1414160000,705360000,128030000,168350000,84100000,2500000000,45,29,93,167,1410670000,653960000,147250000,194700000,93420000,2500000000,44,29,88,161,-3490000,-51400000,19220000,26350000,9320000,0,-1,0,-5,-6
1_1371,1289370000,557880000,84510000,363160000,205080000,2500000000,42,22,78,142,1310700000,486290000,108330000,330170000,264510000,2500000000,45,27,75,147,21330000,-71590000,23820000,-32990000,59430000,0,3,5,-3,5
1_1372,1594340000,338710000,88640000,303440000,174870000,2500000000,46,27,92,165,1645580000,342950000,99940000,267130000,144400000,2500000000,45,24,81,150,51240000,4240000,11300000,-36310000,-30470000,0,-1,-3,-11,-15
1_1373,375680000,1910940000,110290000,93300000,9790000,2500000000,37,29,88,154,389630000,1796860000,201050000,99460000,13000000,2500000000,34,24,86,144,13950000,-114080000,90760000,6160000,3210000,0,-3,-5,-2,-10
1_1374,630020000,1528510000,200950000,104210000,36310000,2500000000,39,28,83,150,725120000,1158030000,395910000,141450000,79490000,2500000000,41,27,87,155,95100000,-370480000,194960000,37240000,43180000,0,2,-1,4,5
1_1375,199950000,1818670000,114630000,322860000,43890000,2500000000,37,30,93,160,222940000,1712480000,173220000,334660000,56700000,2500000000,37,33,93,163,22990000,-106190000,58590000,11800000,12810000,0,0,3,0,3
1_1376,710840000,1517690000,107360000,103740000,60370000,2500000000,40,31,85,156,736190000,1398240000,172060000,101380000,92130000,2500000000,40,28,84,152,25350000,-119450000,64700000,-2360000,31760000,0,0,-3,-1,-4
1_1377,816940000,1231790000,97250000,273980000,80040000,2500000000,36,31,88,155,820410000,1140610000,137860000,272270000,128850000,2500000000,38,32,86,156,3470000,-91180000,40610000,-1710000,48810000,0,2,1,-2,1
1_1378,843080000,1196760000,66740000,336640000,56780000,2500000000,37,31,88,156,847850000,1134050000,99900000,338160000,80040000,2500000000,40,32,86,158,4770000,-62710000,33160000,1520000,23260000,0,3,1,-2,2
1_1379,1079600000,955180000,96800000,225920000,142500000,2500000000,38,31,90,159,1180250000,780500000,157760000,217470000,164020000,2500000000,39,31,88,158,100650000,-174680000,60960000,-8450000,21520000,0,1,0,-2,-1
1_1380,737710000,1296230000,150040000,262220000,53800000,2500000000,37,36,92,165,774410000,1122960000,231460000,296520000,74650000,2500000000,41,30,88,159,36700000,-173270000,81420000,34300000,20850000,0,4,-6,-4,-6
1_1381,315240000,1850460000,97940000,207150000,29210000,2500000000,34,36,88,158,303530000,1792710000,157460000,184750000,61550000,2500000000,38,31,86,155,-11710000,-57750000,59520000,-22400000,32340000,0,4,-5,-2,-3
1_1382,633180000,1549430000,155920000,125110000,36360000,2500000000,37,32,92,161,612020000,1489560000,186750000,131140000,80530000,2500000000,41,31,82,154,-21160000,-59870000,30830000,6030000,44170000,0,4,-1,-10,-7
1_1383,536630000,1415140000,335270000,157130000,55830000,2500000000,35,33,88,156,547260000,1254800000,423230000,156240000,118470000,2500000000,45,31,91,167,10630000,-160340000,87960000,-890000,62640000,0,10,-2,3,11
1_1384,506880000,1707440000,65910000,188480000,31290000,2500000000,36,33,91,160,503400000,1664140000,79130000,187540000,65790000,2500000000,38,31,85,154,-3480000,-43300000,13220000,-940000,34500000,0,2,-2,-6,-6
1_1385,605200000,1359610000,29340000,464190000,41660000,2500000000,34,31,84,149,634790000,1283280000,67090000,465960000,48880000,2500000000,40,31,87,158,29590000,-76330000,37750000,1770000,7220000,0,6,0,3,9
1_1386,382180000,1891170000,49980000,103010000,73660000,2500000000,37,37,91,165,355390000,1851060000,87610000,99800000,106140000,2500000000,40,34,84,158,-26790000,-40110000,37630000,-3210000,32480000,0,3,-3,-7,-7
1_1387,456110000,1679560000,42380000,293100000,28850000,2500000000,34,25,82,141,472500000,1591200000,86460000,298280000,51560000,2500000000,39,28,81,148,16390000,-88360000,44080000,5180000,22710000,0,5,3,-1,7
1_1388,471290000,1679530000,81720000,216260000,51200000,2500000000,37,36,89,162,497340000,1594400000,138140000,179370000,90750000,2500000000,41,34,84,159,26050000,-85130000,56420000,-36890000,39550000,0,4,-2,-5,-3
1_1389,730090000,1506290000,33650000,91340000,138630000,2500000000,39,30,87,156,774980000,1309730000,82450000,125430000,207410000,2500000000,41,29,85,155,44890000,-196560000,48800000,34090000,68780000,0,2,-1,-2,-1
1_1390,639830000,1566610000,33980000,170660000,88920000,2500000000,38,30,84,152,689060000,1424290000,97570000,157640000,131440000,2500000000,39,29,84,152,49230000,-142320000,63590000,-13020000,42520000,0,1,-1,0,0
1_1391,703650000,1507490000,65060000,125700000,98100000,2500000000,41,31,95,167,747120000,1306660000,113380000,182730000,150110000,2500000000,43,31,88,162,43470000,-200830000,48320000,57030000,52010000,0,2,0,-7,-5
1_1392,1267440000,825580000,29450000,240720000,136810000,2500000000,40,29,93,162,1302370000,700370000,73070000,251970000,172220000,2500000000,44,27,85,156,34930000,-125210000,43620000,11250000,35410000,0,4,-2,-8,-6
1_1393,0,0,0,0,224000000,224000000,41,35,91,167,0,0,0,0,224000000,224000000,41,33,85,159,0,0,0,0,0,0,0,-2,-6,-8
1_1394,443040000,913790000,17370000,58360000,521890000,1954450000,41,30,88,159,469100000,847330000,37960000,50620000,556140000,1961150000,42,33,87,162,26060000,-66460000,20590000,-7740000,34250000,6700000,1,3,-1,3
1_1395,0,0,0,0,0,0,40,38,102,180,0,0,0,0,0,0,40,31,86,157,0,0,0,0,0,0,0,-7,-16,-23
1_1396,313450000,922230000,13860000,63050000,16480000,1329070000,40,35,91,166,346770000,818750000,25230000,74730000,71100000,1336580000,42,32,85,159,33320000,-103480000,11370000,11680000,54620000,7510000,2,-3,-6,-7
1_1397,11570000,0,960000,0,918770000,931300000,32,22,69,123,10470000,0,880000,0,918630000,929980000,34,23,66,123,-1100000,0,-80000,0,-140000,-1320000,2,1,-3,0
1_1398,1252450000,950200000,72480000,158390000,66480000,2500000000,45,24,96,165,1225890000,940640000,78100000,141790000,113580000,2500000000,45,23,81,149,-26560000,-9560000,5620000,-16600000,47100000,0,0,-1,-15,-16
1_1399,1319740000,671990000,125990000,263140000,119140000,2500000000,35,24,84,143,1293710000,594350000,128230000,283080000,200630000,2500000000,38,24,80,142,-26030000,-77640000,2240000,19940000,81490000,0,3,0,-4,-1
1_1400,1207450000,788870000,80990000,278450000,144240000,2500000000,45,29,90,164,1198500000,761530000,83860000,261980000,194130000,2500000000,45,25,78,148,-8950000,-27340000,2870000,-16470000,49890000,0,0,-4,-12,-16
1_1401,867190000,1146370000,190890000,189490000,106060000,2500000000,33,22,79,134,826770000,1056540000,202760000,227430000,186500000,2500000000,40,29,87,156,-40420000,-89830000,11870000,37940000,80440000,0,7,7,8,22
1_1402,1042100000,680430000,86880000,501490000,189100000,2500000000,42,23,73,138,1010750000,622940000,155910000,454650000,255750000,2500000000,46,28,84,158,-31350000,-57490000,69030000,-46840000,66650000,0,4,5,11,20
1_1403,1425360000,379670000,68830000,301080000,325060000,2500000000,40,22,75,137,1269990000,380770000,77250000,267350000,504640000,2500000000,45,21,73,139,-155370000,1100000,8420000,-33730000,179580000,0,5,-1,-2,2
1_1404,1247410000,860550000,100290000,212090000,79660000,2500000000,45,24,90,159,1304550000,785940000,125720000,246110000,37680000,2500000000,45,25,76,146,57140000,-74610000,25430000,34020000,-41980000,0,0,1,-14,-13
1_1405,1238780000,726180000,94270000,209290000,231480000,2500000000,44,23,86,153,1314150000,706970000,103050000,201170000,174660000,2500000000,44,20,76,140,75370000,-19210000,8780000,-8120000,-56820000,0,0,-3,-10,-13
1_1406,631150000,1540310000,110260000,146840000,71440000,2500000000,35,34,88,157,676160000,1400430000,172240000,143450000,107720000,2500000000,36,31,87,154,45010000,-139880000,61980000,-3390000,36280000,0,1,-3,-1,-3
1_1407,565450000,1733140000,113310000,78250000,9850000,2500000000,38,29,83,150,649820000,1578450000,153610000,83560000,34560000,2500000000,37,27,84,148,84370000,-154690000,40300000,5310000,24710000,0,-1,-2,1,-2
1_1408,626140000,1484930000,153980000,164990000,69960000,2500000000,35,31,92,158,651960000,1302080000,238510000,162540000,144910000,2500000000,37,32,87,156,25820000,-182850000,84530000,-2450000,74950000,0,2,1,-5,-2
1_1409,520050000,1713140000,103360000,119650000,43800000,2500000000,35,32,91,158,527080000,1567260000,185830000,116490000,103340000,2500000000,38,31,85,154,7030000,-145880000,82470000,-3160000,59540000,0,3,-1,-6,-4
1_1410,407870000,1836090000,97490000,108470000,50080000,2500000000,37,38,91,166,473400000,1678770000,152430000,118640000,76760000,2500000000,38,38,90,166,65530000,-157320000,54940000,10170000,26680000,0,1,0,-1,0
1_1411,851470000,1307490000,102100000,153930000,85010000,2500000000,41,35,98,174,880820000,1193850000,155880000,156390000,113060000,2500000000,38,32,86,156,29350000,-113640000,53780000,2460000,28050000,0,-3,-3,-12,-18
1_1412,703670000,1165590000,346650000,232470000,51620000,2500000000,37,38,88,163,751610000,898040000,498560000,236310000,115480000,2500000000,43,37,88,168,47940000,-267550000,151910000,3840000,63860000,0,6,-1,0,5
1_1413,791880000,1294010000,92950000,230410000,90750000,2500000000,36,38,90,164,891620000,1070270000,154550000,243370000,140190000,2500000000,41,35,89,165,99740000,-223740000,61600000,12960000,49440000,0,5,-3,-1,1
1_1414,534300000,1453720000,74230000,411360000,26390000,2500000000,33,35,86,154,587370000,1280350000,158790000,407640000,65850000,2500000000,41,32,89,162,53070000,-173370000,84560000,-3720000,39460000,0,8,-3,3,8
1_1415,537160000,1517830000,81140000,298130000,65740000,2500000000,34,36,93,163,603050000,1376070000,134000000,310450000,76430000,2500000000,39,35,91,165,65890000,-141760000,52860000,12320000,10690000,0,5,-1,-2,2
1_1416,787990000,1105310000,39990000,526770000,39940000,2500000000,35,34,89,158,809680000,1008030000,85710000,540500000,56080000,2500000000,40,35,88,163,21690000,-97280000,45720000,13730000,16140000,0,5,1,-1,5
1_1417,771560000,1262770000,82640000,314150000,68880000,2500000000,36,38,89,163,810380000,1039120000,180690000,351980000,117830000,2500000000,39,40,92,171,38820000,-223650000,98050000,37830000,48950000,0,3,2,3,8
1_1418,547710000,1476760000,49080000,409840000,16610000,2500000000,37,39,92,168,530110000,1397160000,109200000,412640000,50890000,2500000000,42,35,91,168,-17600000,-79600000,60120000,2800000,34280000,0,5,-4,-1,0
1_1419,682270000,1400500000,62580000,320510000,34140000,2500000000,37,33,92,162,712660000,1311530000,111300000,317630000,46880000,2500000000,38,33,84,155,30390000,-88970000,48720000,-2880000,12740000,0,1,0,-8,-7
1_1420,614390000,1426460000,37320000,138460000,283370000,2500000000,42,35,93,170,651520000,1316130000,74530000,148000000,309820000,2500000000,44,32,91,167,37130000,-110330000,37210000,9540000,26450000,0,2,-3,-2,-3
1_1421,1216060000,542850000,12540000,643870000,84680000,2500000000,42,29,87,158,1238950000,484970000,38940000,631480000,105660000,2500000000,43,31,85,159,22890000,-57880000,26400000,-12390000,20980000,0,1,2,-2,1
1_1422,701200000,1344380000,30670000,165700000,258050000,2500000000,38,34,89,161,708530000,1247490000,61130000,180350000,302500000,2500000000,45,29,89,163,7330000,-96890000,30460000,14650000,44450000,0,7,-5,0,2
1_1423,683420000,1254510000,31690000,486370000,44010000,2500000000,39,43,96,178,647510000,1193230000,74680000,475110000,109470000,2500000000,41,38,93,172,-35910000,-61280000,42990000,-11260000,65460000,0,2,-5,-3,-6
1_1424,0,0,0,0,0,0,39,35,88,162,0,0,0,0,0,0,39,32,95,166,0,0,0,0,0,0,0,-3,7,4
1_1425,181460000,776390000,9690000,60470000,51300000,1079310000,38,31,87,156,203250000,730630000,18140000,74530000,60340000,1086890000,41,31,87,159,21790000,-45760000,8450000,14060000,9040000,7580000,3,0,0,3
1_1426,26920000,43920000,10400000,17460000,7190000,105890000,35,26,80,141,7210000,2710000,1740000,8320000,5220000,25200000,40,27,85,152,-19710000,-41210000,-8660000,-9140000,-1970000,-80690000,5,1,5,11
1_1427,364990000,689060000,9330000,58550000,22590000,1144520000,42,33,91,166,391240000,646550000,16760000,61970000,37980000,1154500000,45,30,89,164,26250000,-42510000,7430000,3420000,15390000,9980000,3,-3,-2,-2
1_1428,630340000,1255350000,120390000,86220000,407700000,2500000000,42,40,85,167,643020000,1114020000,158920000,145320000,438720000,2500000000,46,35,90,171,12680000,-141330000,38530000,59100000,31020000,0,4,-5,5,4
1_1429,258570000,618690000,32800000,251610000,619660000,1781330000,42,42,100,184,238140000,514770000,26100000,230950000,539780000,1549740000,45,41,100,186,-20430000,-103920000,-6700000,-20660000,-79880000,-231590000,3,-1,0,2
1_1430,761730000,1367100000,48710000,216720000,105740000,2500000000,43,37,90,170,802660000,1121160000,42360000,385350000,148470000,2500000000,41,33,82,156,40930000,-245940000,-6350000,168630000,42730000,0,-2,-4,-8,-14
1_1431,723580000,1255760000,80340000,241790000,179630000,2481100000,40,33,83,156,735830000,1103740000,64790000,317190000,172280000,2393830000,47,37,92,176,12250000,-152020000,-15550000,75400000,-7350000,-87270000,7,4,9,20
1_1432,896910000,1208050000,166250000,143900000,84890000,2500000000,42,25,88,155,878240000,1160570000,177120000,152680000,131390000,2500000000,44,26,86,156,-18670000,-47480000,10870000,8780000,46500000,0,2,1,-2,1
1_1433,216220000,1720120000,119810000,327560000,116290000,2500000000,30,32,97,159,199360000,1629880000,141040000,343070000,186650000,2500000000,36,31,90,157,-16860000,-90240000,21230000,15510000,70360000,0,6,-1,-7,-2
1_1434,193820000,1496450000,148090000,193970000,72480000,2104810000,34,35,100,169,223810000,1477550000,153660000,163820000,95370000,2114210000,35,34,99,168,29990000,-18900000,5570000,-30150000,22890000,9400000,1,-1,-1,-1
1_1435,367770000,1644500000,189330000,206800000,91570000,2499970000,25,29,85,139,388970000,1476740000,226760000,171780000,235000000,2499250000,30,29,87,146,21200000,-167760000,37430000,-35020000,143430000,-720000,5,0,2,7
1_1436,1396830000,761790000,65150000,231110000,45120000,2500000000,40,22,70,132,1462070000,647630000,75790000,297120000,17390000,2500000000,43,20,74,137,65240000,-114160000,10640000,66010000,-27730000,0,3,-2,4,5
1_1437,1165500000,1019750000,145480000,79050000,90220000,2500000000,40,22,78,140,1214160000,970480000,162780000,105650000,46930000,2500000000,42,22,74,138,48660000,-49270000,17300000,26600000,-43290000,0,2,0,-4,-2
1_1438,1349150000,798470000,74250000,235940000,42190000,2500000000,44,27,82,153,1417520000,678970000,119950000,247700000,35860000,2500000000,41,24,74,139,68370000,-119500000,45700000,11760000,-6330000,0,-3,-3,-8,-14
1_1439,1320380000,828760000,119490000,96300000,135070000,2500000000,42,31,94,167,1374430000,821770000,129340000,72570000,101890000,2500000000,45,26,83,154,54050000,-6990000,9850000,-23730000,-33180000,0,3,-5,-11,-13
1_1440,1017300000,1100390000,79930000,260840000,41540000,2500000000,40,30,90,160,1068180000,1006460000,125110000,225560000,74690000,2500000000,43,32,91,166,50880000,-93930000,45180000,-35280000,33150000,0,3,2,1,6
1_1441,523830000,1312600000,120600000,162970000,38980000,2158980000,40,35,93,168,546090000,1224580000,165820000,155430000,72590000,2164510000,42,28,82,152,22260000,-88020000,45220000,-7540000,33610000,5530000,2,-7,-11,-16
1_1442,554770000,789550000,38520000,132970000,30410000,1546220000,39,38,104,181,592190000,740650000,53460000,139390000,28120000,1553810000,43,37,97,177,37420000,-48900000,14940000,6420000,-2290000,7590000,4,-1,-7,-4
1_1443,7250000,4110000,0,2430000,380000,14170000,39,40,108,187,8880000,4010000,350000,1730000,0,14970000,38,31,90,159,1630000,-100000,350000,-700000,-380000,800000,-1,-9,-18,-28
1_1444,352880000,1773600000,143780000,194490000,35250000,2500000000,37,33,88,158,375130000,1645800000,208370000,214250000,56450000,2500000000,38,35,93,166,22250000,-127800000,64590000,19760000,21200000,0,1,2,5,8
1_1445,764110000,1484130000,59640000,162570000,29550000,2500000000,37,34,89,160,803370000,1402850000,103820000,164100000,25860000,2500000000,43,34,90,167,39260000,-81280000,44180000,1530000,-3690000,0,6,0,1,7
1_1446,455320000,1193170000,62680000,282080000,79630000,2072880000,39,42,102,183,505270000,1076980000,77330000,324680000,93270000,2077530000,41,39,97,177,49950000,-116190000,14650000,42600000,13640000,4650000,2,-3,-5,-6
1_1447,325550000,1801000000,95370000,260810000,17270000,2500000000,38,38,103,179,345530000,1724790000,128110000,275510000,26060000,2500000000,40,32,94,166,19980000,-76210000,32740000,14700000,8790000,0,2,-6,-9,-13
1_1448,579880000,1418530000,71410000,400380000,17250000,2487450000,35,35,91,161,585330000,1355920000,123450000,381070000,42590000,2488360000,39,36,86,161,5450000,-62610000,52040000,-19310000,25340000,910000,4,1,-5,0
1_1449,584770000,1332140000,64130000,467280000,51680000,2500000000,42,40,96,178,608010000,1247960000,115180000,444270000,84580000,2500000000,39,37,90,166,23240000,-84180000,51050000,-23010000,32900000,0,-3,-3,-6,-12
1_1450,289950000,480990000,24790000,202740000,28050000,1026520000,37,35,91,163,298390000,464960000,36670000,189010000,42590000,1031620000,44,37,96,177,8440000,-16030000,11880000,-13730000,14540000,5100000,7,2,5,14
1_1451,540160000,550720000,25640000,212820000,41110000,1370450000,42,43,104,189,541530000,544000000,35540000,197740000,57650000,1376460000,45,40,94,179,1370000,-6720000,9900000,-15080000,16540000,6010000,3,-3,-10,-10
1_1452,556110000,1350240000,97840000,430050000,65760000,2500000000,38,36,94,168,560030000,1242090000,176850000,435170000,85860000,2500000000,45,34,91,170,3920000,-108150000,79010000,5120000,20100000,0,7,-2,-3,2
1_1453,694730000,1365530000,38870000,378420000,22450000,2500000000,34,33,90,157,709920000,1296550000,85090000,352960000,55480000,2500000000,43,32,88,163,15190000,-68980000,46220000,-25460000,33030000,0,9,-1,-2,6
1_1454,1149760000,677360000,19600000,419950000,54230000,2320900000,45,41,99,185,1157810000,574240000,46910000,408670000,137140000,2324770000,45,37,93,175,8050000,-103120000,27310000,-11280000,82910000,3870000,0,-4,-6,-10
1_1455,576420000,360070000,30450000,153930000,31800000,1152670000,46,36,95,177,593800000,322580000,43240000,145370000,52810000,1157800000,46,39,95,180,17380000,-37490000,12790000,-8560000,21010000,5130000,0,3,0,3
1_1456,863220000,1285910000,31660000,196480000,122730000,2500000000,45,30,94,169,873410000,1238350000,65120000,186390000,136730000,2500000000,46,31,85,162,10190000,-47560000,33460000,-10090000,14000000,0,1,1,-9,-7
1_1457,636770000,984000000,19830000,565240000,294160000,2500000000,42,40,99,181,658350000,905420000,57000000,580580000,298650000,2500000000,45,39,95,179,21580000,-78580000,37170000,15340000,4490000,0,3,-1,-4,-2
1_1458,1105530000,461150000,22980000,146180000,119110000,1854950000,45,36,91,172,1023170000,374530000,28650000,121250000,104710000,1652310000,48,37,95,180,-82360000,-86620000,5670000,-24930000,-14400000,-202640000,3,1,4,8
1_1459,528550000,833620000,20110000,209730000,20390000,1612400000,40,31,92,163,568870000,753070000,39480000,203210000,51250000,1615880000,43,39,91,173,40320000,-80550000,19370000,-6520000,30860000,3480000,3,8,-1,10
1_1460,267160000,1590780000,77110000,103700000,86370000,2125120000,38,34,92,164,251160000,1492180000,68190000,51300000,50190000,1913020000,39,27,82,148,-16000000,-98600000,-8920000,-52400000,-36180000,-212100000,1,-7,-10,-16
1_1461,377000000,1742990000,30030000,156110000,84140000,2390270000,43,31,92,166,363840000,1621920000,31610000,159160000,90880000,2267410000,45,28,91,164,-13160000,-121070000,1580000,3050000,6740000,-122860000,2,-3,-1,-2
1_1462,823010000,1197500000,179190000,102510000,197790000,2500000000,39,32,84,155,823620000,1145720000,214990000,89460000,226210000,2500000000,45,36,90,171,610000,-51780000,35800000,-13050000,28420000,0,6,4,6,16
1_1463,402090000,1487300000,71530000,299510000,239570000,2500000000,44,40,92,176,440330000,1436800000,78320000,290530000,254020000,2500000000,45,38,87,170,38240000,-50500000,6790000,-8980000,14450000,0,1,-2,-5,-6
1_1464,658920000,1334750000,57790000,210640000,237900000,2500000000,37,36,82,155,689920000,1299650000,56050000,185250000,269130000,2500000000,43,31,87,161,31000000,-35100000,-1740000,-25390000,31230000,0,6,-5,5,6
1_1465,522450000,1683660000,80940000,71690000,141260000,2500000000,32,27,76,135,516830000,1649090000,80180000,73220000,180680000,2500000000,38,24,71,133,-5620000,-34570000,-760000,1530000,39420000,0,6,-3,-5,-2
1_1466,560200000,1667950000,75220000,88980000,107650000,2500000000,34,21,76,131,563580000,1668420000,78730000,47710000,141560000,2500000000,37,27,72,136,3380000,470000,3510000,-41270000,33910000,0,3,6,-4,5
1_1467,0,500000,0,3850000,0,4350000,37,29,79,145,0,3340000,0,3190000,0,6530000,31,28,87,146,0,2840000,0,-660000,0,2180000,-6,-1,8,1
1_1468,123790000,1063210000,87020000,293130000,57740000,1624890000,34,25,87,146,137890000,1045790000,94090000,241200000,122700000,1641670000,33,31,89,153,14100000,-17420000,7070000,-51930000,64960000,16780000,-1,6,2,7
1_1469,451600000,445180000,70410000,195560000,78690000,1241440000,40,23,76,139,413650000,468410000,67470000,187300000,31720000,1168550000,36,26,85,147,-37950000,23230000,-2940000,-8260000,-46970000,-72890000,-4,3,9,8
1_1470,897980000,194850000,9830000,165400000,30300000,1298360000,43,29,86,158,910690000,148210000,22250000,178460000,44330000,1303940000,41,21,74,136,12710000,-46640000,12420000,13060000,14030000,5580000,-2,-8,-12,-22
1_1471,670040000,45610000,5490000,94180000,19690000,835010000,43,19,69,131,693720000,45260000,7150000,85440000,10420000,841990000,43,19,70,132,23680000,-350000,1660000,-8740000,-9270000,6980000,0,0,1,1
1_1472,354330000,186320000,63040000,147730000,115550000,866970000,41,21,73,135,372200000,159130000,45050000,181120000,32920000,790420000,40,20,70,130,17870000,-27190000,-17990000,33390000,-82630000,-76550000,-1,-1,-3,-5
1_1473,437920000,47670000,92570000,1270000,1920570000,2500000000,35,31,85,151,430520000,46040000,106600000,1210000,1915630000,2500000000,38,33,84,155,-7400000,-1630000,14030000,-60000,-4940000,0,3,2,-1,4
1_1474,926780000,224530000,27080000,11790000,1309820000,2500000000,39,33,88,160,951810000,220530000,42320000,11790000,1273550000,2500000000,44,34,92,170,25030000,-4000000,15240000,0,-36270000,0,5,1,4,10
1_1475,1311300000,452610000,48100000,23010000,664980000,2500000000,39,34,90,163,1326570000,436960000,97360000,22550000,616560000,2500000000,46,36,93,175,15270000,-15650000,49260000,-460000,-48420000,0,7,2,3,12
1_1476,1739890000,26770000,2480000,970000,729890000,2500000000,38,24,72,134,1912370000,27410000,2470000,980000,556770000,2500000000,39,19,65,123,172480000,640000,-10000,10000,-173120000,0,1,-5,-7,-11
1_1477,1825860000,163810000,14710000,1390000,494230000,2500000000,42,33,85,160,1858960000,167190000,16030000,1390000,456430000,2500000000,43,35,86,164,33100000,3380000,1320000,0,-37800000,0,1,2,1,4
1_1478,568640000,37780000,9000000,660000,1669240000,2285320000,38,32,82,152,545960000,40200000,9740000,650000,1688770000,2285320000,42,33,75,150,-22680000,2420000,740000,-10000,19530000,0,4,1,-7,-2
1_1479,1080220000,109480000,58400000,9420000,1242480000,2500000000,42,35,89,166,1036900000,117210000,66800000,2940000,1276150000,2500000000,44,36,93,173,-43320000,7730000,8400000,-6480000,33670000,0,2,1,4,7
1_1480,915250000,864830000,41990000,330060000,347870000,2500000000,41,36,86,163,745040000,909340000,64140000,239110000,542370000,2500000000,48,38,91,177,-170210000,44510000,22150000,-90950000,194500000,0,7,2,5,14
1_1481,773870000,1170880000,56180000,188210000,310860000,2500000000,42,40,95,177,738820000,1189310000,57170000,144950000,369750000,2500000000,48,34,90,172,-35050000,18430000,990000,-43260000,58890000,0,6,-6,-5,-5
1_1482,1018930000,941400000,26190000,207320000,306160000,2500000000,41,37,77,155,833890000,979740000,43510000,115410000,527450000,2500000000,46,28,85,159,-185040000,38340000,17320000,-91910000,221290000,0,5,-9,8,4
1_1483,698640000,1452900000,81290000,150620000,116550000,2500000000,40,36,91,167,702810000,1424340000,83870000,134100000,154880000,2500000000,44,25,77,146,4170000,-28560000,2580000,-16520000,38330000,0,4,-11,-14,-21
1_1484,712720000,276250000,6520000,232010000,1272500000,2500000000,39,28,80,147,592630000,359420000,11620000,127360000,1408970000,2500000000,48,34,88,170,-120090000,83170000,5100000,-104650000,136470000,0,9,6,8,23
1_1485,1210520000,570140000,23280000,291550000,404510000,2500000000,38,32,81,151,1006910000,653540000,39080000,147950000,652520000,2500000000,45,32,82,159,-203610000,83400000,15800000,-143600000,248010000,0,7,0,1,8
1_1486,151450000,44100000,2370000,19410000,2282670000,2500000000,31,33,68,132,155900000,30440000,3230000,35840000,2274590000,2500000000,42,34,83,159,4450000,-13660000,860000,16430000,-8080000,0,11,1,15,27
1_1487,861590000,399700000,87270000,0,1151440000,2500000000,41,38,97,176,875470000,378680000,81800000,1420000,1162630000,2500000000,45,36,96,177,13880000,-21020000,-5470000,1420000,11190000,0,4,-2,-1,1
1_1488,932950000,306700000,76790000,0,1183560000,2500000000,42,36,94,172,905530000,309990000,68690000,0,1215790000,2500000000,46,36,99,181,-27420000,3290000,-8100000,0,32230000,0,4,0,5,9
1_1489,877230000,402000000,29890000,0,1190880000,2500000000,41,37,93,171,880820000,400040000,25480000,1630000,1192030000,2500000000,46,37,102,185,3590000,-1960000,-4410000,1630000,1150000,0,5,0,9,14
1_1490,1240590000,771980000,81430000,520000,405480000,2500000000,43,35,86,164,1288530000,777730000,75540000,0,358200000,2500000000,48,42,91,181,47940000,5750000,-5890000,-520000,-47280000,0,5,7,5,17
1_1491,1201990000,929880000,169900000,450000,197780000,2500000000,43,38,85,166,1209000000,924720000,183170000,900000,182210000,2500000000,49,36,95,180,7010000,-5160000,13270000,450000,-15570000,0,6,-2,10,14
1_1492,1156850000,150090000,17740000,0,1175320000,2500000000,46,40,102,188,1150070000,143100000,12210000,1140000,1193480000,2500000000,49,41,107,197,-6780000,-6990000,-5530000,1140000,18160000,0,3,1,5,9
1_1493,662130000,209640000,93100000,360000,1534770000,2500000000,45,41,101,187,666400000,204610000,94800000,1720000,1532470000,2500000000,48,42,106,196,4270000,-5030000,1700000,1360000,-2300000,0,3,1,5,9
1_1494,1618670000,419010000,20670000,0,441650000,2500000000,38,30,79,147,1604130000,425830000,19840000,0,450200000,2500000000,46,36,87,169,-14540000,6820000,-830000,0,8550000,0,8,6,8,22
1_1495,1793820000,394780000,29720000,0,281680000,2500000000,43,35,85,163,1780020000,388620000,24630000,0,306730000,2500000000,47,39,92,178,-13800000,-6160000,-5090000,0,25050000,0,4,4,7,15
1_1496,1055200000,389270000,73120000,290000,982120000,2500000000,45,39,99,183,1150000000,382800000,76360000,0,890840000,2500000000,46,39,103,188,94800000,-6470000,3240000,-290000,-91280000,0,1,0,4,5
1_1497,1303000000,430390000,45320000,0,721290000,2500000000,44,39,96,179,1266550000,433050000,43940000,0,756460000,2500000000,46,42,105,193,-36450000,2660000,-1380000,0,35170000,0,2,3,9,14
1_1498,1098850000,921600000,87180000,0,392370000,2500000000,38,32,80,150,1243760000,933410000,94670000,0,228160000,2500000000,46,33,88,167,144910000,11810000,7490000,0,-164210000,0,8,1,8,17
1_1499,1378610000,628570000,37390000,0,455430000,2500000000,40,31,74,145,1406270000,650310000,34670000,0,408750000,2500000000,42,37,88,167,27660000,21740000,-2720000,0,-46680000,0,2,6,14,22
1_1500,482740000,70110000,31790000,0,1915360000,2500000000,40,36,88,164,516080000,66810000,31660000,0,1885450000,2500000000,46,39,99,184,33340000,-3300000,-130000,0,-29910000,0,6,3,11,20
1_1501,337280000,127190000,44590000,0,1858540000,2367600000,40,36,91,167,438540000,119520000,46920000,460000,1762160000,2367600000,45,40,103,188,101260000,-7670000,2330000,460000,-96380000,0,5,4,12,21
1_1502,1109290000,524120000,34200000,0,832390000,2500000000,41,35,84,160,1284010000,540650000,34490000,0,640850000,2500000000,49,40,102,191,174720000,16530000,290000,0,-191540000,0,8,5,18,31
1_1503,798020000,1180520000,20280000,263750000,237430000,2500000000,37,30,74,141,667290000,1286900000,51370000,120350000,374090000,2500000000,45,30,82,157,-130730000,106380000,31090000,-143400000,136660000,0,8,0,8,16
1_1504,710690000,1350150000,88270000,160110000,190780000,2500000000,40,33,77,150,662970000,1439590000,84540000,52470000,260430000,2500000000,40,26,78,144,-47720000,89440000,-3730000,-107640000,69650000,0,0,-7,1,-6
1_1505,685300000,1468000000,35400000,120570000,190730000,2500000000,40,31,81,152,604440000,1437550000,95400000,95600000,267010000,2500000000,44,30,82,156,-80860000,-30450000,60000000,-24970000,76280000,0,4,-1,1,4
1_1506,815680000,702340000,23440000,292120000,666420000,2500000000,40,38,93,171,689090000,770490000,38070000,169140000,833210000,2500000000,48,37,92,177,-126590000,68150000,14630000,-122980000,166790000,0,8,-1,-1,6
1_1507,394090000,141770000,149280000,129820000,1647350000,2462310000,42,36,93,171,370270000,152270000,188100000,78060000,1673610000,2462310000,44,38,86,168,-23820000,10500000,38820000,-51760000,26260000,0,2,2,-7,-3
1_1508,401230000,245840000,7410000,118770000,1667080000,2440330000,39,40,90,169,423320000,214200000,7130000,154670000,1641010000,2440330000,35,36,90,161,22090000,-31640000,-280000,35900000,-26070000,0,-4,-4,0,-8
1_1509,645290000,311460000,7000000,79320000,1456930000,2500000000,45,42,96,183,657460000,279850000,10430000,94190000,1458070000,2500000000,48,42,101,191,12170000,-31610000,3430000,14870000,1140000,0,3,0,5,8
1_1510,31250000,44950000,6150000,10790000,2133380000,2226520000,32,32,84,148,31430000,35150000,6650000,17930000,2135360000,2226520000,41,35,85,161,180000,-9800000,500000,7140000,1980000,0,9,3,1,13
1_1511,62400000,10730000,350000,7270000,2070850000,2151600000,34,31,70,135,64480000,8080000,0,6800000,2072240000,2151600000,40,29,66,135,2080000,-2650000,-350000,-470000,1390000,0,6,-2,-4,0
1_1512,346870000,214930000,13740000,60710000,1863750000,2500000000,41,40,98,179,370980000,114900000,14080000,155010000,1845030000,2500000000,41,42,96,179,24110000,-100030000,340000,94300000,-18720000,0,0,2,-2,0
1_1513,770270000,320260000,46170000,70820000,1292480000,2500000000,41,34,87,162,801290000,214780000,52900000,160820000,1270210000,2500000000,48,40,89,177,31020000,-105480000,6730000,90000000,-22270000,0,7,6,2,15
1_1514,1066260000,700450000,16610000,159740000,556940000,2500000000,45,39,93,177,1146920000,498970000,16860000,342540000,494710000,2500000000,46,41,92,179,80660000,-201480000,250000,182800000,-62230000,0,1,2,-1,2
1_1515,1455440000,590310000,79190000,0,375060000,2500000000,44,39,93,176,1460660000,563630000,71620000,0,404090000,2500000000,49,37,94,180,5220000,-26680000,-7570000,0,29030000,0,5,-2,1,4
1_1516,281930000,21660000,11910000,0,1916920000,2232420000,42,35,94,171,282510000,18020000,12410000,0,1919480000,2232420000,44,35,94,173,580000,-3640000,500000,0,2560000,0,2,0,0,2
1_1517,1347750000,892990000,39440000,0,219820000,2500000000,41,36,85,162,1330350000,894060000,37550000,0,238040000,2500000000,44,35,89,168,-17400000,1070000,-1890000,0,18220000,0,3,-1,4,6
1_1518,1149560000,1107000000,55410000,670000,187360000,2500000000,42,32,83,157,1146090000,1117030000,52530000,460000,183890000,2500000000,44,35,86,165,-3470000,10030000,-2880000,-210000,-3470000,0,2,3,3,8
1_1519,1777700000,190710000,15660000,0,515930000,2500000000,41,30,80,151,1884000000,157230000,13800000,0,444970000,2500000000,45,37,86,168,106300000,-33480000,-1860000,0,-70960000,0,4,7,6,17
1_1520,1219970000,502050000,184340000,0,593640000,2500000000,41,35,85,161,1270770000,460380000,198290000,0,570560000,2500000000,49,42,93,184,50800000,-41670000,13950000,0,-23080000,0,8,7,8,23
1_1521,1482580000,500900000,38310000,0,478210000,2500000000,40,33,83,156,1623060000,491990000,35620000,0,349330000,2500000000,46,35,88,169,140480000,-8910000,-2690000,0,-128880000,0,6,2,5,13
1_1522,1550290000,387440000,21560000,0,540710000,2500000000,38,31,81,150,1687920000,358880000,19670000,920000,432610000,2500000000,44,36,89,169,137630000,-28560000,-1890000,920000,-108100000,0,6,5,8,19
1_1523,1176720000,396110000,63010000,0,864160000,2500000000,43,39,86,168,1554350000,423850000,63870000,460000,457470000,2500000000,47,41,96,184,377630000,27740000,860000,460000,-406690000,0,4,2,10,16
1_1524,1445240000,426180000,28130000,0,600450000,2500000000,40,36,81,157,1525520000,438230000,25760000,0,510490000,2500000000,48,36,87,171,80280000,12050000,-2370000,0,-89960000,0,8,0,6,14
1_1525,1445040000,18280000,11480000,2140000,1023060000,2500000000,38,24,72,134,1668680000,18300000,11870000,2140000,799010000,2500000000,43,20,71,134,223640000,20000,390000,0,-224050000,0,5,-4,-1,0
1_1526,1572100000,18570000,1290000,840000,907200000,2500000000,38,24,70,132,1661370000,19200000,1320000,840000,817270000,2500000000,32,18,64,114,89270000,630000,30000,0,-89930000,0,-6,-6,-6,-18
1_1527,1071120000,7470000,1090000,730000,1419590000,2500000000,39,21,67,127,1251250000,7370000,1670000,730000,1238980000,2500000000,35,20,60,115,180130000,-100000,580000,0,-180610000,0,-4,-1,-7,-12
1_1528,794880000,0,0,2110000,1703010000,2500000000,30,28,64,122,794870000,0,0,2100000,1703030000,2500000000,17,14,46,77,-10000,0,0,-10000,20000,0,-13,-14,-18,-45
1_1529,1210260000,148130000,8670000,0,1132940000,2500000000,31,28,66,125,1203470000,146900000,11320000,0,1138310000,2500000000,33,21,69,123,-6790000,-1230000,2650000,0,5370000,0,2,-7,3,-2
1_1530,404730000,14670000,720000,6050000,2073830000,2500000000,25,18,58,101,404730000,14670000,720000,6050000,2073830000,2500000000,24,18,48,90,0,0,0,0,0,0,-1,0,-10,-11
1_1531,352140000,21930000,1240000,19330000,2105360000,2500000000,22,25,65,112,370090000,21930000,1240000,29340000,2077400000,2500000000,31,26,65,122,17950000,0,0,10010000,-27960000,0,9,1,0,10
1_1532,148620000,0,0,33960000,2317420000,2500000000,16,24,49,89,159380000,0,0,35760000,2304860000,2500000000,18,21,49,88,10760000,0,0,1800000,-12560000,0,2,-3,0,-1
1_1533,480260000,63220000,22590000,250000,1933680000,2500000000,21,29,63,113,479480000,62940000,23570000,250000,1933760000,2500000000,30,30,71,131,-780000,-280000,980000,0,80000,0,9,1,8,18
1_1534,127350000,13430000,810000,0,2358410000,2500000000,10,22,47,79,127090000,13430000,2520000,0,2356960000,2500000000,11,20,39,70,-260000,0,1710000,0,-1450000,0,1,-2,-8,-9
1_1535,387090000,65370000,5540000,0,2042000000,2500000000,19,22,54,95,387000000,65830000,5540000,0,2041630000,2500000000,17,17,48,82,-90000,460000,0,0,-370000,0,-2,-5,-6,-13
1_1536,1688360000,10750000,3260000,1060000,796570000,2500000000,39,24,74,137,1765060000,11530000,3370000,1060000,718980000,2500000000,39,20,67,126,76700000,780000,110000,0,-77590000,0,0,-4,-7,-11
1_1537,1842980000,49960000,5000000,320000,601740000,2500000000,38,23,72,133,1855410000,53050000,6130000,320000,585090000,2500000000,40,18,66,124,12430000,3090000,1130000,0,-16650000,0,2,-5,-6,-9
1_1538,1861100000,195150000,30650000,3170000,409930000,2500000000,39,26,77,142,1909370000,199790000,31890000,3390000,355560000,2500000000,44,30,74,148,48270000,4640000,1240000,220000,-54370000,0,5,4,-3,6
1_1539,1905540000,155550000,5380000,1060000,432470000,2500000000,40,30,79,149,1948770000,163250000,5480000,1060000,381440000,2500000000,44,33,77,154,43230000,7700000,100000,0,-51030000,0,4,3,-2,5
1_1540,1415610000,6080000,8510000,6810000,1062990000,2500000000,35,23,71,129,1581060000,6090000,9620000,6820000,896410000,2500000000,33,24,69,126,165450000,10000,1110000,10000,-166580000,0,-2,1,-2,-3
1_1541,1587840000,19350000,4450000,12450000,875910000,2500000000,38,24,72,134,1710280000,20060000,4720000,12440000,752500000,2500000000,40,29,75,144,122440000,710000,270000,-10000,-123410000,0,2,5,3,10
1_1542,1802860000,30120000,5950000,3110000,657960000,2500000000,37,24,73,134,1919420000,30270000,5370000,3110000,541830000,2500000000,34,18,61,113,116560000,150000,-580000,0,-116130000,0,-3,-6,-12,-21
1_1543,1477590000,470000,1310000,1370000,1019260000,2500000000,35,22,67,124,1644780000,470000,1350000,1370000,852030000,2500000000,29,13,45,87,167190000,0,40000,0,-167230000,0,-6,-9,-22,-37
1_1544,1614960000,5420000,4670000,2850000,872100000,2500000000,36,22,69,127,1688960000,5100000,7300000,2850000,795790000,2500000000,39,18,68,125,74000000,-320000,2630000,0,-76310000,0,3,-4,-1,-2
1_1545,1708680000,0,780000,2030000,788510000,2500000000,36,24,62,122,1758530000,0,770000,2030000,738670000,2500000000,31,22,58,111,49850000,0,-10000,0,-49840000,0,-5,-2,-4,-11
1_1546,1675810000,1720000,11320000,260000,810890000,2500000000,34,26,67,127,1691520000,1720000,11660000,260000,794840000,2500000000,34,21,60,115,15710000,0,340000,0,-16050000,0,0,-5,-7,-12
1_1547,743770000,0,2800000,5330000,1748100000,2500000000,32,26,67,125,745830000,0,2800000,5310000,1746060000,2500000000,18,20,49,87,2060000,0,0,-20000,-2040000,0,-14,-6,-18,-38
1_1548,1273920000,490000,3060000,5610000,1216920000,2500000000,32,23,59,114,1302990000,1120000,3490000,5440000,1186960000,2500000000,28,17,64,109,29070000,630000,430000,-170000,-29960000,0,-4,-6,5,-5
1_1549,1298070000,820000,1670000,2640000,1196800000,2500000000,34,22,61,117,1476140000,820000,1690000,2640000,1018710000,2500000000,28,12,47,87,178070000,0,20000,0,-178090000,0,-6,-10,-14,-30
1_1550,229370000,0,0,8550000,2262080000,2500000000,25,28,59,112,465920000,0,0,38100000,1995980000,2500000000,23,27,63,113,236550000,0,0,29550000,-266100000,0,-2,-1,4,1
1_1551,836070000,7250000,1830000,0,1654850000,2500000000,13,28,53,94,835890000,7250000,2120000,0,1654740000,2500000000,13,19,45,77,-180000,0,290000,0,-110000,0,0,-9,-8,-17
1_1552,881040000,1990000,530000,0,1616440000,2500000000,18,25,57,100,1137950000,1930000,0,0,1360120000,2500000000,20,21,55,96,256910000,-60000,-530000,0,-256320000,0,2,-4,-2,-4
1_1553,459920000,1930000,0,0,2038150000,2500000000,10,20,39,69,459920000,1930000,0,0,2038150000,2500000000,17,21,43,81,0,0,0,0,0,0,7,1,4,12
1_1554,504560000,53940000,21940000,400000,1690670000,2271510000,35,29,78,142,496670000,55660000,22360000,400000,1696420000,2271510000,38,32,78,148,-7890000,1720000,420000,0,5750000,0,3,3,0,6
1_1555,469480000,56170000,2030000,320000,1566900000,2094900000,35,30,80,145,470950000,58840000,2000000,320000,1562790000,2094900000,43,35,76,154,1470000,2670000,-30000,0,-4110000,0,8,5,-4,9
1_1556,472770000,22720000,37930000,4720000,1961860000,2500000000,34,30,86,150,491290000,24270000,40520000,3270000,1940650000,2500000000,41,32,86,159,18520000,1550000,2590000,-1450000,-21210000,0,7,2,0,9
1_1557,1521060000,59400000,11870000,18190000,889480000,2500000000,38,30,79,147,1672710000,63460000,12260000,16550000,735020000,2500000000,40,26,75,141,151650000,4060000,390000,-1640000,-154460000,0,2,-4,-4,-6
1_1558,1389370000,2600000,3100000,6640000,1098290000,2500000000,33,23,61,117,1604750000,2380000,3320000,6640000,882910000,2500000000,34,10,50,94,215380000,-220000,220000,0,-215380000,0,1,-13,-11,-23
1_1559,1205530000,7930000,5580000,4500000,1276460000,2500000000,34,22,63,119,1302700000,8600000,6080000,4090000,1178530000,2500000000,30,19,60,109,97170000,670000,500000,-410000,-97930000,0,-4,-3,-3,-10
1_1560,1292880000,3840000,4020000,0,1199260000,2500000000,30,32,67,129,1584420000,5850000,1910000,0,907820000,2500000000,45,29,77,151,291540000,2010000,-2110000,0,-291440000,0,15,-3,10,22
1_1561,1560310000,1650000,7880000,2960000,927200000,2500000000,34,26,66,126,1765180000,1310000,11490000,2950000,719070000,2500000000,44,29,76,149,204870000,-340000,3610000,-10000,-208130000,0,10,3,10,23
1_1562,451070000,0,0,0,2048930000,2500000000,15,26,59,100,621650000,0,0,0,1878350000,2500000000,22,22,53,97,170580000,0,0,0,-170580000,0,7,-4,-6,-3
1_1563,428230000,137730000,25120000,450000,1711550000,2303080000,40,37,89,166,495850000,160930000,25670000,1280000,1619350000,2303080000,44,40,99,183,67620000,23200000,550000,830000,-92200000,0,4,3,10,17
1_1564,1486880000,60800000,16250000,19720000,916350000,2500000000,38,28,78,144,1622430000,59050000,12710000,19920000,785890000,2500000000,43,27,80,150,135550000,-1750000,-3540000,200000,-130460000,0,5,-1,2,6
1_1565,1704540000,17770000,7720000,770000,769200000,2500000000,36,25,73,134,1763610000,13040000,13090000,770000,709490000,2500000000,42,26,79,147,59070000,-4730000,5370000,0,-59710000,0,6,1,6,13
1_1566,1620160000,16400000,7570000,12550000,843320000,2500000000,39,25,77,141,1713870000,14540000,7210000,12670000,751710000,2500000000,44,28,78,150,93710000,-1860000,-360000,120000,-91610000,0,5,3,1,9
1_1567,1302620000,369700000,27710000,250550000,549420000,2500000000,45,26,80,151,1377820000,353250000,35020000,226190000,507720000,2500000000,43,22,80,145,75200000,-16450000,7310000,-24360000,-41700000,0,-2,-4,0,-6
1_1568,173300000,586690000,40290000,74650000,1625070000,2500000000,38,39,97,174,214810000,573480000,52500000,69630000,1589580000,2500000000,31,31,79,141,41510000,-13210000,12210000,-5020000,-35490000,0,-7,-8,-18,-33
1_1569,1838600000,279560000,22480000,134160000,225200000,2500000000,37,21,70,128,1866070000,281230000,25310000,121220000,206170000,2500000000,41,21,76,138,27470000,1670000,2830000,-12940000,-19030000,0,4,0,6,10
1_1570,816020000,1147490000,85980000,231840000,218670000,2500000000,26,20,66,112,797410000,1158150000,75450000,224170000,244820000,2500000000,34,22,79,135,-18610000,10660000,-10530000,-7670000,26150000,0,8,2,13,23
1_1571,1398640000,534560000,53270000,259550000,253980000,2500000000,37,25,79,141,1394870000,555150000,49570000,275030000,225380000,2500000000,40,22,83,145,-3770000,20590000,-3700000,15480000,-28600000,0,3,-3,4,4
1_1572,904750000,753770000,103800000,578500000,159180000,2500000000,28,21,72,121,944680000,669720000,101140000,680240000,104220000,2500000000,34,26,76,136,39930000,-84050000,-2660000,101740000,-54960000,0,6,5,4,15
1_1573,1294550000,432290000,33740000,109680000,629740000,2500000000,41,21,84,146,1383720000,440390000,38510000,101570000,535810000,2500000000,39,20,77,136,89170000,8100000,4770000,-8110000,-93930000,0,-2,-1,-7,-10
1_1574,92390000,680760000,23850000,31410000,1570570000,2398980000,38,42,111,191,100590000,650500000,34620000,30380000,1582890000,2398980000,26,34,82,142,8200000,-30260000,10770000,-1030000,12320000,0,-12,-8,-29,-49
1_1575,901460000,794650000,37080000,111380000,655430000,2500000000,32,24,90,146,940180000,804260000,42030000,116540000,596990000,2500000000,35,25,83,143,38720000,9610000,4950000,5160000,-58440000,0,3,1,-7,-3
1_1576,179210000,691900000,26080000,49030000,1532330000,2478550000,28,41,89,158,198580000,696010000,26490000,40900000,1516570000,2478550000,21,33,76,130,19370000,4110000,410000,-8130000,-15760000,0,-7,-8,-13,-28
1_1577,1627990000,385290000,41840000,130420000,314460000,2500000000,42,26,89,157,1612470000,400360000,40430000,131620000,315120000,2500000000,44,23,83,150,-15520000,15070000,-1410000,1200000,660000,0,2,-3,-6,-7
1_1578,688090000,1071880000,81700000,334990000,323340000,2500000000,36,29,96,161,678790000,1089260000,91550000,297200000,343200000,2500000000,35,29,94,158,-9300000,17380000,9850000,-37790000,19860000,0,-1,0,-2,-3
1_1579,1146430000,726910000,87480000,262160000,277020000,2500000000,38,37,96,171,1155960000,728540000,84630000,292750000,238120000,2500000000,43,29,100,172,9530000,1630000,-2850000,30590000,-38900000,0,5,-8,4,1
1_1580,1424630000,637570000,121240000,136710000,179850000,2500000000,34,31,91,156,1422230000,652280000,118130000,120810000,186550000,2500000000,42,23,88,153,-2400000,14710000,-3110000,-15900000,6700000,0,8,-8,-3,-3
1_1581,1486310000,391980000,102490000,377750000,141470000,2500000000,33,19,58,110,1441570000,395720000,117480000,406220000,139010000,2500000000,43,17,67,127,-44740000,3740000,14990000,28470000,-2460000,0,10,-2,9,17
1_1582,625370000,1203680000,183630000,380970000,106350000,2500000000,37,24,90,151,636740000,1113610000,197280000,479580000,72790000,2500000000,40,25,81,146,11370000,-90070000,13650000,98610000,-33560000,0,3,1,-9,-5
1_1583,1318660000,389220000,81970000,478110000,232040000,2500000000,41,24,77,142,1375380000,469430000,77380000,358980000,218830000,2500000000,43,20,70,133,56720000,80210000,-4590000,-119130000,-13210000,0,2,-4,-7,-9
1_1584,848700000,659260000,87100000,652550000,252390000,2500000000,38,23,83,144,899420000,775240000,78770000,597250000,149320000,2500000000,46,25,80,151,50720000,115980000,-8330000,-55300000,-103070000,0,8,2,-3,7
1_1585,1452630000,248700000,52580000,487290000,198160000,2439360000,33,13,56,102,1414400000,107660000,42100000,619570000,229350000,2413080000,35,12,57,104,-38230000,-141040000,-10480000,132280000,31190000,-26280000,2,-1,1,2
1_1586,1551030000,360400000,75240000,273510000,145620000,2405800000,27,11,46,84,1444860000,122330000,58900000,527260000,241680000,2395030000,33,10,57,100,-106170000,-238070000,-16340000,253750000,96060000,-10770000,6,-1,11,16
1_1587,1547850000,176790000,43880000,434800000,296680000,2500000000,30,13,54,97,1561920000,237240000,33040000,359280000,308520000,2500000000,38,11,54,103,14070000,60450000,-10840000,-75520000,11840000,0,8,-2,0,6
1_1588,992550000,865870000,22070000,112610000,506900000,2500000000,36,25,83,144,1055950000,880360000,21210000,106080000,436400000,2500000000,40,23,80,143,63400000,14490000,-860000,-6530000,-70500000,0,4,-2,-3,-1
1_1589,452590000,1034510000,40210000,128260000,844430000,2500000000,39,45,113,197,394200000,1033970000,47890000,94340000,929600000,2500000000,33,41,100,174,-58390000,-540000,7680000,-33920000,85170000,0,-6,-4,-13,-23
1_1590,109370000,1983990000,68130000,158290000,180220000,2500000000,19,20,51,90,111000000,2009410000,63640000,139890000,176060000,2500000000,19,16,65,100,1630000,25420000,-4490000,-18400000,-4160000,0,0,-4,14,10
1_1591,549160000,1283590000,62560000,253620000,351070000,2500000000,35,31,90,156,538350000,1328860000,61710000,245310000,325770000,2500000000,36,30,92,158,-10810000,45270000,-850000,-8310000,-25300000,0,1,-1,2,2
1_1592,357650000,1614160000,92220000,277500000,158470000,2500000000,25,27,80,132,334210000,1629120000,95200000,257710000,183760000,2500000000,29,27,85,141,-23440000,14960000,2980000,-19790000,25290000,0,4,0,5,9
1_1593,136380000,1770960000,69470000,267000000,256190000,2500000000,24,21,66,111,159540000,1800420000,65130000,268900000,206010000,2500000000,31,22,79,132,23160000,29460000,-4340000,1900000,-50180000,0,7,1,13,21
1_1594,941140000,1086940000,128510000,148240000,195170000,2500000000,26,20,70,116,929140000,1102540000,107410000,147510000,213400000,2500000000,32,21,78,131,-12000000,15600000,-21100000,-730000,18230000,0,6,1,8,15
1_1595,1109650000,867060000,101770000,181250000,240270000,2500000000,39,34,87,160,1100730000,909450000,104700000,153990000,231130000,2500000000,37,30,91,158,-8920000,42390000,2930000,-27260000,-9140000,0,-2,-4,4,-2
1_1596,861150000,1239830000,149210000,109350000,140460000,2500000000,32,33,85,150,869390000,1218840000,133940000,127760000,150070000,2500000000,33,25,82,140,8240000,-20990000,-15270000,18410000,9610000,0,1,-8,-3,-10
1_1597,662030000,1410800000,103990000,233240000,89940000,2500000000,30,32,90,152,659460000,1426690000,105340000,200460000,108050000,2500000000,39,32,92,163,-2570000,15890000,1350000,-32780000,18110000,0,9,0,2,11
1_1598,252310000,1857400000,178730000,93100000,118460000,2500000000,27,26,83,136,229460000,1846010000,170640000,104310000,149580000,2500000000,31,27,90,148,-22850000,-11390000,-8090000,11210000,31120000,0,4,1,7,12
1_1599,442020000,1610620000,136220000,162610000,148530000,2500000000,39,39,105,183,460740000,1604110000,124170000,140250000,170730000,2500000000,32,29,90,151,18720000,-6510000,-12050000,-22360000,22200000,0,-7,-10,-15,-32
1_1600,326310000,1800820000,138770000,102100000,132000000,2500000000,23,36,92,151,313830000,1827980000,119950000,86790000,151450000,2500000000,31,35,99,165,-12480000,27160000,-18820000,-15310000,19450000,0,8,-1,7,14
1_1601,495840000,1683850000,165450000,78630000,76230000,2500000000,25,27,78,130,508950000,1664570000,133730000,106900000,85850000,2500000000,25,22,75,122,13110000,-19280000,-31720000,28270000,9620000,0,0,-5,-3,-8
1_1602,257760000,1714880000,398670000,44660000,84030000,2500000000,18,24,69,111,243800000,1511030000,517980000,101790000,125400000,2500000000,24,24,80,128,-13960000,-203850000,119310000,57130000,41370000,0,6,0,11,17
1_1603,1029210000,811120000,140570000,361540000,157560000,2500000000,33,22,73,128,1072620000,880830000,117790000,331750000,97010000,2500000000,38,21,69,128,43410000,69710000,-22780000,-29790000,-60550000,0,5,-1,-4,0
1_1604,1495470000,378030000,143610000,315770000,167120000,2500000000,28,12,47,87,1557890000,354920000,112020000,401960000,73210000,2500000000,33,13,59,105,62420000,-23110000,-31590000,86190000,-93910000,0,5,1,12,18
1_1605,1824340000,193370000,79770000,306670000,95850000,2500000000,34,20,72,126,1834750000,181550000,47670000,336150000,99880000,2500000000,37,12,58,107,10410000,-11820000,-32100000,29480000,4030000,0,3,-8,-14,-19
1_1606,1501700000,106340000,105000000,475650000,311310000,2500000000,29,13,56,98,1639740000,267750000,66740000,317640000,208130000,2500000000,36,15,57,108,138040000,161410000,-38260000,-158010000,-103180000,0,7,2,1,10
1_1607,1648410000,144360000,139160000,352180000,215890000,2500000000,38,19,59,116,1679170000,279360000,99820000,298220000,143430000,2500000000,36,20,58,114,30760000,135000000,-39340000,-53960000,-72460000,0,-2,1,-1,-2
1_1608,499260000,1337270000,306650000,297220000,59600000,2500000000,21,21,60,102,493480000,1374900000,219790000,356460000,55370000,2500000000,23,24,77,124,-5780000,37630000,-86860000,59240000,-4230000,0,2,3,17,22
1_1609,1244010000,885690000,51230000,126310000,192760000,2500000000,39,38,107,184,1221370000,871020000,49250000,134090000,224270000,2500000000,37,32,102,171,-22640000,-14670000,-1980000,7780000,31510000,0,-2,-6,-5,-13
1_1610,652560000,133510000,18730000,22720000,1454880000,2282400000,38,33,94,165,653550000,130190000,22760000,22980000,1452920000,2282400000,38,28,102,168,990000,-3320000,4030000,260000,-1960000,0,0,-5,8,3
1_1611,745220000,1329390000,139230000,169910000,116250000,2500000000,36,33,90,159,749980000,1323080000,122910000,156660000,147370000,2500000000,32,26,86,144,4760000,-6310000,-16320000,-13250000,31120000,0,-4,-7,-4,-15
1_1612,460940000,1427260000,123020000,225130000,263650000,2500000000,41,45,117,203,460640000,1384670000,127620000,249000000,278070000,2500000000,39,39,111,189,-300000,-42590000,4600000,23870000,14420000,0,-2,-6,-6,-14
1_1613,459580000,658700000,119360000,43400000,1218960000,2500000000,35,39,111,185,466270000,632970000,117910000,49130000,1233720000,2500000000,35,33,99,167,6690000,-25730000,-1450000,5730000,14760000,0,0,-6,-12,-18
1_1614,296340000,221410000,29840000,33210000,1669820000,2250620000,26,36,97,159,295230000,209590000,34390000,38370000,1673040000,2250620000,34,34,104,172,-1110000,-11820000,4550000,5160000,3220000,0,8,-2,7,13
1_1615,425240000,1674620000,153810000,62430000,183900000,2500000000,35,38,93,166,446440000,1609410000,146990000,109040000,188120000,2500000000,34,37,103,174,21200000,-65210000,-6820000,46610000,4220000,0,-1,-1,10,8
1_1616,400140000,1825160000,148050000,82820000,43830000,2500000000,26,28,78,132,394760000,1777070000,128390000,110860000,88920000,2500000000,21,23,68,112,-5380000,-48090000,-19660000,28040000,45090000,0,-5,-5,-10,-20
1_1617,195180000,1970670000,166060000,55740000,112350000,2500000000,20,30,78,128,213140000,1939640000,156470000,71360000,119390000,2500000000,27,29,84,140,17960000,-31030000,-9590000,15620000,7040000,0,7,-1,6,12
1_1618,39400000,2220120000,109510000,54300000,76670000,2500000000,9,29,63,101,39730000,2014370000,103040000,299140000,43720000,2500000000,14,32,67,113,330000,-205750000,-6470000,244840000,-32950000,0,5,3,4,12
1_1619,158840000,1516760000,102670000,106860000,52720000,1937850000,27,38,98,163,177350000,1416020000,81780000,222800000,35020000,1932970000,31,32,88,151,18510000,-100740000,-20890000,115940000,-17700000,-4880000,4,-6,-10,-12
1_1620,581050000,1354180000,247970000,263520000,53280000,2500000000,16,20,56,92,560420000,1453190000,162730000,270690000,52970000,2500000000,20,22,60,102,-20630000,99010000,-85240000,7170000,-310000,0,4,2,4,10
1_1621,356240000,1277510000,179490000,236680000,55140000,2105060000,21,22,66,109,340870000,1293820000,137880000,264880000,63560000,2101010000,27,27,79,133,-15370000,16310000,-41610000,28200000,8420000,-4050000,6,5,13,24
1_1622,121290000,939920000,101300000,275640000,78880000,1517030000,29,31,95,155,108510000,958340000,88240000,287240000,51260000,1493590000,32,29,85,146,-12780000,18420000,-13060000,11600000,-27620000,-23440000,3,-2,-10,-9
1_1623,438050000,1212180000,246390000,437710000,128080000,2462410000,21,29,79,129,417450000,1310970000,230650000,390300000,111810000,2461180000,29,28,89,146,-20600000,98790000,-15740000,-47410000,-16270000,-1230000,8,-1,10,17
1_1624,174900000,312850000,80010000,91780000,37780000,697320000,29,32,87,148,159560000,362480000,66900000,61800000,43470000,694210000,29,26,80,135,-15340000,49630000,-13110000,-29980000,5690000,-3110000,0,-6,-7,-13
1_1625,16180000,1028410000,65530000,85190000,1293560000,2488870000,24,40,91,155,31320000,1023590000,64040000,86690000,1283230000,2488870000,30,34,95,159,15140000,-4820000,-1490000,1500000,-10330000,0,6,-6,4,4
1_1626,557580000,1380180000,104310000,214750000,243180000,2500000000,26,37,96,159,568380000,1339700000,98010000,273270000,220640000,2500000000,27,30,98,155,10800000,-40480000,-6300000,58520000,-22540000,0,1,-7,2,-4
1_1627,58340000,256920000,26560000,63970000,2094210000,2500000000,22,39,86,147,58730000,299180000,25670000,61220000,2055200000,2500000000,24,36,87,147,390000,42260000,-890000,-2750000,-39010000,0,2,-3,1,0
1_1628,213990000,443770000,60010000,32150000,179240000,929160000,20,44,86,150,206100000,401590000,45290000,50500000,165340000,868820000,34,36,100,170,-7890000,-42180000,-14720000,18350000,-13900000,-60340000,14,-8,14,20
1_1629,123200000,358420000,22840000,69940000,997790000,1572190000,25,36,86,147,104880000,375250000,17700000,63240000,968030000,1529100000,28,39,95,162,-18320000,16830000,-5140000,-6700000,-29760000,-43090000,3,3,9,15
1_1630,673530000,1314770000,125920000,115380000,270400000,2500000000,40,38,93,171,739740000,1190160000,127640000,173580000,268880000,2500000000,44,33,90,167,66210000,-124610000,1720000,58200000,-1520000,0,4,-5,-3,-4
1_1631,1087940000,1054540000,59840000,120170000,177510000,2500000000,40,32,86,158,1078540000,949170000,60550000,160100000,251640000,2500000000,47,28,85,160,-9400000,-105370000,710000,39930000,74130000,0,7,-4,-1,2
1_1632,758540000,1246680000,186560000,136490000,171730000,2500000000,37,31,85,153,832530000,980940000,232550000,253990000,199990000,2500000000,47,32,91,170,73990000,-265740000,45990000,117500000,28260000,0,10,1,6,17
1_1633,1055000000,789250000,33880000,244990000,162330000,2285450000,42,33,87,162,1123630000,687430000,35200000,208040000,170580000,2224880000,47,38,90,175,68630000,-101820000,1320000,-36950000,8250000,-60570000,5,5,3,13
1_1634,717220000,1501540000,80500000,114210000,86530000,2500000000,34,25,79,138,719440000,1502280000,90490000,82350000,105440000,2500000000,41,27,80,148,2220000,740000,9990000,-31860000,18910000,0,7,2,1,10
1_1635,725520000,1416470000,76780000,130720000,150510000,2500000000,36,30,83,149,725650000,1433330000,73450000,83000000,184570000,2500000000,41,25,74,140,130000,16860000,-3330000,-47720000,34060000,0,5,-5,-9,-9
1_1636,712850000,1379040000,60610000,189510000,157990000,2500000000,40,34,84,158,744620000,1340850000,58660000,174900000,180970000,2500000000,45,26,80,151,31770000,-38190000,-1950000,-14610000,22980000,0,5,-8,-4,-7
1_1637,535150000,1619680000,59900000,168430000,116840000,2500000000,40,31,85,156,584740000,1473800000,61590000,190660000,189210000,2500000000,41,27,80,148,49590000,-145880000,1690000,22230000,72370000,0,1,-4,-5,-8
1_1638,333650000,1730000,580000,87800000,25580000,449340000,38,12,64,114,271700000,120000,340000,71290000,53190000,396640000,39,15,66,120,-61950000,-1610000,-240000,-16510000,27610000,-52700000,1,3,2,6
1_1639,241540000,51400000,19140000,11640000,23880000,347600000,35,14,70,119,235390000,38590000,17790000,23810000,22740000,338320000,38,17,64,119,-6150000,-12810000,-1350000,12170000,-1140000,-9280000,3,3,-6,0
1_1640,0,0,0,0,0,0,34,34,88,156,0,0,0,0,0,0,36,34,92,162,0,0,0,0,0,0,2,0,4,6
1_1641,15380000,56840000,2310000,7730000,10090000,92350000,33,35,94,162,15930000,55070000,3360000,21080000,560000,96000000,34,32,85,151,550000,-1770000,1050000,13350000,-9530000,3650000,1,-3,-9,-11
1_1642,856320000,142160000,7190000,86170000,167890000,1259730000,42,27,84,153,715160000,90110000,7630000,37750000,137980000,988630000,47,38,89,174,-141160000,-52050000,440000,-48420000,-29910000,-271100000,5,11,5,21
1_1643,757790000,383810000,32760000,93180000,121500000,1389040000,42,32,82,156,720190000,310710000,40380000,89480000,158380000,1319140000,47,34,90,171,-37600000,-73100000,7620000,-3700000,36880000,-69900000,5,2,8,15
1_1644,0,0,0,0,0,0,46,34,89,169,0,0,0,0,0,0,46,39,89,174,0,0,0,0,0,0,0,5,0,5
1_1645,764330000,1324650000,40000000,178110000,192910000,2500000000,39,30,86,155,789570000,1111460000,40810000,289020000,269140000,2500000000,45,35,91,171,25240000,-213190000,810000,110910000,76230000,0,6,5,5,16
1_1646,1103070000,898010000,56620000,156040000,286260000,2500000000,41,34,88,163,1162320000,709390000,60500000,240260000,327530000,2500000000,47,37,98,182,59250000,-188620000,3880000,84220000,41270000,0,6,3,10,19
1_1647,712690000,629960000,60330000,256730000,281550000,1941260000,40,36,88,164,702580000,527090000,69230000,249240000,360670000,1908810000,49,39,94,182,-10110000,-102870000,8900000,-7490000,79120000,-32450000,9,3,6,18
1_1648,298810000,750940000,23200000,140860000,130210000,1344020000,41,36,84,161,270090000,634400000,21790000,128950000,176910000,1232140000,47,40,98,185,-28720000,-116540000,-1410000,-11910000,46700000,-111880000,6,4,14,24
1_1649,129310000,1410370000,240050000,283770000,59950000,2123450000,37,24,80,141,139510000,1331990000,160110000,423330000,44240000,2099180000,29,31,81,141,10200000,-78380000,-79940000,139560000,-15710000,-24270000,-8,7,1,0
1_1650,237850000,252880000,8110000,118970000,47840000,665650000,41,37,88,166,229830000,226530000,11410000,98320000,96760000,662850000,48,40,98,186,-8020000,-26350000,3300000,-20650000,48920000,-2800000,7,3,10,20
1_1651,8240000,234820000,26920000,46190000,50390000,366560000,27,31,85,143,11950000,222140000,19080000,49660000,36790000,339620000,25,26,78,129,3710000,-12680000,-7840000,3470000,-13600000,-26940000,-2,-5,-7,-14
1_1652,1027660000,1044470000,23290000,232200000,172380000,2500000000,34,27,74,135,935590000,1014360000,49770000,194670000,305610000,2500000000,41,27,85,153,-92070000,-30110000,26480000,-37530000,133230000,0,7,0,11,18
1_1653,347090000,1985300000,74750000,44600000,48260000,2500000000,33,22,74,129,338580000,1984890000,73650000,28840000,74040000,2500000000,41,25,77,143,-8510000,-410000,-1100000,-15760000,25780000,0,8,3,3,14
1_1654,1281240000,562180000,24560000,316420000,315600000,2500000000,38,29,81,148,1133590000,563940000,36060000,224420000,541990000,2500000000,45,34,82,161,-147650000,1760000,11500000,-92000000,226390000,0,7,5,1,13
1_1655,783190000,1351240000,39500000,211300000,114770000,2500000000,38,30,78,146,776000000,1330400000,41020000,136180000,216400000,2500000000,44,33,83,160,-7190000,-20840000,1520000,-75120000,101630000,0,6,3,5,14
1_1656,856970000,378610000,231610000,105050000,927760000,2500000000,40,33,90,163,742130000,245580000,341820000,140920000,1029550000,2500000000,48,33,91,172,-114840000,-133030000,110210000,35870000,101790000,0,8,0,1,9
1_1657,1148750000,910700000,9840000,81650000,349060000,2500000000,40,31,79,150,963090000,790170000,19180000,126520000,601040000,2500000000,47,33,83,163,-185660000,-120530000,9340000,44870000,251980000,0,7,2,4,13
1_1658,1276280000,752890000,19720000,162430000,288680000,2500000000,43,30,80,153,1092250000,614420000,40010000,243020000,510300000,2500000000,46,30,83,159,-184030000,-138470000,20290000,80590000,221620000,0,3,0,3,6
1_1659,1148940000,488510000,34900000,76510000,751140000,2500000000,47,37,95,179,1183430000,431710000,42780000,103920000,738160000,2500000000,47,40,95,182,34490000,-56800000,7880000,27410000,-12980000,0,0,3,0,3
1_1660,1285070000,683820000,12430000,94960000,423720000,2500000000,45,37,94,176,1144310000,602020000,16850000,105700000,631120000,2500000000,46,37,93,176,-140760000,-81800000,4420000,10740000,207400000,0,1,0,-1,0
1_1661,881010000,772600000,175450000,177610000,493330000,2500000000,49,38,93,180,893500000,478570000,229300000,416150000,482480000,2500000000,47,34,92,173,12490000,-294030000,53850000,238540000,-10850000,0,-2,-4,-1,-7
1_1662,1284470000,737040000,28280000,88060000,362150000,2500000000,42,23,78,143,1322890000,579590000,30230000,223680000,343610000,2500000000,44,31,79,154,38420000,-157450000,1950000,135620000,-18540000,0,2,8,1,11
1_1663,862330000,380120000,447060000,720000,809770000,2500000000,42,39,101,182,908280000,335860000,447570000,1310000,806980000,2500000000,50,38,106,194,45950000,-44260000,510000,590000,-2790000,0,8,-1,5,12
1_1664,1442140000,518640000,73800000,380000,465040000,2500000000,45,37,88,170,1461880000,497040000,77000000,0,464080000,2500000000,47,37,93,177,19740000,-21600000,3200000,-380000,-960000,0,2,0,5,7
1_1665,1392240000,734210000,113790000,0,259760000,2500000000,43,34,87,164,1461930000,697120000,122470000,720000,217760000,2500000000,46,40,92,178,69690000,-37090000,8680000,720000,-42000000,0,3,6,5,14
1_1666,1696610000,184080000,28850000,0,590460000,2500000000,40,30,80,150,1823920000,142940000,24870000,0,508270000,2500000000,49,37,87,173,127310000,-41140000,-3980000,0,-82190000,0,9,7,7,23
1_1667,1510720000,354850000,31030000,0,603400000,2500000000,44,33,82,159,1507040000,335700000,25510000,0,631750000,2500000000,48,34,90,172,-3680000,-19150000,-5520000,0,28350000,0,4,1,8,13
1_1668,1738620000,185200000,10160000,0,566020000,2500000000,41,31,80,152,1889930000,169140000,9870000,0,431060000,2500000000,46,35,85,166,151310000,-16060000,-290000,0,-134960000,0,5,4,5,14
1_1669,1887840000,75710000,13860000,0,522590000,2500000000,40,27,75,142,2034880000,56180000,12700000,0,396240000,2500000000,49,33,86,168,147040000,-19530000,-1160000,0,-126350000,0,9,6,11,26
1_1670,1220560000,391930000,24060000,0,863450000,2500000000,39,32,73,144,1565040000,412400000,22020000,0,500540000,2500000000,45,36,85,166,344480000,20470000,-2040000,0,-362910000,0,6,4,12,22
1_1671,1307470000,160250000,8330000,0,1023950000,2500000000,40,33,83,156,1699900000,175090000,6700000,0,618310000,2500000000,46,33,83,162,392430000,14840000,-1630000,0,-405640000,0,6,0,0,6
1_1672,1101970000,551820000,27710000,491820000,326680000,2500000000,42,31,82,155,981600000,636350000,35230000,280140000,566680000,2500000000,46,32,78,156,-120370000,84530000,7520000,-211680000,240000000,0,4,1,-4,1
1_1673,743930000,694280000,9110000,524980000,527700000,2500000000,45,37,97,179,681660000,841260000,12800000,285430000,678850000,2500000000,48,41,94,183,-62270000,146980000,3690000,-239550000,151150000,0,3,4,-3,4
1_1674,1301540000,732100000,20830000,211730000,233800000,2500000000,44,27,79,150,1145060000,675030000,34230000,187880000,457800000,2500000000,45,34,78,157,-156480000,-57070000,13400000,-23850000,224000000,0,1,7,-1,7
1_1675,1224370000,471020000,5840000,492530000,306240000,2500000000,38,26,75,139,1022710000,450400000,11300000,444090000,571500000,2500000000,45,31,79,155,-201660000,-20620000,5460000,-48440000,265260000,0,7,5,4,16
1_1676,1338000000,585670000,6900000,316720000,252710000,2500000000,42,28,85,155,1265020000,569000000,12090000,280260000,373630000,2500000000,45,31,77,153,-72980000,-16670000,5190000,-36460000,120920000,0,3,3,-8,-2
1_1677,1262780000,677800000,13510000,335700000,210210000,2500000000,46,29,79,154,1156110000,612520000,25500000,306050000,399820000,2500000000,46,36,83,165,-106670000,-65280000,11990000,-29650000,189610000,0,0,7,4,11
1_1678,1045510000,780710000,32010000,169460000,472310000,2500000000,43,34,85,162,1061920000,816590000,34230000,106740000,480520000,2500000000,44,33,79,156,16410000,35880000,2220000,-62720000,8210000,0,1,-1,-6,-6
1_1679,1234080000,801680000,29240000,169040000,265960000,2500000000,43,29,81,153,1125130000,776270000,33370000,124540000,440690000,2500000000,45,33,82,160,-108950000,-25410000,4130000,-44500000,174730000,0,2,4,1,7
1_1680,923520000,923330000,57790000,243350000,352010000,2500000000,44,38,93,175,911680000,1025610000,71660000,124740000,366310000,2500000000,48,38,89,175,-11840000,102280000,13870000,-118610000,14300000,0,4,0,-4,0
1_1681,1081290000,988200000,30830000,273300000,126380000,2500000000,40,29,81,150,1076330000,1088370000,32490000,138640000,164170000,2500000000,44,31,81,156,-4960000,100170000,1660000,-134660000,37790000,0,4,2,0,6
1_1682,1228460000,617130000,27950000,145210000,481250000,2500000000,47,34,94,175,1247620000,569800000,26740000,182480000,473360000,2500000000,47,34,88,169,19160000,-47330000,-1210000,37270000,-7890000,0,0,0,-6,-6
1_1683,1136080000,840820000,43640000,198410000,281050000,2500000000,42,26,77,145,1147540000,877580000,36650000,156500000,281730000,2500000000,43,27,74,144,11460000,36760000,-6990000,-41910000,680000,0,1,1,-3,-1
1_1684,1075970000,732780000,43900000,238620000,408730000,2500000000,44,29,89,162,1036770000,764380000,46680000,184930000,467240000,2500000000,48,37,89,174,-39200000,31600000,2780000,-53690000,58510000,0,4,8,0,12
1_1685,1327570000,734910000,35700000,146920000,254900000,2500000000,42,28,87,157,1308100000,721810000,29670000,134780000,305640000,2500000000,45,33,84,162,-19470000,-13100000,-6030000,-12140000,50740000,0,3,5,-3,5
1_1686,539490000,206220000,66590000,370000,1651120000,2463790000,43,33,94,170,548300000,185780000,66040000,350000,1663320000,2463790000,48,36,102,186,8810000,-20440000,-550000,-20000,12200000,0,5,3,8,16
1_1687,197560000,33470000,5390000,13500000,1889350000,2139270000,39,35,83,157,206080000,29220000,5760000,15870000,1882340000,2139270000,46,37,84,167,8520000,-4250000,370000,2370000,-7010000,0,7,2,1,10
1_1688,142360000,11770000,10120000,0,2004790000,2169040000,34,28,82,144,145650000,7790000,9040000,0,2006560000,2169040000,38,32,88,158,3290000,-3980000,-1080000,0,1770000,0,4,4,6,14
1_1689,1297090000,468500000,130740000,0,603670000,2500000000,47,37,92,176,1391380000,443480000,135420000,0,529720000,2500000000,44,37,86,167,94290000,-25020000,4680000,0,-73950000,0,-3,0,-6,-9
1_1690,1191370000,936650000,63510000,350000,308120000,2500000000,42,30,86,158,1357030000,921630000,61410000,530000,159400000,2500000000,44,37,89,170,165660000,-15020000,-2100000,180000,-148720000,0,2,7,3,12
1_1691,1590870000,267620000,55350000,0,586160000,2500000000,39,33,89,161,1599160000,242250000,54390000,0,604200000,2500000000,47,36,93,176,8290000,-25370000,-960000,0,18040000,0,8,3,4,15
1_1692,1322520000,754690000,101180000,0,321610000,2500000000,42,38,94,174,1356460000,740120000,96920000,0,306500000,2500000000,47,40,101,188,33940000,-14570000,-4260000,0,-15110000,0,5,2,7,14
1_1693,1576860000,201930000,50180000,0,671030000,2500000000,43,33,82,158,1663310000,158360000,47540000,0,630790000,2500000000,48,35,84,167,86450000,-43570000,-2640000,0,-40240000,0,5,2,2,9
1_1694,1371420000,212050000,14600000,350000,901580000,2500000000,39,30,79,148,1355740000,182160000,12860000,0,949240000,2500000000,44,35,83,162,-15680000,-29890000,-1740000,-350000,47660000,0,5,5,4,14
1_1695,1740410000,108970000,10840000,0,639780000,2500000000,38,31,81,150,1753930000,81260000,9850000,0,654960000,2500000000,44,32,84,160,13520000,-27710000,-990000,0,15180000,0,6,1,3,10
1_1696,1733680000,113320000,12730000,0,640270000,2500000000,39,25,80,144,1689760000,76080000,9920000,0,724240000,2500000000,42,26,80,148,-43920000,-37240000,-2810000,0,83970000,0,3,1,0,4
1_1697,1619700000,130280000,14150000,0,735870000,2500000000,43,30,81,154,1698720000,102280000,13440000,0,685560000,2500000000,45,32,83,160,79020000,-28000000,-710000,0,-50310000,0,2,2,2,6
1_1698,1658220000,246080000,107690000,0,488010000,2500000000,44,30,83,157,1731170000,208040000,117330000,0,443460000,2500000000,47,34,87,168,72950000,-38040000,9640000,0,-44550000,0,3,4,4,11
1_1699,1431050000,175460000,4690000,0,888800000,2500000000,41,33,84,158,1472860000,135760000,4120000,0,887260000,2500000000,45,30,82,157,41810000,-39700000,-570000,0,-1540000,0,4,-3,-2,-1
1_1700,1607960000,177360000,12250000,0,702430000,2500000000,45,31,84,160,1626890000,151920000,10050000,0,711140000,2500000000,48,33,84,165,18930000,-25440000,-2200000,0,8710000,0,3,2,0,5
1_1701,1711090000,388920000,15190000,0,384800000,2500000000,39,30,76,145,1802560000,399900000,12490000,370000,284680000,2500000000,45,35,87,167,91470000,10980000,-2700000,370000,-100120000,0,6,5,11,22
1_1702,1657020000,151880000,7360000,0,683740000,2500000000,39,32,78,149,1822590000,125780000,7620000,0,544010000,2500000000,48,35,84,167,165570000,-26100000,260000,0,-139730000,0,9,3,6,18
1_1703,1660200000,308140000,12560000,290000,518810000,2500000000,39,28,75,142,1743440000,345240000,10720000,0,400600000,2500000000,42,37,82,161,83240000,37100000,-1840000,-290000,-118210000,0,3,9,7,19
1_1704,1716990000,192850000,5590000,0,584570000,2500000000,39,29,77,145,1796250000,181150000,4520000,0,518080000,2500000000,39,32,83,154,79260000,-11700000,-1070000,0,-66490000,0,0,3,6,9
1_1705,587730000,923280000,24320000,735380000,229290000,2500000000,35,28,75,138,651380000,903760000,35570000,508090000,401200000,2500000000,42,32,84,158,63650000,-19520000,11250000,-227290000,171910000,0,7,4,9,20
1_1706,777370000,858180000,12770000,457840000,389450000,2495610000,30,26,75,131,833790000,683140000,16450000,411750000,548120000,2493250000,43,29,84,156,56420000,-175040000,3680000,-46090000,158670000,-2360000,13,3,9,25
1_1707,309090000,231600000,3300000,246390000,99680000,890060000,43,33,88,164,349010000,169640000,4560000,177730000,211360000,912300000,48,39,96,183,39920000,-61960000,1260000,-68660000,111680000,22240000,5,6,8,19
1_1708,884480000,473540000,11370000,126600000,172360000,1668350000,38,30,81,149,904000000,390140000,14630000,129120000,275350000,1713240000,46,26,75,147,19520000,-83400000,3260000,2520000,102990000,44890000,8,-4,-6,-2
1_1709,921130000,749460000,10800000,352540000,293450000,2327380000,35,29,73,137,936890000,626610000,16840000,295370000,509720000,2385430000,45,35,81,161,15760000,-122850000,6040000,-57170000,216270000,58050000,10,6,8,24
1_1710,391580000,235150000,7120000,48850000,829540000,1512240000,41,31,80,152,395750000,245880000,6590000,26540000,837480000,1512240000,46,36,85,167,4170000,10730000,-530000,-22310000,7940000,0,5,5,5,15
1_1711,842610000,648590000,33710000,159880000,278920000,1963710000,40,33,89,162,852270000,684800000,37210000,82920000,306510000,1963710000,44,31,83,158,9660000,36210000,3500000,-76960000,27590000,0,4,-2,-6,-4
1_1712,996940000,325600000,54430000,60870000,1062160000,2500000000,44,31,84,159,1010280000,250480000,53550000,121000000,1064690000,2500000000,47,37,91,175,13340000,-75120000,-880000,60130000,2530000,0,3,6,7,16
1_1713,329720000,88440000,7370000,17000000,1163380000,1605910000,41,31,79,151,333560000,71540000,7040000,26180000,1167430000,1605750000,41,34,84,159,3840000,-16900000,-330000,9180000,4050000,-160000,0,3,5,8
1_1714,1776350000,242370000,13230000,0,468050000,2500000000,39,30,82,151,1752710000,199070000,14650000,0,533570000,2500000000,45,33,86,164,-23640000,-43300000,1420000,0,65520000,0,6,3,4,13
1_1715,1545230000,343950000,58650000,0,541800000,2489630000,43,38,99,180,1557400000,311350000,60140000,0,560710000,2489600000,47,41,105,193,12170000,-32600000,1490000,0,18910000,-30000,4,3,6,13
1_1716,998370000,313750000,103790000,0,821770000,2237680000,44,35,91,170,1009820000,286330000,105580000,0,835960000,2237690000,49,38,94,181,11450000,-27420000,1790000,0,14190000,10000,5,3,3,11
1_1717,1709700000,189550000,12610000,0,588140000,2500000000,40,29,81,150,1718860000,166800000,11660000,0,602680000,2500000000,45,35,84,164,9160000,-22750000,-950000,0,14540000,0,5,6,3,14
1_1718,1740790000,128680000,36340000,0,594190000,2500000000,39,26,79,144,1678070000,93630000,37420000,0,690880000,2500000000,45,33,87,165,-62720000,-35050000,1080000,0,96690000,0,6,7,8,21
1_1719,1430800000,153280000,12950000,0,902970000,2500000000,42,31,79,152,1320860000,148090000,12950000,0,1018100000,2500000000,41,32,84,157,-109940000,-5190000,0,0,115130000,0,-1,1,5,5
1_1720,1655820000,60730000,3960000,0,779490000,2500000000,38,30,79,147,1556160000,46090000,3970000,0,893780000,2500000000,39,30,76,145,-99660000,-14640000,10000,0,114290000,0,1,0,-3,-2
1_1721,1362480000,227770000,64720000,0,845030000,2500000000,41,27,78,146,1369210000,196190000,72240000,0,862360000,2500000000,47,34,82,163,6730000,-31580000,7520000,0,17330000,0,6,7,4,17
1_1722,1734550000,141320000,44860000,0,579270000,2500000000,41,29,80,150,1701140000,105370000,44750000,0,648740000,2500000000,46,36,87,169,-33410000,-35950000,-110000,0,69470000,0,5,7,7,19
1_1723,1566770000,201400000,11600000,0,720230000,2500000000,39,26,77,142,1636050000,177150000,10330000,0,676470000,2500000000,46,33,79,158,69280000,-24250000,-1270000,0,-43760000,0,7,7,2,16
1_1724,1668410000,62180000,13500000,0,755910000,2500000000,41,28,80,149,1689820000,41470000,12300000,0,756410000,2500000000,44,23,72,139,21410000,-20710000,-1200000,0,500000,0,3,-5,-8,-10
1_1725,1505070000,208780000,5950000,0,780200000,2500000000,38,29,74,141,1827920000,205730000,6310000,870000,459170000,2500000000,42,32,77,151,322850000,-3050000,360000,870000,-321030000,0,4,3,3,10
1_1726,1483760000,423910000,26870000,0,565460000,2500000000,43,35,86,164,1582050000,397670000,24290000,0,495990000,2500000000,46,36,83,165,98290000,-26240000,-2580000,0,-69470000,0,3,1,-3,1
1_1727,1713150000,91820000,2250000,0,692780000,2500000000,38,25,71,134,2056060000,86210000,2210000,0,355520000,2500000000,44,29,80,153,342910000,-5610000,-40000,0,-337260000,0,6,4,9,19
1_1728,1692440000,130040000,8700000,0,668820000,2500000000,38,29,76,143,1906270000,116480000,12640000,0,464610000,2500000000,44,30,79,153,213830000,-13560000,3940000,0,-204210000,0,6,1,3,10
1_1729,1383760000,134870000,22180000,0,959190000,2500000000,42,30,80,152,1393290000,111710000,23730000,0,971270000,2500000000,47,34,87,168,9530000,-23160000,1550000,0,12080000,0,5,4,7,16
1_1730,1098490000,190390000,14950000,0,446860000,1750690000,47,31,87,165,951240000,159340000,11290000,0,628750000,1750620000,48,34,93,175,-147250000,-31050000,-3660000,0,181890000,-70000,1,3,6,10
1_1731,1541840000,210400000,39600000,500000,707660000,2500000000,41,32,82,155,1625560000,186390000,40770000,0,647280000,2500000000,48,37,90,175,83720000,-24010000,1170000,-500000,-60380000,0,7,5,8,20
1_1732,1189920000,280870000,46700000,0,982510000,2500000000,43,34,86,163,1207080000,259010000,51540000,0,982370000,2500000000,50,36,89,175,17160000,-21860000,4840000,0,-140000,0,7,2,3,12
1_1733,1693160000,47980000,0,0,757790000,2498930000,38,27,73,138,2124260000,43090000,0,0,331580000,2498930000,45,29,76,150,431100000,-4890000,0,0,-426210000,0,7,2,3,12
1_1734,1195550000,130370000,13320000,0,1160760000,2500000000,42,29,77,148,1479670000,117750000,12640000,0,889940000,2500000000,47,32,81,160,284120000,-12620000,-680000,0,-270820000,0,5,3,4,12
1_1735,775500000,128310000,36080000,2860000,1547730000,2490480000,45,40,103,188,861500000,151020000,36900000,3610000,1437450000,2490480000,51,41,105,197,86000000,22710000,820000,750000,-110280000,0,6,1,2,9
1_1736,1473230000,434850000,45330000,0,546590000,2500000000,36,32,81,149,1682100000,473130000,39890000,0,304880000,2500000000,49,39,93,181,208870000,38280000,-5440000,0,-241710000,0,13,7,12,32
1_1737,183140000,16460000,42200000,2050000,2237770000,2481620000,42,32,85,159,280210000,9930000,41830000,2050000,2147600000,2481620000,48,37,94,179,97070000,-6530000,-370000,0,-90170000,0,6,5,9,20
1_1738,1436320000,33410000,2430000,70000,1027770000,2500000000,37,27,74,138,1423930000,28460000,970000,70000,1046570000,2500000000,43,24,69,136,-12390000,-4950000,-1460000,0,18800000,0,6,-3,-5,-2
1_1739,1376110000,220690000,56470000,12470000,834260000,2500000000,39,31,81,151,1637180000,209060000,54400000,12230000,587130000,2500000000,46,35,84,165,261070000,-11630000,-2070000,-240000,-247130000,0,7,4,3,14
1_1740,1126990000,582530000,36880000,16880000,736720000,2500000000,44,43,93,180,1338160000,625210000,41750000,11310000,483570000,2500000000,48,46,100,194,211170000,42680000,4870000,-5570000,-253150000,0,4,3,7,14
1_1741,1638420000,296290000,12810000,0,552480000,2500000000,39,32,82,153,1745170000,318210000,12330000,0,424290000,2500000000,42,35,86,163,106750000,21920000,-480000,0,-128190000,0,3,3,4,10
1_1742,1274320000,138170000,10010000,0,1077500000,2500000000,39,30,83,152,1465510000,149400000,9640000,0,875450000,2500000000,48,34,89,171,191190000,11230000,-370000,0,-202050000,0,9,4,6,19
1_1743,1489340000,144800000,5360000,0,860500000,2500000000,38,31,84,153,1626360000,146720000,5010000,0,721910000,2500000000,44,38,84,166,137020000,1920000,-350000,0,-138590000,0,6,7,0,13
1_1744,1009210000,67430000,8270000,0,1415090000,2500000000,42,33,86,161,1274850000,57610000,6900000,0,1160640000,2500000000,42,36,93,171,265640000,-9820000,-1370000,0,-254450000,0,0,3,7,10
1_1745,850680000,131650000,148250000,3390000,1366030000,2500000000,43,39,95,177,1016530000,93600000,172750000,4010000,1213110000,2500000000,50,43,112,205,165850000,-38050000,24500000,620000,-152920000,0,7,4,17,28
1_1746,1084960000,40710000,360000,0,1373970000,2500000000,38,28,78,144,1339800000,32240000,270000,0,1127690000,2500000000,38,29,73,140,254840000,-8470000,-90000,0,-246280000,0,0,1,-5,-4
1_1747,1260970000,51560000,2640000,330000,1184500000,2500000000,38,28,78,144,1632090000,39420000,2400000,0,826090000,2500000000,46,28,82,156,371120000,-12140000,-240000,-330000,-358410000,0,8,0,4,12
1_1748,1435510000,22500000,45810000,0,996180000,2500000000,37,30,76,143,1627820000,15120000,53860000,0,803200000,2500000000,49,31,87,167,192310000,-7380000,8050000,0,-192980000,0,12,1,11,24
1_1749,1159940000,68740000,3250000,0,1268070000,2500000000,38,25,72,135,1568530000,73170000,2230000,310000,855760000,2500000000,45,28,81,154,408590000,4430000,-1020000,310000,-412310000,0,7,3,9,19
1_1750,1593830000,20790000,2450000,0,882930000,2500000000,35,25,74,134,1926960000,12480000,3280000,0,557280000,2500000000,44,29,77,150,333130000,-8310000,830000,0,-325650000,0,9,4,3,16
1_1751,1174910000,32720000,3600000,0,1288770000,2500000000,39,25,74,138,1505280000,25800000,3030000,0,965890000,2500000000,41,26,69,136,330370000,-6920000,-570000,0,-322880000,0,2,1,-5,-2
1_1752,1640050000,9450000,3240000,410000,846850000,2500000000,30,23,62,115,1657770000,5890000,1480000,0,834860000,2500000000,38,24,69,131,17720000,-3560000,-1760000,-410000,-11990000,0,8,1,7,16
1_1753,1704580000,15280000,790000,0,779350000,2500000000,33,23,70,126,1948690000,11220000,720000,0,539370000,2500000000,41,23,66,130,244110000,-4060000,-70000,0,-239980000,0,8,0,-4,4
1_1754,1428450000,26820000,9690000,0,1035040000,2500000000,35,26,68,129,1543270000,20650000,10250000,0,925830000,2500000000,39,27,71,137,114820000,-6170000,560000,0,-109210000,0,4,1,3,8
1_1755,1382660000,6310000,0,0,1111030000,2500000000,32,25,67,124,1728010000,6020000,0,0,765970000,2500000000,38,22,63,123,345350000,-290000,0,0,-345060000,0,6,-3,-4,-1
1_1756,1495670000,620000,400000,0,1003310000,2500000000,25,21,60,106,1560510000,1850000,0,0,937640000,2500000000,34,21,65,120,64840000,1230000,-400000,0,-65670000,0,9,0,5,14
1_1757,1498570000,12200000,9990000,0,979240000,2500000000,34,26,64,124,1514210000,10610000,14140000,0,961040000,2500000000,40,25,73,138,15640000,-1590000,4150000,0,-18200000,0,6,-1,9,14
1_1758,1616300000,0,0,0,883700000,2500000000,33,24,61,118,1619000000,0,0,0,881000000,2500000000,31,23,59,113,2700000,0,0,0,-2700000,0,-2,-1,-2,-5
1_1759,1297770000,1630000,0,0,1200600000,2500000000,35,25,68,128,1364050000,1300000,0,0,1134650000,2500000000,36,27,67,130,66280000,-330000,0,0,-65950000,0,1,2,-1,2
1_1760,1677400000,620000,0,0,821980000,2500000000,12,19,40,71,1677250000,770000,0,0,821980000,2500000000,20,14,49,83,-150000,150000,0,0,0,0,8,-5,9,12
1_1761,1355580000,0,0,0,1144420000,2500000000,22,29,62,113,1460080000,0,0,20000,1039900000,2500000000,29,21,59,109,104500000,0,0,20000,-104520000,0,7,-8,-3,-4
1_1762,1040960000,0,0,0,1459040000,2500000000,28,28,65,121,1344920000,0,0,0,1155080000,2500000000,33,22,64,119,303960000,0,0,0,-303960000,0,5,-6,-1,-2
1_1763,1728410000,0,1180000,0,770410000,2500000000,33,30,68,131,1867040000,290000,1380000,0,631290000,2500000000,38,23,73,134,138630000,290000,200000,0,-139120000,0,5,-7,5,3
1_1764,418550000,13010000,4280000,0,2064160000,2500000000,21,31,71,123,417940000,13190000,4720000,0,2064150000,2500000000,26,30,75,131,-610000,180000,440000,0,-10000,0,5,-1,4,8
1_1765,1123080000,2340000,0,0,1374580000,2500000000,17,25,57,99,1122940000,2490000,0,0,1374570000,2500000000,18,21,52,91,-140000,150000,0,0,-10000,0,1,-4,-5,-8
1_1766,202080000,0,0,0,2297920000,2500000000,14,19,51,84,194710000,0,0,0,2305290000,2500000000,19,22,54,95,-7370000,0,0,0,7370000,0,5,3,3,11
1_1767,587200000,4880000,0,560000,1907360000,2500000000,31,29,66,126,629530000,4070000,0,0,1866400000,2500000000,32,31,69,132,42330000,-810000,0,-560000,-40960000,0,1,2,3,6
1_1768,1170000,0,600000,0,2498230000,2500000000,10,28,56,94,1170000,0,600000,0,2498230000,2500000000,10,19,39,68,0,0,0,0,0,0,0,-9,-17,-26
1_1769,181240000,8300000,1120000,0,2309340000,2500000000,12,26,56,94,181240000,8300000,1120000,0,2309340000,2500000000,17,19,51,87,0,0,0,0,0,0,5,-7,-5,-7
1_1770,1457070000,30660000,3860000,0,1008410000,2500000000,37,27,71,135,1649640000,27300000,3170000,0,819890000,2500000000,44,30,78,152,192570000,-3360000,-690000,0,-188520000,0,7,3,7,17
1_1771,1539020000,30700000,8670000,0,921610000,2500000000,36,26,71,133,1773910000,22110000,7030000,0,696950000,2500000000,47,29,74,150,234890000,-8590000,-1640000,0,-224660000,0,11,3,3,17
1_1772,1536780000,89970000,11900000,0,861350000,2500000000,39,26,76,141,1773280000,68320000,11230000,0,647170000,2500000000,47,32,82,161,236500000,-21650000,-670000,0,-214180000,0,8,6,6,20
1_1773,1501250000,31940000,350000,0,966460000,2500000000,40,26,75,141,1812220000,18560000,0,0,669220000,2500000000,43,28,84,155,310970000,-13380000,-350000,0,-297240000,0,3,2,9,14
1_1774,1159560000,21050000,0,0,1319390000,2500000000,41,28,80,149,1520250000,14560000,0,0,965190000,2500000000,39,26,78,143,360690000,-6490000,0,0,-354200000,0,-2,-2,-2,-6
1_1775,1255110000,24910000,5420000,0,1214560000,2500000000,34,25,70,129,1463120000,17120000,5070000,0,1014690000,2500000000,43,26,77,146,208010000,-7790000,-350000,0,-199870000,0,9,1,7,17
1_1776,1547830000,21600000,13840000,0,916730000,2500000000,37,24,69,130,1758190000,19920000,11010000,0,710880000,2500000000,39,24,73,136,210360000,-1680000,-2830000,0,-205850000,0,2,0,4,6
1_1777,1323090000,18790000,2050000,0,1156070000,2500000000,38,25,74,137,1851790000,15380000,1710000,0,631120000,2500000000,42,26,72,140,528700000,-3410000,-340000,0,-524950000,0,4,1,-2,3
1_1778,1371980000,27100000,390000,970000,1099470000,2499910000,31,25,66,122,1748710000,19790000,0,0,731410000,2499910000,40,28,78,146,376730000,-7310000,-390000,-970000,-368060000,0,9,3,12,24
1_1779,1523230000,7620000,440000,350000,968360000,2500000000,32,25,68,125,1560760000,9360000,0,0,929880000,2500000000,37,24,73,134,37530000,1740000,-440000,-350000,-38480000,0,5,-1,5,9
1_1780,1656440000,20660000,8480000,670000,813750000,2500000000,37,25,68,130,1692170000,16160000,7310000,0,784360000,2500000000,44,27,81,152,35730000,-4500000,-1170000,-670000,-29390000,0,7,2,13,22
1_1781,1689360000,5310000,1980000,0,803350000,2500000000,32,25,65,122,1720930000,5610000,1140000,0,772320000,2500000000,40,23,71,134,31570000,300000,-840000,0,-31030000,0,8,-2,6,12
1_1782,1737250000,0,2430000,0,760320000,2500000000,31,30,67,128,1768500000,320000,1820000,0,729360000,2500000000,37,31,68,136,31250000,320000,-610000,0,-30960000,0,6,1,1,8
1_1783,1118800000,650000,0,0,1380550000,2500000000,34,27,67,128,1180000000,0,0,0,1320000000,2500000000,31,24,64,119,61200000,-650000,0,0,-60550000,0,-3,-3,-3,-9
1_1784,1619580000,0,0,0,875170000,2494750000,31,22,59,112,1719010000,0,0,0,775720000,2494730000,33,20,56,109,99430000,0,0,0,-99450000,-20000,2,-2,-3,-3
1_1785,1114860000,0,0,0,1385140000,2500000000,32,28,67,127,1258820000,0,0,0,1241180000,2500000000,31,27,72,130,143960000,0,0,0,-143960000,0,-1,-1,5,3
1_1786,1578720000,4920000,10610000,0,905750000,2500000000,35,32,77,144,1852610000,3380000,10250000,0,633760000,2500000000,42,31,80,153,273890000,-1540000,-360000,0,-271990000,0,7,-1,3,9
1_1787,802650000,33190000,2360000,0,1661800000,2500000000,21,31,58,110,737140000,33650000,2400000,0,1726810000,2500000000,28,31,68,127,-65510000,460000,40000,0,65010000,0,7,0,10,17
1_1788,332060000,0,0,0,2167940000,2500000000,28,25,63,116,442000000,0,0,0,2058000000,2500000000,32,26,66,124,109940000,0,0,0,-109940000,0,4,1,3,8
1_1789,410600000,22560000,5050000,0,2061790000,2500000000,16,28,58,102,410590000,23670000,5050000,0,2060690000,2500000000,20,30,68,118,-10000,1110000,0,0,-1100000,0,4,2,10,16
1_1790,991020000,3080000,1160000,0,1504740000,2500000000,26,28,66,120,1111720000,3080000,960000,0,1384240000,2500000000,40,30,74,144,120700000,0,-200000,0,-120500000,0,14,2,8,24
1_1791,304480000,18440000,0,0,2177080000,2500000000,12,24,49,85,304470000,18440000,230000,0,2176860000,2500000000,16,22,48,86,-10000,0,230000,0,-220000,0,4,-2,-1,1
1_1792,86550000,7430000,2100000,0,2403920000,2500000000,15,24,50,89,86450000,7430000,2370000,0,2403750000,2500000000,13,24,60,97,-100000,0,270000,0,-170000,0,-2,0,10,8
1_1793,1205580000,22000000,0,0,1081960000,2309540000,35,26,69,130,1543740000,9130000,280000,0,756450000,2309600000,37,22,67,126,338160000,-12870000,280000,0,-325510000,60000,2,-4,-2,-4
1_1794,1455100000,34380000,6960000,0,997770000,2494210000,38,26,71,135,1746770000,22260000,6630000,0,718560000,2494220000,45,26,82,153,291670000,-12120000,-330000,0,-279210000,10000,7,0,11,18
1_1795,1224550000,11730000,280000,0,680500000,1917060000,39,28,75,142,1430440000,8650000,0,0,477980000,1917070000,41,24,72,137,205890000,-3080000,-280000,0,-202520000,10000,2,-4,-3,-5
1_1796,972000000,8860000,370000,0,681020000,1662250000,33,23,67,123,1033180000,4970000,0,0,624090000,1662240000,39,26,71,136,61180000,-3890000,-370000,0,-56930000,-10000,6,3,4,13
1_1797,1344420000,57820000,15380000,0,753710000,2171330000,44,31,84,159,1483150000,51760000,18150000,0,618210000,2171270000,50,37,91,178,138730000,-6060000,2770000,0,-135500000,-60000,6,6,7,19
1_1798,602290000,1632990000,170660000,79060000,15000000,2500000000,39,27,83,149,720540000,1382320000,249050000,88850000,59240000,2500000000,39,25,79,143,118250000,-250670000,78390000,9790000,44240000,0,0,-2,-4,-6
1_1799,1672600000,44160000,9410000,0,773830000,2500000000,41,31,81,153,1863370000,31950000,7380000,0,597300000,2500000000,51,36,87,174,190770000,-12210000,-2030000,0,-176530000,0,10,5,6,21
1_1800,1772720000,99950000,9130000,0,523570000,2405370000,43,31,78,152,1911620000,92500000,6460000,0,394790000,2405370000,48,39,89,176,138900000,-7450000,-2670000,0,-128780000,0,5,8,11,24
1_1801,1363470000,29410000,11240000,0,649150000,2053270000,42,29,78,149,1585430000,21980000,10070000,0,435780000,2053260000,50,33,83,166,221960000,-7430000,-1170000,0,-213370000,-10000,8,4,5,17
1_1802,6740000,685940000,76440000,77960000,1497460000,2344540000,27,35,87,149,3700000,706980000,98280000,32150000,1503430000,2344540000,21,33,77,131,-3040000,21040000,21840000,-45810000,5970000,0,-6,-2,-10,-18
1_1803,748810000,487220000,36420000,347590000,879960000,2500000000,30,38,86,154,887140000,565650000,62850000,340930000,643430000,2500000000,33,34,93,160,138330000,78430000,26430000,-6660000,-236530000,0,3,-4,7,6
1_1804,0,6450000,280000,0,2238680000,2245410000,6,24,42,72,0,6450000,280000,0,2238680000,2245410000,8,31,49,88,0,0,0,0,0,0,2,7,7,16
4_001,2051950000,7390100000,691390000,455770000,3773020000,14362230000,42,31,86,159,2092410000,7255770000,638110000,505030000,3870910000,14362230000,49,33,81,163,40460000,-134330000,-53280000,49260000,97890000,0,7,2,-5,4
4_002,6205350000,1607970000,652280000,1404160000,861110000,10730870000,43,44,112,199,6123690000,1635320000,489700000,1555350000,887680000,10691740000,22,20,64,106,-81660000,27350000,-162580000,151190000,26570000,-39130000,-21,-24,-48,-93
4_003,991170000,6185410000,316390000,728560000,895030000,9116560000,50,37,95,182,1065880000,6099210000,386230000,746470000,818770000,9116560000,41,31,76,148,74710000,-86200000,69840000,17910000,-76260000,0,-9,-6,-19,-34
4_004,5499890000,620000,810000,0,3764980000,9266300000,46,31,100,177,5755350000,2370000,0,20000,3508560000,9266300000,49,34,98,181,255460000,1750000,-810000,20000,-256420000,0,3,3,-2,4
4_005,4108580000,3504780000,559600000,2309420000,458570000,10940950000,22,33,74,129,4120020000,3430980000,672380000,2275070000,442500000,10940950000,21,33,71,125,11440000,-73800000,112780000,-34350000,-16070000,0,-1,0,-3,-4
4_006,1417710000,3443010000,277130000,253420000,295080000,5686350000,40,41,91,172,1459020000,3379480000,289560000,230290000,328000000,5686350000,36,33,95,164,41310000,-63530000,12430000,-23130000,32920000,0,-4,-8,4,-8
4_007,1191470000,3307380000,154960000,500280000,78990000,5233080000,38,38,100,176,1272610000,3149950000,214700000,545450000,71840000,5254550000,40,40,96,176,81140000,-157430000,59740000,45170000,-7150000,21470000,2,2,-4,0
4_008,9507020000,422100000,113330000,12870000,4145370000,14200690000,43,38,99,180,10412000000,460570000,117190000,12780000,3198150000,14200690000,35,43,92,170,904980000,38470000,3860000,-90000,-947220000,0,-8,5,-7,-10
4_009,4109250000,9971000000,403740000,498280000,4208240000,19190510000,27,19,64,110,4238460000,9999110000,462980000,418320000,4071640000,19190510000,44,31,90,165,129210000,28110000,59240000,-79960000,-136600000,0,17,12,26,55
4_010,2428220000,4036990000,120620000,393610000,6465440000,13444880000,16,31,70,117,3166610000,3125710000,220890000,1557610000,5374060000,13444880000,49,43,104,196,738390000,-911280000,100270000,1164000000,-1091380000,0,33,12,34,79
4_011,3456650000,5944780000,340660000,546410000,168630000,10457130000,43,46,127,216,3552970000,5799340000,432590000,503640000,168590000,10457130000,50,22,85,157,96320000,-145440000,91930000,-42770000,-40000,0,7,-24,-42,-59
4_012,2194780000,4119730000,9600000,601990000,2165390000,9091490000,24,34,69,127,2709350000,3672670000,28790000,1127140000,1553540000,9091490000,39,31,92,162,514570000,-447060000,19190000,525150000,-611850000,0,15,-3,23,35
4_013,889630000,960140000,93940000,1593710000,5594150000,9131570000,39,30,80,149,1132670000,678000000,127670000,1460660000,5732570000,9131570000,47,44,104,195,243040000,-282140000,33730000,-133050000,138420000,0,8,14,24,46
4_014,474140000,6044560000,926430000,2734030000,4091080000,14270240000,38,37,95,170,508430000,5441430000,1114140000,2847870000,4358370000,14270240000,35,29,83,147,34290000,-603130000,187710000,113840000,267290000,0,-3,-8,-12,-23
4_015,3886640000,4592190000,186890000,1388830000,396770000,10451320000,45,31,83,159,3894530000,4525900000,285620000,1349170000,396100000,10451320000,38,36,87,161,7890000,-66290000,98730000,-39660000,-670000,0,-7,5,4,2
4_016,5224560000,1482250000,137450000,25440000,3912500000,10782200000,51,41,105,197,5841950000,1611350000,139730000,18050000,3171120000,10782200000,48,29,91,168,617390000,129100000,2280000,-7390000,-741380000,0,-3,-12,-14,-29
4_017,756820000,2777850000,111350000,227940000,4461080000,8335040000,41,41,99,181,730660000,2753350000,132440000,185610000,4532980000,8335040000,44,42,98,184,-26160000,-24500000,21090000,-42330000,71900000,0,3,1,-1,3
4_018,3844030000,3273000000,66790000,2119640000,1381610000,10685070000,46,31,103,180,3746820000,3189620000,106820000,1537150000,2177200000,10757610000,50,30,97,177,-97210000,-83380000,40030000,-582490000,795590000,72540000,4,-1,-6,-3
4_019,6100410000,1226020000,771840000,6653620000,5337420000,20089310000,43,36,93,172,5956270000,880010000,901500000,6612060000,5739470000,20089310000,48,39,91,178,-144140000,-346010000,129660000,-41560000,402050000,0,5,3,-2,6
4_020,3479950000,5377730000,121140000,1350270000,749970000,11079060000,31,35,80,146,3558690000,5001270000,255300000,1360350000,916340000,11091950000,38,33,90,161,78740000,-376460000,134160000,10080000,166370000,12890000,7,-2,10,15
4_021,6342990000,564570000,86130000,5050000,6834070000,13832810000,47,30,83,160,6153530000,564330000,111080000,5050000,6998820000,13832810000,48,38,91,177,-189460000,-240000,24950000,0,164750000,0,1,8,8,17
4_022,5280740000,3221230000,594860000,2659210000,1141190000,12897230000,48,34,103,185,5604340000,3541280000,550020000,2338230000,863360000,12897230000,37,30,89,156,323600000,320050000,-44840000,-320980000,-277830000,0,-11,-4,-14,-29
4_023,2074830000,2095860000,60610000,390700000,4419620000,9041620000,23,22,72,117,3097580000,1925670000,100270000,377490000,3540610000,9041620000,46,34,93,173,1022750000,-170190000,39660000,-13210000,-879010000,0,23,12,21,56
4_024,4227220000,1693730000,98220000,3021990000,1406400000,10447560000,29,39,90,158,4357030000,1718780000,150090000,3113070000,1108590000,10447560000,34,38,95,167,129810000,25050000,51870000,91080000,-297810000,0,5,-1,5,9
4_025,3454200000,4515850000,210220000,1705820000,207840000,10093930000,41,40,92,173,3538510000,4089950000,392810000,1690890000,394470000,10106630000,42,21,65,128,84310000,-425900000,182590000,-14930000,186630000,12700000,1,-19,-27,-45
4_026,3549320000,204330000,194120000,2573390000,3560790000,10081950000,41,33,80,154,3423630000,263400000,215080000,2026970000,4152870000,10081950000,46,25,76,147,-125690000,59070000,20960000,-546420000,592080000,0,5,-8,-4,-7
4_027,4611640000,3666990000,387660000,811250000,316850000,9794390000,38,39,84,161,4810740000,3462160000,467010000,768850000,308220000,9816980000,39,27,86,152,199100000,-204830000,79350000,-42400000,-8630000,22590000,1,-12,2,-9
4_028,3303330000,4698480000,419180000,757570000,1153290000,10331850000,50,34,107,191,3282540000,4585750000,483050000,697770000,1282740000,10331850000,45,33,101,179,-20790000,-112730000,63870000,-59800000,129450000,0,-5,-1,-6,-12
4_029,2814710000,3395110000,57190000,1243360000,3267860000,10778230000,38,31,83,152,3210710000,3263710000,107290000,1715980000,2480540000,10778230000,36,38,97,171,396000000,-131400000,50100000,472620000,-787320000,0,-2,7,14,19
4_030,567080000,2135150000,96290000,153180000,2654490000,5606190000,35,32,88,155,638820000,2086160000,125890000,129130000,2626190000,5606190000,35,31,77,143,71740000,-48990000,29600000,-24050000,-28300000,0,0,-1,-11,-12
4_031,938170000,8341810000,530200000,459020000,177090000,10446290000,50,32,100,182,940020000,8127340000,793140000,431450000,154340000,10446290000,40,36,83,159,1850000,-214470000,262940000,-27570000,-22750000,0,-10,4,-17,-23
4_032,4749890000,4078940000,518550000,768200000,582640000,10698220000,41,30,73,144,4863110000,3931530000,559220000,777810000,566550000,10698220000,50,45,111,206,113220000,-147410000,40670000,9610000,-16090000,0,9,15,38,62
4_033,3362820000,4840640000,730270000,387110000,5297320000,14618160000,40,42,99,181,2303210000,4855590000,863190000,90750000,6505420000,14618160000,46,38,102,186,-1059610000,14950000,132920000,-296360000,1208100000,0,6,-4,3,5
4_034,731300000,6574500000,143750000,422380000,2455410000,10327340000,42,38,109,189,879530000,6569590000,171820000,288260000,2418140000,10327340000,42,47,103,192,148230000,-4910000,28070000,-134120000,-37270000,0,0,9,-6,3
4_035,5480610000,2564690000,107370000,1575200000,1340210000,11068080000,37,37,97,171,4757540000,2461010000,159420000,1299860000,2390250000,11068080000,52,32,108,192,-723070000,-103680000,52050000,-275340000,1050040000,0,15,-5,11,21
4_036,1336770000,5264500000,352050000,5514110000,114560000,12581990000,38,41,97,176,1407190000,5392690000,432120000,5286560000,63430000,12581990000,34,45,102,181,70420000,128190000,80070000,-227550000,-51130000,0,-4,4,5,5
4_037,417390000,3591580000,450510000,52460000,217500000,4729440000,42,41,101,184,423780000,3472000000,552510000,54840000,226310000,4729440000,46,31,74,151,6390000,-119580000,102000000,2380000,8810000,0,4,-10,-27,-33
4_038,1078530000,2561420000,21910000,373920000,1410090000,5445870000,44,24,78,146,1003210000,2491390000,39420000,400050000,1511800000,5445870000,50,28,93,171,-75320000,-70030000,17510000,26130000,101710000,0,6,4,15,25
4_039,1173320000,380100000,60680000,80960000,6012150000,7707210000,37,31,69,137,1211250000,254720000,67780000,183060000,5990400000,7707210000,48,42,96,186,37930000,-125380000,7100000,102100000,-21750000,0,11,11,27,49
4_040,2522140000,114360000,21890000,300000,9887670000,12546360000,41,39,100,180,2494190000,114570000,31240000,300000,9906060000,12546360000,46,40,95,181,-27950000,210000,9350000,0,18390000,0,5,1,-5,1
4_041,6616300000,1466100000,112190000,0,2891080000,11085670000,48,27,86,161,7450830000,1466510000,109230000,0,2059100000,11085670000,50,46,106,202,834530000,410000,-2960000,0,-831980000,0,2,19,20,41
4_042,1803340000,6811990000,667340000,773720000,929560000,10985950000,40,34,81,155,1832220000,6667550000,705340000,784280000,996560000,10985950000,48,38,108,194,28880000,-144440000,38000000,10560000,67000000,0,8,4,27,39
4_043,3328030000,6534040000,272250000,885660000,2805410000,13825390000,43,42,94,179,3457110000,6458370000,321030000,751460000,2837420000,13825390000,42,30,97,169,129080000,-75670000,48780000,-134200000,32010000,0,-1,-12,3,-10
4_044,6200070000,5851390000,416170000,983680000,4411660000,17862970000,31,21,89,141,6083980000,5229800000,663190000,1120740000,4765260000,17862970000,45,33,105,183,-116090000,-621590000,247020000,137060000,353600000,0,14,12,16,42
4_045,3748310000,2445050000,395090000,2316660000,4926830000,13831940000,39,38,100,177,3567550000,2379180000,475540000,1311030000,6098640000,13831940000,37,38,99,174,-180760000,-65870000,80450000,-1005630000,1171810000,0,-2,0,-1,-3
4_046,241990000,4802700000,364510000,1006830000,3665510000,10081540000,24,38,97,159,313040000,4814840000,434250000,848880000,3670530000,10081540000,33,28,96,157,71050000,12140000,69740000,-157950000,5020000,0,9,-10,-1,-2
4_047,3215830000,7336360000,355390000,755720000,726350000,12389650000,37,31,97,165,3237550000,7104360000,335240000,767540000,944960000,12389650000,49,37,93,179,21720000,-232000000,-20150000,11820000,218610000,0,12,6,-4,14
4_048,2844170000,5767330000,1150620000,501460000,423290000,10686870000,44,30,90,164,2790270000,5455540000,1240830000,561540000,638690000,10686870000,47,39,94,180,-53900000,-311790000,90210000,60080000,215400000,0,3,9,4,16
4_049,2762970000,3612090000,624490000,992080000,337540000,8329170000,51,37,108,196,2749360000,3486810000,779260000,984190000,329550000,8329170000,30,35,76,141,-13610000,-125280000,154770000,-7890000,-7990000,0,-21,-2,-32,-55
4_050,3977000000,1994930000,234160000,290000,4551870000,10758250000,33,36,96,165,4437880000,2015070000,243320000,0,4061980000,10758250000,51,41,99,191,460880000,20140000,9160000,-290000,-489890000,0,18,5,3,26
4_051,3104330000,471740000,15070000,0,6688560000,10279700000,41,19,75,135,3108200000,471830000,17170000,0,6682500000,10279700000,48,30,96,174,3870000,90000,2100000,0,-6060000,0,7,11,21,39
4_052,2321340000,4395880000,682690000,468470000,284960000,8153340000,49,27,90,166,2357700000,4276770000,819890000,467410000,231570000,8153340000,29,34,78,141,36360000,-119110000,137200000,-1060000,-53390000,0,-20,7,-12,-25
4_053,2814200000,7607800000,1108300000,893690000,383260000,12807250000,47,34,101,182,3052560000,6587350000,1648040000,1054680000,464620000,12807250000,32,38,97,167,238360000,-1020450000,539740000,160990000,81360000,0,-15,4,-4,-15
4_054,3493610000,6466250000,178730000,2037320000,640970000,12816880000,34,34,81,149,3460210000,6103550000,405430000,2050300000,797390000,12816880000,47,33,86,166,-33400000,-362700000,226700000,12980000,156420000,0,13,-1,5,17
4_055,2401860000,2289980000,113020000,436110000,560400000,5801370000,33,38,100,171,2411090000,1826890000,127910000,544480000,696010000,5606380000,41,37,90,168,9230000,-463090000,14890000,108370000,135610000,-194990000,8,-1,-10,-3
4_056,3348580000,31220000,16760000,670000,2148830000,5546060000,40,38,82,160,3764310000,25040000,14810000,0,1741900000,5546060000,41,41,108,190,415730000,-6180000,-1950000,-670000,-406930000,0,1,3,26,30
4_057,6048940000,178020000,57210000,0,4839790000,11123960000,29,43,99,171,7412540000,157070000,63410000,310000,3490630000,11123960000,53,45,112,210,1363600000,-20950000,6200000,310000,-1349160000,0,24,2,13,39
4_058,3774600000,3797660000,385870000,89850000,4248710000,12296690000,38,39,95,172,2691200000,3556500000,449980000,67660000,5531350000,12296690000,27,33,90,150,-1083400000,-241160000,64110000,-22190000,1282640000,0,-11,-6,-5,-22
4_059,3702400000,5601280000,773760000,811290000,334410000,11223140000,47,43,107,197,3582790000,5262790000,814390000,1091250000,471920000,11223140000,35,31,91,157,-119610000,-338490000,40630000,279960000,137510000,0,-12,-12,-16,-40
4_060,3453520000,4431050000,222440000,855560000,2005620000,10968190000,39,37,90,166,3536290000,4537800000,239250000,789100000,1865750000,10968190000,29,31,85,145,82770000,106750000,16810000,-66460000,-139870000,0,-10,-6,-5,-21
4_061,3124450000,7337910000,69410000,70920000,440710000,11043400000,26,39,88,153,2075150000,6969480000,78660000,1022140000,897970000,11043400000,44,40,88,172,-1049300000,-368430000,9250000,951220000,457260000,0,18,1,0,19
4_062,1038700000,3036150000,486100000,172350000,432000000,5165300000,45,43,114,202,1045870000,2980070000,544110000,151780000,443470000,5165300000,44,39,93,176,7170000,-56080000,58010000,-20570000,11470000,0,-1,-4,-21,-26
4_063,505900000,5013260000,268190000,223570000,2784750000,8795670000,41,36,98,175,454060000,4796990000,302400000,246170000,2996050000,8795670000,46,36,95,177,-51840000,-216270000,34210000,22600000,211300000,0,5,0,-3,2
4_064,559440000,8393070000,1896320000,2895270000,796210000,14540310000,45,34,97,176,541230000,8005130000,2164350000,2857960000,971640000,14540310000,50,35,89,174,-18210000,-387940000,268030000,-37310000,175430000,0,5,1,-8,-2
4_065,3623130000,3426400000,492290000,830100000,549150000,8921070000,36,40,108,184,3889010000,2642570000,569430000,1317510000,502550000,8921070000,42,50,104,196,265880000,-783830000,77140000,487410000,-46600000,0,6,10,-4,12
4_066,1955880000,707610000,533090000,157520000,4180010000,7534110000,40,23,88,151,1962950000,679860000,634360000,117430000,4139510000,7534110000,49,37,94,180,7070000,-27750000,101270000,-40090000,-40500000,0,9,14,6,29
4_067,577610000,3798350000,77950000,355480000,335880000,5145270000,46,36,111,193,549500000,3741580000,91080000,330640000,432470000,5145270000,46,36,99,181,-28110000,-56770000,13130000,-24840000,96590000,0,0,0,-12,-12
4_068,6134960000,2015240000,474490000,140240000,5527070000,14292000000,33,48,117,198,5734800000,2054270000,517760000,138980000,5846190000,14292000000,33,36,103,172,-400160000,39030000,43270000,-1260000,319120000,0,0,-12,-14,-26
4_069,3155750000,2892330000,166080000,3939330000,299130000,10452620000,39,30,78,147,3151610000,2885890000,221280000,3929420000,264420000,10452620000,44,36,103,183,-4140000,-6440000,55200000,-9910000,-34710000,0,5,6,25,36
4_070,499450000,4348870000,448280000,432170000,5072460000,10801230000,32,32,91,155,511320000,4271180000,525270000,452620000,5040840000,10801230000,29,28,90,147,11870000,-77690000,76990000,20450000,-31620000,0,-3,-4,-1,-8
4_071,2935760000,4401090000,527210000,2072140000,490070000,10426270000,28,26,90,144,3085130000,4469590000,611840000,1943500000,316210000,10426270000,36,41,97,174,149370000,68500000,84630000,-128640000,-173860000,0,8,15,7,30
4_072,2226770000,378140000,12800000,0,6734430000,9352140000,42,42,101,185,2238280000,364880000,13680000,0,6735300000,9352140000,37,32,89,158,11510000,-13260000,880000,0,870000,0,-5,-10,-12,-27
4_073,4257910000,3359930000,74440000,893060000,340130000,8925470000,38,41,96,175,4554270000,3004960000,95710000,828240000,442290000,8925470000,31,31,75,137,296360000,-354970000,21270000,-64820000,102160000,0,-7,-10,-21,-38
4_074,1270260000,6720490000,601330000,1738980000,362050000,10693110000,40,37,109,186,1285110000,6831380000,565860000,1695430000,315330000,10693110000,32,40,106,178,14850000,110890000,-35470000,-43550000,-46720000,0,-8,3,-3,-8
4_075,3802890000,2026400000,111630000,971920000,2287260000,9200100000,38,26,76,140,3945950000,2012940000,146520000,950710000,2143980000,9200100000,35,41,107,183,143060000,-13460000,34890000,-21210000,-143280000,0,-3,15,31,43
4_076,4962310000,370130000,24980000,0,3854030000,9211450000,46,37,99,182,5600460000,368250000,23910000,0,3218830000,9211450000,35,33,101,169,638150000,-1880000,-1070000,0,-635200000,0,-11,-4,2,-13
4_077,3761070000,3701780000,556220000,401040000,303420000,8723530000,49,38,112,199,3867120000,3597810000,618570000,430040000,209990000,8723530000,41,31,74,146,106050000,-103970000,62350000,29000000,-93430000,0,-8,-7,-38,-53
4_078,2814640000,29620000,22030000,1230000,2252620000,5120140000,37,40,94,171,3003170000,30220000,28910000,1180000,2056660000,5120140000,29,33,87,149,188530000,600000,6880000,-50000,-195960000,0,-8,-7,-7,-22
4_079,4391990000,4554020000,702520000,601180000,87660000,10337370000,43,33,88,164,4363430000,4480800000,818920000,558210000,116010000,10337370000,41,46,108,195,-28560000,-73220000,116400000,-42970000,28350000,0,-2,13,20,31
4_080,823180000,3257130000,229480000,628050000,4398240000,9336080000,14,31,70,115,1083250000,3161550000,324340000,622660000,4144280000,9336080000,50,35,102,187,260070000,-95580000,94860000,-5390000,-253960000,0,36,4,32,72
4_081,482900000,2440380000,424190000,1454200000,4168810000,8970480000,31,25,67,123,484520000,2419740000,509280000,1388180000,4168760000,8970480000,49,37,92,178,1620000,-20640000,85090000,-66020000,-50000,0,18,12,25,55
4_082,4176130000,7883370000,759830000,847610000,430950000,14097890000,41,43,95,179,4374150000,7295140000,1076290000,851030000,501280000,14097890000,49,34,97,180,198020000,-588230000,316460000,3420000,70330000,0,8,-9,2,1
4_083,3872220000,3333490000,1028860000,2365320000,1957100000,12556990000,39,36,82,157,3750780000,3499710000,1063450000,2085890000,2157160000,12556990000,18,18,60,96,-121440000,166220000,34590000,-279430000,200060000,0,-21,-18,-22,-61
4_084,2088500000,3770640000,269030000,680950000,2999290000,9808410000,40,41,96,177,2089110000,3244340000,273770000,864540000,2963010000,9434770000,50,43,100,193,610000,-526300000,4740000,183590000,-36280000,-373640000,10,2,4,16
4_085,1321610000,3087190000,79480000,10670000,6249390000,10748340000,27,36,83,146,1405170000,2813050000,150050000,801920000,5578150000,10748340000,20,23,63,106,83560000,-274140000,70570000,791250000,-671240000,0,-7,-13,-20,-40
4_086,1651840000,4218870000,549870000,984330000,175190000,7580100000,36,31,94,161,1770150000,3807580000,667550000,1198990000,135830000,7580100000,51,36,103,190,118310000,-411290000,117680000,214660000,-39360000,0,15,5,9,29
4_087,4027290000,7425710000,938320000,1186040000,6109500000,19686860000,37,42,85,164,4122470000,7334410000,1025590000,857170000,6347220000,19686860000,42,32,101,175,95180000,-91300000,87270000,-328870000,237720000,0,5,-10,16,11
4_088,4350020000,3062130000,512670000,2118810000,245070000,10288700000,45,37,98,180,4362700000,2925050000,597140000,2169930000,233880000,10288700000,32,39,106,177,12680000,-137080000,84470000,51120000,-11190000,0,-13,2,8,-3
4_089,5324280000,5060000,22120000,13950000,3726000000,9091410000,34,37,91,162,5624610000,5640000,23020000,13610000,3424530000,9091410000,51,37,88,176,300330000,580000,900000,-340000,-301470000,0,17,0,-3,14
4_090,2790820000,1531810000,231320000,456190000,495850000,5505990000,19,27,71,117,2803360000,1554850000,225840000,456930000,465010000,5505990000,8,31,49,88,12540000,23040000,-5480000,740000,-30840000,0,-11,4,-22,-29
4_091,3296030000,2962510000,466550000,1163470000,1192490000,9081050000,35,38,95,168,3211170000,3024520000,494130000,1106490000,1244740000,9081050000,27,33,88,148,-84860000,62010000,27580000,-56980000,52250000,0,-8,-5,-7,-20
4_092,4633180000,4267950000,181240000,950130000,887950000,10920450000,27,34,84,145,4476000000,3787960000,191250000,852080000,943270000,10250560000,36,23,89,148,-157180000,-479990000,10010000,-98050000,55320000,-669890000,9,-11,5,3
4_093,2529650000,4614820000,957340000,1652810000,315460000,10070080000,29,30,85,144,2577300000,3966310000,1121060000,2115270000,290140000,10070080000,33,37,88,158,47650000,-648510000,163720000,462460000,-25320000,0,4,7,3,14
4_094,4992120000,43880000,11540000,3520000,3543120000,8594180000,33,32,80,145,5503310000,42720000,12220000,3510000,3032420000,8594180000,50,36,88,174,511190000,-1160000,680000,-10000,-510700000,0,17,4,8,29
4_095,10227810000,907860000,132000000,510000,5413980000,16682160000,40,26,75,141,11343530000,804190000,129850000,0,4404570000,16682140000,46,28,89,163,1115720000,-103670000,-2150000,-510000,-1009410000,-20000,6,2,14,22
4_096,6630120000,21120000,2420000,350000,4466910000,11120920000,40,37,97,174,6870730000,19520000,1140000,0,4229510000,11120900000,33,32,91,156,240610000,-1600000,-1280000,-350000,-237400000,-20000,-7,-5,-6,-18
4_097,5603620000,6635030000,540060000,1219110000,436520000,14434340000,34,36,96,166,5865570000,5972320000,813830000,1295330000,487290000,14434340000,27,37,81,145,261950000,-662710000,273770000,76220000,50770000,0,-7,1,-15,-21
4_098,725750000,33250000,4390000,1129880000,5971040000,7864310000,46,29,100,175,835980000,3430000,19800000,885050000,6120050000,7864310000,42,34,83,159,110230000,-29820000,15410000,-244830000,149010000,0,-4,5,-17,-16
4_099,5010340000,20010000,4800000,0,7879450000,12914600000,47,36,98,181,5009150000,20730000,5090000,0,7879630000,12914600000,34,45,112,191,-1190000,720000,290000,0,180000,0,-13,9,14,10
4_100,5987840000,558110000,65210000,0,2595610000,9206770000,42,24,77,143,5792800000,474100000,64580000,0,2875290000,9206770000,52,33,108,193,-195040000,-84010000,-630000,0,279680000,0,10,9,31,50
4_101,4404470000,3522930000,268110000,1796700000,349760000,10341970000,30,28,92,150,4307460000,3153160000,297070000,2158310000,425970000,10341970000,32,37,100,169,-97010000,-369770000,28960000,361610000,76210000,0,2,9,8,19
4_102,1593800000,2699010000,201110000,302500000,378910000,5175330000,39,31,75,145,1554130000,2549860000,231260000,275970000,564110000,5175330000,35,28,73,136,-39670000,-149150000,30150000,-26530000,185200000,0,-4,-3,-2,-9
4_103,4399030000,300000,2560000,108490000,5911020000,10421400000,48,41,95,184,4521690000,300000,2490000,106580000,5790340000,10421400000,37,12,60,109,122660000,0,-70000,-1910000,-120680000,0,-11,-29,-35,-75
4_104,2697090000,1034020000,214400000,360000,4316580000,8262450000,44,43,98,185,2678140000,1034210000,199820000,3350000,4346930000,8262450000,48,29,89,166,-18950000,190000,-14580000,2990000,30350000,0,4,-14,-9,-19
4_105,2700320000,1208800000,118530000,420000,6019740000,10047810000,46,35,88,169,2880200000,1203680000,127660000,420000,5835850000,10047810000,52,30,102,184,179880000,-5120000,9130000,0,-183890000,0,6,-5,14,15
4_106,4980570000,3187770000,290340000,676380000,1948380000,11083440000,42,33,91,166,5073290000,2719060000,339630000,1043300000,1908160000,11083440000,38,42,92,172,92720000,-468710000,49290000,366920000,-40220000,0,-4,9,1,6
4_107,3064350000,6124520000,633490000,551790000,609560000,10983710000,43,22,86,151,3093450000,6081640000,552690000,584260000,671670000,10983710000,49,41,102,192,29100000,-42880000,-80800000,32470000,62110000,0,6,19,16,41
4_108,6369980000,3751640000,167990000,2351620000,3018150000,15659380000,48,20,86,154,7123060000,3440300000,258270000,2025150000,2812600000,15659380000,45,41,93,179,753080000,-311340000,90280000,-326470000,-205550000,0,-3,21,7,25
4_109,2793610000,5566570000,393050000,248060000,1085590000,10086880000,35,27,69,131,2745140000,5574930000,456020000,207900000,1102890000,10086880000,19,31,72,122,-48470000,8360000,62970000,-40160000,17300000,0,-16,4,3,-9
4_110,3978830000,1295260000,178810000,450000,6072550000,11525900000,45,32,96,173,4984900000,1384690000,177050000,1740000,4977520000,11525900000,48,39,100,187,1006070000,89430000,-1760000,1290000,-1095030000,0,3,7,4,14
4_111,2650510000,677310000,317680000,2031250000,2477060000,8153810000,39,34,101,174,2721610000,663100000,358330000,1883840000,2526930000,8153810000,47,40,92,179,71100000,-14210000,40650000,-147410000,49870000,0,8,6,-9,5
4_112,469920000,7320030000,611200000,1881100000,4046710000,14328960000,40,37,92,169,480410000,7159820000,779680000,1853380000,4055670000,14328960000,28,31,87,146,10490000,-160210000,168480000,-27720000,8960000,0,-12,-6,-5,-23
4_113,2179470000,7243480000,176610000,807030000,306080000,10712670000,41,41,97,179,2218180000,6969500000,326880000,802940000,395170000,10712670000,36,29,90,155,38710000,-273980000,150270000,-4090000,89090000,0,-5,-12,-7,-24
4_114,989800000,5453900000,99870000,61500000,1627420000,8232490000,41,29,92,162,1234990000,5038150000,174900000,167310000,1617140000,8232490000,31,32,88,151,245190000,-415750000,75030000,105810000,-10280000,0,-10,3,-4,-11
4_115,3014500000,3823190000,781320000,816100000,491000000,8926110000,38,24,81,143,3218440000,2937670000,852360000,1518610000,399030000,8926110000,40,35,88,163,203940000,-885520000,71040000,702510000,-91970000,0,2,11,7,20
4_116,4591150000,317590000,169570000,3880000,6036750000,11118940000,37,44,101,182,5781040000,249430000,191320000,4170000,4892980000,11118940000,33,26,85,144,1189890000,-68160000,21750000,290000,-1143770000,0,-4,-18,-16,-38
4_117,7804410000,4857730000,161320000,937990000,2870750000,16632200000,46,28,99,173,7266050000,4530350000,203710000,885190000,3746900000,16632200000,43,32,86,161,-538360000,-327380000,42390000,-52800000,876150000,0,-3,4,-13,-12
4_118,482540000,3749030000,1573270000,4843260000,185230000,10833330000,40,35,93,168,471240000,3700950000,1712920000,4676140000,272080000,10833330000,35,31,91,157,-11300000,-48080000,139650000,-167120000,86850000,0,-5,-4,-2,-11
4_119,2696980000,435890000,20970000,957180000,5383520000,9494540000,38,22,69,129,2214650000,646190000,42220000,846670000,5744810000,9494540000,39,36,104,179,-482330000,210300000,21250000,-110510000,361290000,0,1,14,35,50
4_120,3470280000,5090990000,201980000,1027340000,2893920000,12684510000,30,33,90,153,3561590000,4665590000,401780000,1013590000,3041960000,12684510000,33,40,105,178,91310000,-425400000,199800000,-13750000,148040000,0,3,7,15,25
4_121,2469290000,5437390000,460760000,416580000,132080000,8916100000,40,25,84,149,2451370000,5270320000,494320000,543650000,156440000,8916100000,30,31,76,137,-17920000,-167070000,33560000,127070000,24360000,0,-10,6,-8,-12
4_122,10043480000,585890000,86260000,11770000,3391040000,14118440000,47,40,105,192,10326670000,605160000,88990000,12430000,3085190000,14118440000,44,31,88,163,283190000,19270000,2730000,660000,-305850000,0,-3,-9,-17,-29
4_123,3035920000,2376340000,389390000,1837350000,2446670000,10085670000,20,33,65,118,3061580000,2329220000,451800000,1097850000,3145220000,10085670000,32,31,88,151,25660000,-47120000,62410000,-739500000,698550000,0,12,-2,23,33
4_124,866490000,1435150000,309020000,73660000,2122530000,4806850000,39,29,88,156,845430000,1430390000,334890000,51100000,2145040000,4806850000,40,20,86,146,-21060000,-4760000,25870000,-22560000,22510000,0,1,-9,-2,-10
4_125,2015840000,6933240000,399200000,1149850000,209510000,10707640000,46,39,99,184,2202160000,6389710000,640110000,1166000000,309660000,10707640000,18,22,56,96,186320000,-543530000,240910000,16150000,100150000,0,-28,-17,-43,-88
4_126,4141610000,4815300000,824440000,1230000000,2815740000,13827090000,39,31,84,154,4069820000,4855400000,942140000,884270000,3075460000,13827090000,35,47,114,196,-71790000,40100000,117700000,-345730000,259720000,0,-4,16,30,42
4_127,7017830000,8061390000,763210000,1791570000,257140000,17891140000,42,39,87,168,7265720000,6231830000,936190000,3232240000,225160000,17891140000,48,37,101,186,247890000,-1829560000,172980000,1440670000,-31980000,0,6,-2,14,18
4_128,5446320000,105130000,240030000,2370620000,2169800000,10331900000,16,34,82,132,5220570000,102160000,362540000,2491610000,2155020000,10331900000,45,40,99,184,-225750000,-2970000,122510000,120990000,-14780000,0,29,6,17,52
4_129,389300000,6124560000,372340000,445840000,4308030000,11640070000,37,34,84,155,442720000,5475870000,511430000,871360000,4338690000,11640070000,46,36,84,166,53420000,-648690000,139090000,425520000,30660000,0,9,2,0,11
4_130,6767580000,1757580000,232770000,0,2325770000,11083700000,36,32,91,159,6807130000,1632540000,233570000,0,2410430000,11083670000,52,40,117,209,39550000,-125040000,800000,0,84660000,-30000,16,8,26,50
4_131,1834610000,16641380000,1455350000,696230000,826880000,21454450000,37,29,89,155,1803100000,16161020000,1512950000,1072850000,904530000,21454450000,37,31,104,172,-31510000,-480360000,57600000,376620000,77650000,0,0,2,15,17
4_132,6519940000,310970000,42190000,4990000,2213540000,9091630000,46,43,109,198,6754110000,322170000,44660000,5210000,1965480000,9091630000,47,31,94,172,234170000,11200000,2470000,220000,-248060000,0,1,-12,-15,-26
4_133,7040020000,1443540000,211330000,33240000,5390390000,14118520000,48,34,92,174,7218190000,1467520000,226190000,33240000,5173380000,14118520000,46,39,98,183,178170000,23980000,14860000,0,-217010000,0,-2,5,6,9
4_134,1299710000,5773510000,317020000,405680000,2865840000,10661760000,29,34,79,142,1405640000,5594280000,447800000,334550000,2879490000,10661760000,48,24,78,150,105930000,-179230000,130780000,-71130000,13650000,0,19,-10,-1,8
4_135,4143670000,1725590000,79620000,1505420000,5482170000,12936470000,42,40,100,182,4163420000,1525370000,104300000,1477270000,5666110000,12936470000,26,17,71,114,19750000,-200220000,24680000,-28150000,183940000,0,-16,-23,-29,-68
4_136,807170000,4999370000,853160000,3097430000,3080110000,12837240000,49,36,100,185,843360000,4252360000,1019700000,3631010000,3090810000,12837240000,54,40,112,206,36190000,-747010000,166540000,533580000,10700000,0,5,4,12,21
4_137,7042680000,730640000,145950000,510000,3179160000,11098940000,16,26,66,108,7127460000,608180000,148140000,0,3215160000,11098940000,54,32,108,194,84780000,-122460000,2190000,-510000,36000000,0,38,6,42,86
4_138,3069990000,11348610000,543650000,1202490000,480620000,16645360000,29,36,79,144,3118850000,10855400000,767720000,1287240000,616150000,16645360000,35,34,89,158,48860000,-493210000,224070000,84750000,135530000,0,6,-2,10,14
4_139,6147090000,2312620000,571110000,947790000,358730000,10337340000,37,48,110,195,6100120000,2324570000,613480000,966990000,332180000,10337340000,47,30,84,161,-46970000,11950000,42370000,19200000,-26550000,0,10,-18,-26,-34
4_140,4802090000,89510000,16690000,0,4348140000,9256430000,32,42,86,160,5919610000,56310000,15310000,0,3265200000,9256430000,33,32,89,154,1117520000,-33200000,-1380000,0,-1082940000,0,1,-10,3,-6
4_141,6080680000,4104790000,712490000,2538580000,294180000,13730720000,30,38,98,166,6068960000,4020320000,856440000,2507470000,277530000,13730720000,40,29,96,165,-11720000,-84470000,143950000,-31110000,-16650000,0,10,-9,-2,-1
4_142,4939640000,558840000,113990000,13530000,6158740000,11784740000,42,34,97,173,4960350000,580230000,124270000,7120000,6112770000,11784740000,36,34,97,167,20710000,21390000,10280000,-6410000,-45970000,0,-6,0,0,-6
4_143,682160000,5926250000,2126740000,929290000,3057560000,12722000000,24,35,81,140,700560000,5734390000,2264840000,953250000,3068960000,12722000000,33,35,104,172,18400000,-191860000,138100000,23960000,11400000,0,9,0,23,32
4_144,760140000,325860000,193020000,7491480000,5711640000,14482140000,35,28,84,147,836630000,827860000,254960000,5610070000,6952620000,14482140000,46,41,97,184,76490000,502000000,61940000,-1881410000,1240980000,0,11,13,13,37
4_145,1157650000,5651630000,1570900000,1828540000,220870000,10429590000,45,35,94,174,1268100000,5087150000,1817830000,2018600000,237910000,10429590000,33,33,98,164,110450000,-564480000,246930000,190060000,17040000,0,-12,-2,4,-10
4_146,7037370000,8037270000,779840000,341040000,3739880000,19935400000,43,36,96,175,6913230000,7979100000,875400000,294710000,3872960000,19935400000,46,32,95,173,-124140000,-58170000,95560000,-46330000,133080000,0,3,-4,-1,-2
4_147,299890000,1253920000,348160000,3071580000,3822440000,8795990000,40,36,85,161,367740000,1307050000,415110000,2920760000,3785330000,8795990000,42,40,99,181,67850000,53130000,66950000,-150820000,-37110000,0,2,4,14,20
4_148,3300130000,4596440000,168780000,868640000,5631510000,14565500000,41,34,89,164,4264830000,3982060000,282790000,91390000,5944430000,14565500000,51,40,97,188,964700000,-614380000,114010000,-777250000,312920000,0,10,6,8,24
4_149,5308640000,3408830000,439360000,651290000,534380000,10342500000,40,45,98,183,5572960000,2905120000,564950000,760240000,539230000,10342500000,42,46,94,182,264320000,-503710000,125590000,108950000,4850000,0,2,1,-4,-1
4_150,4343910000,234800000,319080000,2710030000,2615230000,10223050000,36,27,81,144,4301770000,148240000,402720000,2801250000,2569070000,10223050000,44,28,96,168,-42140000,-86560000,83640000,91220000,-46160000,0,8,1,15,24
4_151,450690000,5868990000,97370000,1804560000,1279840000,9501450000,32,40,99,171,437980000,5963670000,149990000,1740400000,1209410000,9501450000,30,43,97,170,-12710000,94680000,52620000,-64160000,-70430000,0,-2,3,-2,-1
4_152,6556590000,51490000,22850000,410000,4502650000,11133990000,40,33,95,168,6794030000,41120000,25420000,0,4273420000,11133990000,43,27,73,143,237440000,-10370000,2570000,-410000,-229230000,0,3,-6,-22,-25
4_153,3255150000,2507200000,311090000,4025330000,353980000,10452750000,46,39,94,179,3316470000,2501020000,379660000,3980390000,275210000,10452750000,41,29,77,147,61320000,-6180000,68570000,-44940000,-78770000,0,-5,-10,-17,-32
4_154,1899370000,145260000,17260000,27620000,6831900000,8921410000,42,37,92,171,1899420000,145260000,17320000,27820000,6831590000,8921410000,29,34,91,154,50000,0,60000,200000,-310000,0,-13,-3,-1,-17
4_155,2158110000,7474980000,538000000,3968390000,113100000,14252580000,43,44,110,197,2176780000,7431770000,677200000,3831950000,134880000,14252580000,45,31,100,176,18670000,-43210000,139200000,-136440000,21780000,0,2,-13,-10,-21
4_156,3446110000,5064110000,307750000,2534020000,747610000,12099600000,35,28,93,156,3486720000,4987610000,401130000,2529110000,695030000,12099600000,37,41,94,172,40610000,-76500000,93380000,-4910000,-52580000,0,2,13,1,16
4_157,2690490000,6381880000,258230000,601180000,427180000,10358960000,38,35,84,157,2708320000,6317090000,268100000,446170000,619280000,10358960000,47,31,83,161,17830000,-64790000,9870000,-155010000,192100000,0,9,-4,-1,4
4_158,2359380000,290680000,29140000,27060000,5803380000,8509640000,25,31,80,136,2355140000,291110000,30960000,27210000,5805220000,8509640000,39,44,93,176,-4240000,430000,1820000,150000,1840000,0,14,13,13,40
4_159,4551890000,9059450000,705050000,1278080000,472330000,16066800000,45,39,100,184,4844100000,8060750000,1111220000,1309510000,741220000,16066800000,44,35,94,173,292210000,-998700000,406170000,31430000,268890000,0,-1,-4,-6,-11
4_160,1344120000,166130000,31720000,250000,8247500000,9789720000,43,34,91,168,1342990000,166310000,34410000,250000,8245760000,9789720000,48,35,100,183,-1130000,180000,2690000,0,-1740000,0,5,1,9,15
4_161,6556580000,3381670000,601500000,1834500000,442650000,12816900000,44,29,89,162,6694770000,3508010000,383520000,1879600000,351000000,12816900000,49,28,87,164,138190000,126340000,-217980000,45100000,-91650000,0,5,-1,-2,2
4_162,2076230000,8281090000,217850000,28750000,5044010000,15647930000,48,43,105,196,2476560000,7553050000,277020000,193490000,5147810000,15647930000,30,31,78,139,400330000,-728040000,59170000,164740000,103800000,0,-18,-12,-27,-57
4_163,1423090000,2228290000,16620000,292810000,1520130000,5480940000,30,34,96,160,900130000,2449580000,27150000,288510000,1815570000,5480940000,47,33,95,175,-522960000,221290000,10530000,-4300000,295440000,0,17,-1,-1,15
4_164,1227920000,5306830000,502890000,85810000,6113440000,13236890000,52,44,112,208,1710470000,4393540000,747950000,1556450000,4828480000,13236890000,36,27,93,156,482550000,-913290000,245060000,1470640000,-1284960000,0,-16,-17,-19,-52
4_165,7865020000,244150000,44340000,3680000,2982160000,11139350000,43,25,85,153,8423840000,247660000,47620000,4160000,2416070000,11139350000,49,37,95,181,558820000,3510000,3280000,480000,-566090000,0,6,12,10,28
4_166,6384180000,30840000,23380000,12260000,4660040000,11110700000,29,38,97,164,7004140000,26290000,31070000,11840000,4037360000,11110700000,26,26,79,131,619960000,-4550000,7690000,-420000,-622680000,0,-3,-12,-18,-33
4_167,10853340000,1929700000,279170000,399170000,10446960000,23908340000,43,31,85,159,11153410000,1974380000,310050000,393930000,10076570000,23908340000,42,45,93,180,300070000,44680000,30880000,-5240000,-370390000,0,-1,14,8,21
4_168,2348500000,5055580000,367530000,796960000,598170000,9166740000,30,42,88,160,2307140000,5146170000,374120000,712140000,627170000,9166740000,32,28,83,143,-41360000,90590000,6590000,-84820000,29000000,0,2,-14,-5,-17
4_169,6315420000,2995990000,390980000,520000,1627680000,11330590000,40,34,97,171,6372570000,2957170000,391680000,0,1609170000,11330590000,34,24,83,141,57150000,-38820000,700000,-520000,-18510000,0,-6,-10,-14,-30
4_170,2504980000,5883020000,626650000,1133620000,539820000,10688090000,38,39,92,169,2440370000,5572130000,668710000,1240950000,765930000,10688090000,33,35,82,150,-64610000,-310890000,42060000,107330000,226110000,0,-5,-4,-10,-19
4_171,508260000,1772560000,66760000,108080000,3230690000,5686350000,39,33,96,168,604680000,1702520000,117300000,106120000,3155730000,5686350000,49,35,98,182,96420000,-70040000,50540000,-1960000,-74960000,0,10,2,2,14
4_172,665270000,29870000,6000000,0,7862210000,8563350000,43,37,89,169,664660000,30050000,6440000,0,7862200000,8563350000,40,30,77,147,-610000,180000,440000,0,-10000,0,-3,-7,-12,-22
4_173,2961780000,3826530000,1150430000,2336940000,186450000,10462130000,34,37,101,172,2976770000,3831520000,1198710000,2278050000,177080000,10462130000,39,33,99,171,14990000,4990000,48280000,-58890000,-9370000,0,5,-4,-2,-1
4_174,2068700000,5483770000,1015200000,197440000,206260000,8971370000,36,37,92,165,2067970000,5383800000,1110260000,190190000,219150000,8971370000,48,37,99,184,-730000,-99970000,95060000,-7250000,12890000,0,12,0,7,19
4_175,579930000,1209690000,83770000,3584150000,11236360000,16693900000,34,41,97,172,725790000,1098640000,125670000,3521890000,11221910000,16693900000,42,27,90,159,145860000,-111050000,41900000,-62260000,-14450000,0,8,-14,-7,-13
4_176,1704700000,2511800000,314020000,5517590000,2653260000,12701370000,43,24,74,141,1599700000,2441020000,456570000,4674810000,3529270000,12701370000,54,43,103,200,-105000000,-70780000,142550000,-842780000,876010000,0,11,19,29,59
4_177,190300000,1985790000,218140000,2721060000,5828950000,10944240000,45,38,95,178,199370000,2040840000,263490000,2617670000,5822870000,10944240000,51,32,89,172,9070000,55050000,45350000,-103390000,-6080000,0,6,-6,-6,-6
4_178,4616350000,3307130000,302250000,1118260000,1097380000,10441370000,45,47,117,209,4723780000,3244180000,420570000,1072240000,980600000,10441370000,31,38,89,158,107430000,-62950000,118320000,-46020000,-116780000,0,-14,-9,-28,-51
4_179,3546230000,2608290000,94310000,196640000,2741000000,9186470000,44,45,111,200,1963900000,2555430000,117900000,95570000,4453670000,9186470000,46,30,95,171,-1582330000,-52860000,23590000,-101070000,1712670000,0,2,-15,-16,-29
4_180,2291860000,47540000,134330000,1522220000,1164290000,5160240000,40,42,86,168,2231010000,26160000,201770000,1589920000,1111380000,5160240000,33,32,96,161,-60850000,-21380000,67440000,67700000,-52910000,0,-7,-10,10,-7
4_181,2843520000,7037340000,340870000,540920000,1907860000,12670510000,49,30,97,176,2929340000,6554110000,585540000,577500000,2024020000,12670510000,26,20,69,115,85820000,-483230000,244670000,36580000,116160000,0,-23,-10,-28,-61
4_182,653500000,144030000,16640000,731340000,7381540000,8927050000,49,41,108,198,616630000,136970000,30710000,574620000,7568120000,8927050000,35,27,68,130,-36870000,-7060000,14070000,-156720000,186580000,0,-14,-14,-40,-68
4_183,2662680000,9130490000,54510000,365100000,3888270000,16101050000,44,37,95,176,2928500000,8642600000,99870000,1595500000,2834580000,16101050000,44,42,99,185,265820000,-487890000,45360000,1230400000,-1053690000,0,0,5,4,9
4_184,1470180000,1486900000,25480000,903080000,576170000,4461810000,34,41,89,164,1556240000,1195420000,33970000,757010000,939590000,4482230000,39,36,96,171,86060000,-291480000,8490000,-146070000,363420000,20420000,5,-5,7,7
4_185,8316840000,119850000,24990000,21260000,6395090000,14878030000,40,33,82,155,9264940000,123910000,26570000,16560000,5446050000,14878030000,46,34,93,173,948100000,4060000,1580000,-4700000,-949040000,0,6,1,11,18
4_186,1365260000,5385950000,413860000,1315600000,5081680000,13562350000,45,37,91,173,1360040000,5124450000,391880000,1510170000,5175810000,13562350000,23,30,80,133,-5220000,-261500000,-21980000,194570000,94130000,0,-22,-7,-11,-40
4_187,2111040000,8341350000,49480000,1633740000,4498330000,16633940000,50,33,92,175,1212440000,7872560000,83140000,2038680000,5427120000,16633940000,46,31,82,159,-898600000,-468790000,33660000,404940000,928790000,0,-4,-2,-10,-16
4_188,5838620000,2636840000,338270000,1137880000,746050000,10697660000,37,39,100,176,5854890000,2597600000,378930000,1019210000,847030000,10697660000,30,35,97,162,16270000,-39240000,40660000,-118670000,100980000,0,-7,-4,-3,-14
4_189,3408110000,6674920000,599310000,153180000,1656930000,12492450000,46,39,92,177,3395790000,6584970000,687140000,134080000,1690470000,12492450000,51,38,100,189,-12320000,-89950000,87830000,-19100000,33540000,0,5,-1,8,12
4_190,7190030000,698980000,135300000,350000,3074230000,11098890000,38,28,83,149,7232970000,543370000,130390000,0,3192160000,11098890000,50,43,109,202,42940000,-155610000,-4910000,-350000,117930000,0,12,15,26,53
4_191,6686240000,511170000,117560000,2170000,2764420000,10081560000,42,41,102,185,6589760000,510810000,139300000,1060000,2840630000,10081560000,46,35,82,163,-96480000,-360000,21740000,-1110000,76210000,0,4,-6,-20,-22
4_192,2058460000,1845830000,119540000,975830000,4077300000,9076960000,40,35,95,170,2131020000,1696810000,150510000,1055460000,4043160000,9076960000,49,44,98,191,72560000,-149020000,30970000,79630000,-34140000,0,9,9,3,21
4_193,9483220000,538210000,85610000,15850000,5466160000,15589050000,48,28,101,177,9975860000,557260000,92370000,14090000,4949470000,15589050000,51,33,108,192,492640000,19050000,6760000,-1760000,-516690000,0,3,5,7,15
4_194,3965890000,8990210000,951310000,1859610000,309810000,16076830000,34,33,84,151,4138160000,8004390000,1465420000,1895910000,572950000,16076830000,51,41,99,191,172270000,-985820000,514110000,36300000,263140000,0,17,8,15,40
4_195,4336930000,6972450000,2642350000,2540450000,691610000,17183790000,43,36,86,165,4393240000,6458830000,2939290000,2653940000,738490000,17183790000,22,23,59,104,56310000,-513620000,296940000,113490000,46880000,0,-21,-13,-27,-61
4_196,690550000,11055600000,2707050000,1955930000,231460000,16640590000,43,37,95,175,672680000,8825830000,3173060000,3722650000,246370000,16640590000,52,41,105,198,-17870000,-2229770000,466010000,1766720000,14910000,0,9,4,10,23
4_197,2846980000,2442510000,132120000,399250000,2898410000,8719270000,34,29,92,155,2796580000,2408570000,167930000,174240000,3171950000,8719270000,46,37,81,164,-50400000,-33940000,35810000,-225010000,273540000,0,12,8,-11,9
4_198,6037650000,11553450000,868810000,1411680000,418520000,20290110000,22,32,75,129,6501730000,10405820000,1339270000,1392770000,656530000,20296120000,37,32,98,167,464080000,-1147630000,470460000,-18910000,238010000,6010000,15,0,23,38
4_199,4993250000,381620000,171210000,68970000,8460030000,14075080000,25,26,74,125,5656430000,372210000,171370000,65960000,7809110000,14075080000,43,35,91,169,663180000,-9410000,160000,-3010000,-650920000,0,18,9,17,44
4_200,2886360000,6241970000,334600000,1404840000,127830000,10995600000,52,32,100,184,2883360000,6113420000,437150000,1436390000,125280000,10995600000,43,44,94,181,-3000000,-128550000,102550000,31550000,-2550000,0,-9,12,-6,-3
4_201,4771970000,7830240000,900920000,876900000,153180000,14533210000,34,38,97,169,4863450000,6542500000,991670000,1930230000,205360000,14533210000,32,26,74,132,91480000,-1287740000,90750000,1053330000,52180000,0,-2,-12,-23,-37
4_202,167510000,1746610000,262270000,242010000,3679950000,6098350000,38,35,84,157,158270000,1587870000,321330000,337950000,3692930000,6098350000,42,25,86,153,-9240000,-158740000,59060000,95940000,12980000,0,4,-10,2,-4
4_203,7303160000,71910000,24380000,23300000,4999140000,12421890000,36,30,82,148,8123300000,73470000,25880000,23300000,4175940000,12421890000,31,37,103,171,820140000,1560000,1500000,0,-823200000,0,-5,7,21,23
4_204,1136790000,8465400000,919030000,1249340000,2766930000,14537490000,41,32,95,168,2012940000,7721970000,1226080000,1577470000,1999030000,14537490000,51,39,97,187,876150000,-743430000,307050000,328130000,-767900000,0,10,7,2,19
4_205,1844070000,186380000,33450000,18960000,6863110000,8945970000,42,29,88,159,1841210000,186580000,34220000,19020000,6864940000,8945970000,44,37,94,175,-2860000,200000,770000,60000,1830000,0,2,8,6,16
4_206,511790000,3744460000,357770000,81600000,7013860000,11709480000,46,39,93,178,506770000,3531920000,404840000,115960000,7149990000,11709480000,46,42,91,179,-5020000,-212540000,47070000,34360000,136130000,0,0,3,-2,1
4_207,3246570000,6750000,9620000,2650000,5696620000,8962210000,44,33,104,181,4067840000,8680000,6630000,2560000,4876500000,8962210000,55,47,114,216,821270000,1930000,-2990000,-90000,-820120000,0,11,14,10,35
4_208,2943060000,11585670000,1084230000,1683910000,179950000,17476820000,44,31,85,160,2961190000,11529590000,1217230000,1624320000,144490000,17476820000,52,35,91,178,18130000,-56080000,133000000,-59590000,-35460000,0,8,4,6,18
4_209,3846430000,559750000,440910000,1311230000,5373350000,11531670000,27,29,86,142,3931580000,548930000,488370000,1076100000,5486690000,11531670000,45,46,111,202,85150000,-10820000,47460000,-235130000,113340000,0,18,17,25,60
4_210,2311330000,5473110000,375270000,677670000,143780000,8981160000,40,43,98,181,2332350000,5400900000,473600000,612450000,161860000,8981160000,45,44,114,203,21020000,-72210000,98330000,-65220000,18080000,0,5,1,16,22
4_211,587630000,4102840000,529990000,1250970000,3898340000,10369770000,31,34,82,147,687490000,4013280000,624170000,1200820000,3844010000,10369770000,39,31,87,157,99860000,-89560000,94180000,-50150000,-54330000,0,8,-3,5,10
4_212,1873400000,6828840000,339960000,1042420000,372500000,10457120000,51,45,104,200,1952980000,6817470000,392030000,997590000,297050000,10457120000,52,29,93,174,79580000,-11370000,52070000,-44830000,-75450000,0,1,-16,-11,-26
4_213,5457280000,993090000,234840000,1541280000,2373090000,10599580000,48,32,103,183,5493610000,923180000,255930000,1257660000,2669200000,10599580000,43,37,107,187,36330000,-69910000,21090000,-283620000,296110000,0,-5,5,4,4
4_214,1801580000,5223140000,215070000,3004970000,211620000,10456380000,27,39,87,153,1837420000,5194850000,258840000,2956610000,208660000,10456380000,48,35,93,176,35840000,-28290000,43770000,-48360000,-2960000,0,21,-4,6,23
4_215,3767170000,4989920000,232240000,1082600000,275610000,10347540000,29,31,82,142,3834650000,4698430000,364520000,1075790000,374150000,10347540000,43,36,103,182,67480000,-291490000,132280000,-6810000,98540000,0,14,5,21,40
4_216,223310000,6505040000,938400000,516710000,3973800000,12157260000,48,35,100,183,242520000,5707220000,1151170000,1004580000,4051770000,12157260000,48,39,89,176,19210000,-797820000,212770000,487870000,77970000,0,0,4,-11,-7
4_217,3436890000,4922830000,547270000,893330000,280620000,10080940000,48,41,104,193,3599310000,4295950000,649150000,1282490000,254040000,10080940000,44,37,94,175,162420000,-626880000,101880000,389160000,-26580000,0,-4,-4,-10,-18
4_218,3108300000,5161930000,711540000,863340000,502460000,10347570000,46,25,95,166,3296070000,4838490000,820130000,1042130000,350750000,10347570000,32,36,76,144,187770000,-323440000,108590000,178790000,-151710000,0,-14,11,-19,-22
4_219,1098870000,4552470000,1107900000,2881190000,440890000,10081320000,36,32,81,149,1228100000,4107260000,1339050000,2953070000,453850000,10081330000,43,36,91,170,129230000,-445210000,231150000,71880000,12960000,10000,7,4,10,21
4_220,2130940000,898100000,635960000,17800000,8346690000,12029490000,42,31,93,166,2242390000,813130000,634440000,19190000,8320340000,12029490000,27,26,79,132,111450000,-84970000,-1520000,1390000,-26350000,0,-15,-5,-14,-34
4_221,8639850000,4920000,14220000,0,6186610000,14845600000,52,33,106,191,9735950000,3990000,13450000,0,5092210000,14845600000,47,31,88,166,1096100000,-930000,-770000,0,-1094400000,0,-5,-2,-18,-25
4_222,163200000,83130000,18370000,871970000,4166480000,5303150000,36,35,91,162,145390000,71770000,25280000,770910000,4289800000,5303150000,47,33,100,180,-17810000,-11360000,6910000,-101060000,123320000,0,11,-2,9,18
4_223,2919040000,2906710000,103690000,1172580000,1973880000,9075900000,42,40,95,177,2833910000,2737850000,146880000,1161330000,2195930000,9075900000,47,40,89,176,-85130000,-168860000,43190000,-11250000,222050000,0,5,0,-6,-1
4_224,302770000,1107620000,62880000,1627430000,12596870000,15697570000,44,25,85,154,420460000,874100000,73590000,1800660000,12528760000,15697570000,42,25,75,142,117690000,-233520000,10710000,173230000,-68110000,0,-2,0,-10,-12
4_225,4763730000,2912930000,175110000,1002710000,1844910000,10699390000,44,41,99,184,4744320000,2956430000,212310000,906750000,1879580000,10699390000,37,36,103,176,-19410000,43500000,37200000,-95960000,34670000,0,-7,-5,4,-8
4_226,1401130000,4538950000,2230800000,3289960000,2774460000,14235300000,28,27,89,144,1418180000,4274680000,2613780000,3077870000,2850790000,14235300000,44,43,95,182,17050000,-264270000,382980000,-212090000,76330000,0,16,16,6,38
4_227,6124130000,190670000,30300000,0,4021190000,10366290000,27,29,71,127,7288460000,132610000,27590000,0,2917790000,10366450000,41,38,91,170,1164330000,-58060000,-2710000,0,-1103400000,160000,14,9,20,43
4_228,4125600000,2271290000,1662870000,1851380000,164480000,10075620000,39,40,96,175,4070960000,880860000,1938650000,2742430000,442720000,10075620000,30,33,94,157,-54640000,-1390430000,275780000,891050000,278240000,0,-9,-7,-2,-18
4_229,6548980000,831740000,161130000,0,3832180000,11374030000,41,38,96,175,6279750000,705510000,159330000,0,4229460000,11374050000,49,35,85,169,-269230000,-126230000,-1800000,0,397280000,20000,8,-3,-11,-6
4_230,430570000,451670000,227190000,4890890000,6844990000,12845310000,39,33,92,164,550480000,349480000,314480000,4608680000,7022190000,12845310000,45,36,95,176,119910000,-102190000,87290000,-282210000,177200000,0,6,3,3,12
4_231,6514890000,1727720000,136780000,701260000,1884290000,10964940000,31,36,90,157,6694820000,1735000000,153780000,649980000,1731360000,10964940000,18,28,65,111,179930000,7280000,17000000,-51280000,-152930000,0,-13,-8,-25,-46
4_232,4338430000,4390990000,375930000,1047180000,3245640000,13398170000,49,26,95,170,3763300000,4392650000,599750000,740000000,3902470000,13398170000,29,28,87,144,-575130000,1660000,223820000,-307180000,656830000,0,-20,2,-8,-26
4_233,4211050000,3874210000,1030570000,4659880000,407580000,14183290000,48,30,91,169,4252130000,3759400000,1225240000,4589880000,356640000,14183290000,31,38,82,151,41080000,-114810000,194670000,-70000000,-50940000,0,-17,8,-9,-18
4_234,1379100000,385220000,648590000,4386190000,4043860000,10842960000,43,34,98,175,1325500000,373400000,800040000,2813490000,5530530000,10842960000,49,37,101,187,-53600000,-11820000,151450000,-1572700000,1486670000,0,6,3,3,12
4_235,8309210000,1414680000,225300000,54460000,4690850000,14694500000,41,38,84,163,8274500000,1427130000,258350000,49930000,4684590000,14694500000,52,44,98,194,-34710000,12450000,33050000,-4530000,-6260000,0,11,6,14,31
4_236,3111320000,5644300000,538900000,777850000,269520000,10341890000,46,38,109,193,3189340000,5098010000,704930000,1012880000,336730000,10341890000,39,27,90,156,78020000,-546290000,166030000,235030000,67210000,0,-7,-11,-19,-37
4_237,5770430000,1044120000,67130000,15590000,3103470000,10000740000,47,32,101,180,5750650000,1072250000,69870000,15730000,3092240000,10000740000,54,42,91,187,-19780000,28130000,2740000,140000,-11230000,0,7,10,-10,7
4_238,768360000,3780920000,670320000,11757160000,4692940000,21669700000,35,32,80,147,1182870000,2852540000,787070000,12535660000,4311560000,21669700000,49,39,99,187,414510000,-928380000,116750000,778500000,-381380000,0,14,7,19,40
4_239,2652770000,6079390000,259600000,1585570000,107190000,10684520000,32,36,92,160,2769620000,5644490000,506390000,1538920000,226510000,10685930000,43,40,96,179,116850000,-434900000,246790000,-46650000,119320000,1410000,11,4,4,19
4_240,4194930000,8540640000,638110000,761300000,1005970000,15140950000,40,28,78,146,4429310000,7939380000,715020000,873890000,1183350000,15140950000,50,37,84,171,234380000,-601260000,76910000,112590000,177380000,0,10,9,6,25
4_241,3756840000,531490000,200500000,1910340000,1903760000,8302930000,46,35,92,173,4419690000,642660000,309780000,1859310000,1071490000,8302930000,41,19,69,129,662850000,111170000,109280000,-51030000,-832270000,0,-5,-16,-23,-44
4_242,2817370000,4496720000,129260000,284490000,413780000,8141620000,29,45,94,168,2439230000,4408420000,203400000,267930000,822640000,8141620000,51,45,105,201,-378140000,-88300000,74140000,-16560000,408860000,0,22,0,11,33
4_243,1270940000,5881860000,503110000,601200000,4214210000,12471320000,26,29,67,122,1294930000,5658710000,449350000,889730000,4060190000,12352910000,32,29,87,148,23990000,-223150000,-53760000,288530000,-154020000,-118410000,6,0,20,26
4_244,4566590000,2921600000,90060000,942380000,907210000,9427840000,28,37,95,160,4490610000,2958340000,104930000,673440000,1245410000,9472730000,45,41,95,181,-75980000,36740000,14870000,-268940000,338200000,44890000,17,4,0,21
4_245,1253250000,1349310000,58590000,243780000,1958760000,4863690000,49,38,96,183,1272450000,1354090000,71350000,140260000,2025540000,4863690000,37,27,91,155,19200000,4780000,12760000,-103520000,66780000,0,-12,-11,-5,-28
4_246,6261560000,558640000,147290000,16690000,6063630000,13047810000,40,40,98,178,6763910000,586850000,157750000,17620000,5521680000,13047810000,29,33,95,157,502350000,28210000,10460000,930000,-541950000,0,-11,-7,-3,-21
4_247,9300740000,1075220000,54490000,0,4216450000,14646900000,37,34,84,155,10901030000,1008980000,56130000,870000,2679890000,14646900000,47,43,99,189,1600290000,-66240000,1640000,870000,-1536560000,0,10,9,15,34
4_248,4257920000,4507320000,822990000,2156390000,239910000,11984530000,45,41,105,191,4393140000,4046200000,990130000,2326320000,228740000,11984530000,52,40,93,185,135220000,-461120000,167140000,169930000,-11170000,0,7,-1,-12,-6
4_249,2127300000,1477950000,106650000,813640000,4156290000,8681830000,32,33,73,138,2099380000,1416910000,126760000,679540000,4359240000,8681830000,44,34,93,171,-27920000,-61040000,20110000,-134100000,202950000,0,12,1,20,33
4_250,255370000,496420000,43640000,2160040000,6291650000,9247120000,21,29,74,124,356520000,634400000,51020000,1974000000,6231180000,9247120000,42,28,71,141,101150000,137980000,7380000,-186040000,-60470000,0,21,-1,-3,17
4_251,754770000,6526420000,495580000,2024820000,1006270000,10807860000,44,32,102,178,767490000,6500620000,617120000,1925220000,997410000,10807860000,51,43,107,201,12720000,-25800000,121540000,-99600000,-8860000,0,7,11,5,23
4_252,3330350000,6454480000,137300000,144540000,4592660000,14659330000,30,38,91,159,2284290000,6006210000,164840000,485500000,5718490000,14659330000,41,30,85,156,-1046060000,-448270000,27540000,340960000,1125830000,0,11,-8,-6,-3
4_253,4356590000,1776190000,392250000,1734890000,696570000,8956490000,44,28,89,161,4376040000,1594370000,348970000,2009450000,410270000,8739100000,42,43,100,185,19450000,-181820000,-43280000,274560000,-286300000,-217390000,-2,15,11,24
4_254,3509690000,2530610000,339610000,358610000,3225860000,9964380000,28,33,82,143,3455930000,2496310000,406830000,336870000,3268440000,9964380000,44,29,81,154,-53760000,-34300000,67220000,-21740000,42580000,0,16,-4,-1,11
4_255,2458370000,3833630000,362540000,1485380000,5013810000,13153730000,39,37,91,167,2479460000,3527590000,459190000,1580670000,5106820000,13153730000,44,34,79,157,21090000,-306040000,96650000,95290000,93010000,0,5,-3,-12,-10
4_256,1179340000,6188080000,1242860000,6728950000,891940000,16231170000,23,31,73,127,1305610000,5674070000,1455790000,6343770000,1451930000,16231170000,50,38,94,182,126270000,-514010000,212930000,-385180000,559990000,0,27,7,21,55
4_257,3110410000,4902860000,268910000,203690000,590370000,9076240000,38,40,100,178,3228210000,4764020000,292730000,177480000,613800000,9076240000,31,19,71,121,117800000,-138840000,23820000,-26210000,23430000,0,-7,-21,-29,-57
4_258,2044790000,396510000,25500000,640000,7229030000,9696470000,43,42,111,196,2030260000,397280000,25570000,640000,7242720000,9696470000,36,34,93,163,-14530000,770000,70000,0,13690000,0,-7,-8,-18,-33
4_259,1083000000,745180000,212730000,6543300000,5359980000,13944190000,39,42,99,180,902780000,474930000,291910000,6075750000,6198820000,13944190000,53,43,109,205,-180220000,-270250000,79180000,-467550000,838840000,0,14,1,10,25
4_260,707240000,3578560000,92000000,292690000,5982530000,10653020000,29,39,87,155,715440000,3409090000,136700000,298650000,6093140000,10653020000,41,36,105,182,8200000,-169470000,44700000,5960000,110610000,0,12,-3,18,27
4_261,5676550000,6517310000,1460520000,1185960000,282920000,15123260000,40,32,83,155,5930680000,5039720000,1759390000,2104660000,288810000,15123260000,28,28,90,146,254130000,-1477590000,298870000,918700000,5890000,0,-12,-4,7,-9
4_262,4689640000,4382490000,972550000,911710000,619970000,11576360000,32,36,91,159,4768650000,3688560000,1358890000,954650000,805610000,11576360000,33,26,74,133,79010000,-693930000,386340000,42940000,185640000,0,1,-10,-17,-26
4_263,1910710000,231690000,24430000,1240000,6622520000,8790590000,36,34,71,141,1906020000,231250000,26990000,1240000,6625090000,8790590000,44,27,77,148,-4690000,-440000,2560000,0,2570000,0,8,-7,6,7
4_264,4023950000,5544050000,1163990000,2356040000,749560000,13837590000,37,43,99,179,4120750000,4491100000,1333980000,3177250000,714510000,13837590000,38,37,106,181,96800000,-1052950000,169990000,821210000,-35050000,0,1,-6,7,2
4_265,3569860000,7191160000,988010000,566260000,356640000,12671930000,35,32,74,141,3630240000,6844070000,1103090000,775380000,319150000,12671930000,45,21,75,141,60380000,-347090000,115080000,209120000,-37490000,0,10,-11,1,0
4_266,6180740000,1938120000,188270000,1980000,2548770000,10857880000,38,32,99,169,5848990000,1937900000,205660000,2050000,2863280000,10857880000,25,24,75,124,-331750000,-220000,17390000,70000,314510000,0,-13,-8,-24,-45
4_267,4764280000,214720000,91430000,0,4642010000,9712440000,40,35,76,151,4625400000,214890000,106200000,0,4765950000,9712440000,53,38,106,197,-138880000,170000,14770000,0,123940000,0,13,3,30,46
4_268,3686240000,1333180000,65580000,820310000,6865800000,12771110000,42,33,106,181,3194270000,1560490000,97110000,462230000,7457010000,12771110000,45,27,77,149,-491970000,227310000,31530000,-358080000,591210000,0,3,-6,-29,-32
4_269,2692320000,6006320000,185630000,1951070000,3663690000,14499030000,43,35,89,167,3785780000,5543260000,296990000,2478390000,2394610000,14499030000,42,46,97,185,1093460000,-463060000,111360000,527320000,-1269080000,0,-1,11,8,18
4_270,2072800000,2130000,1700000,231530000,6618270000,8926430000,48,31,91,170,2094580000,2120000,1700000,231340000,6596690000,8926430000,44,38,96,178,21780000,-10000,0,-190000,-21580000,0,-4,7,5,8
4_271,1919830000,9441910000,900540000,2165660000,671960000,15099900000,46,35,98,179,1952050000,9039310000,994700000,2080530000,1045840000,15112430000,46,23,88,157,32220000,-402600000,94160000,-85130000,373880000,12530000,0,-12,-10,-22
4_272,5404640000,3497680000,408430000,1120000,2267870000,11579740000,31,37,85,153,5429830000,3452730000,400650000,2760000,2293770000,11579740000,46,29,89,164,25190000,-44950000,-7780000,1640000,25900000,0,15,-8,4,11
4_273,1306110000,7900810000,334110000,67080000,4867650000,14475760000,47,37,95,179,1768950000,7204490000,495080000,2430660000,2576580000,14475760000,52,37,105,194,462840000,-696320000,160970000,2363580000,-2291070000,0,5,0,10,15
4_274,1551600000,6754070000,1130430000,547850000,97600000,10081550000,38,38,92,168,1622720000,5565190000,1467750000,1285000000,140890000,10081550000,54,39,108,201,71120000,-1188880000,337320000,737150000,43290000,0,16,1,16,33
4_275,9569860000,1660290000,287390000,205980000,2384890000,14108410000,34,40,107,181,8884230000,1698270000,309930000,204830000,3011150000,14108410000,48,32,79,159,-685630000,37980000,22540000,-1150000,626260000,0,14,-8,-28,-22
4_276,4607650000,6165340000,1434390000,1255930000,639620000,14102930000,48,31,96,175,4716070000,5334320000,1585940000,1775030000,691570000,14102930000,30,39,92,161,108420000,-831020000,151550000,519100000,51950000,0,-18,8,-4,-14
4_277,387030000,1892470000,793240000,2683060000,4830880000,10586680000,47,41,102,190,381340000,1869140000,943800000,2506570000,4885830000,10586680000,48,40,104,192,-5690000,-23330000,150560000,-176490000,54950000,0,1,-1,2,2
4_278,1981520000,497740000,175860000,16410000,4888060000,7559590000,42,39,98,179,1977880000,495320000,185120000,16380000,4884890000,7559590000,47,31,96,174,-3640000,-2420000,9260000,-30000,-3170000,0,5,-8,-2,-5
4_279,3163160000,5139490000,495470000,841500000,696470000,10336090000,39,32,76,147,3149400000,5016530000,536100000,790390000,843670000,10336090000,42,40,100,182,-13760000,-122960000,40630000,-51110000,147200000,0,3,8,24,35
4_280,1745950000,7417980000,717270000,371380000,210160000,10462740000,41,36,79,156,1754040000,7355190000,804730000,347170000,201610000,10462740000,45,33,96,174,8090000,-62790000,87460000,-24210000,-8550000,0,4,-3,17,18
4_281,3862650000,4308820000,540130000,1462860000,162900000,10337360000,40,31,88,159,3793930000,4158540000,683000000,1506100000,195790000,10337360000,42,31,90,163,-68720000,-150280000,142870000,43240000,32890000,0,2,0,2,4
4_282,1870070000,5753550000,767770000,495790000,318730000,9205910000,50,38,99,187,2066740000,4974440000,841100000,1059470000,264160000,9205910000,39,28,91,158,196670000,-779110000,73330000,563680000,-54570000,0,-11,-10,-8,-29
4_283,7882120000,3947070000,317740000,214900000,1751000000,14112830000,24,31,71,126,7671220000,3937780000,356840000,212350000,1934640000,14112830000,46,40,93,179,-210900000,-9290000,39100000,-2550000,183640000,0,22,9,22,53
4_284,1863590000,2461560000,297590000,5664460000,170530000,10457730000,30,40,88,158,1901960000,2484720000,340720000,5578370000,151960000,10457730000,32,19,74,125,38370000,23160000,43130000,-86090000,-18570000,0,2,-21,-14,-33
4_285,3874460000,83100000,16030000,0,2413500000,6387090000,33,37,78,148,4359590000,69870000,18150000,0,1939500000,6387110000,47,38,100,185,485130000,-13230000,2120000,0,-474000000,20000,14,1,22,37
4_286,1986260000,7214160000,303880000,1459240000,6320880000,17284420000,34,44,90,168,2173530000,6997880000,395450000,1409300000,6308260000,17284420000,34,39,86,159,187270000,-216280000,91570000,-49940000,-12620000,0,0,-5,-4,-9
4_287,5127930000,2225250000,694500000,13650000,5117250000,13178580000,32,22,79,133,5001060000,2231280000,724050000,13370000,5208820000,13178580000,49,38,94,181,-126870000,6030000,29550000,-280000,91570000,0,17,16,15,48
4_288,3497180000,227780000,108650000,806690000,519900000,5160200000,33,25,84,142,3382260000,167450000,133160000,894020000,583310000,5160200000,35,31,92,158,-114920000,-60330000,24510000,87330000,63410000,0,2,6,8,16
4_289,5450150000,4652350000,660360000,1395100000,1682440000,13840400000,42,33,97,172,5467070000,4708120000,658770000,1457480000,1548960000,13840400000,29,34,76,139,16920000,55770000,-1590000,62380000,-133480000,0,-13,1,-21,-33
4_290,652990000,2057270000,247150000,8347660000,4077490000,15382560000,41,30,89,160,868810000,1102110000,284330000,9209430000,3917880000,15382560000,34,21,83,138,215820000,-955160000,37180000,861770000,-159610000,0,-7,-9,-6,-22
4_291,2396610000,2766760000,168150000,117200000,3252580000,8701300000,48,41,105,194,2390590000,2678100000,206020000,63860000,3362730000,8701300000,39,23,86,148,-6020000,-88660000,37870000,-53340000,110150000,0,-9,-18,-19,-46
4_292,40370000,1300310000,232680000,1637240000,4453200000,7663800000,43,33,79,155,43210000,1222440000,275840000,1676110000,4446200000,7663800000,44,36,85,165,2840000,-77870000,43160000,38870000,-7000000,0,1,3,6,10
4_293,7297750000,720620000,107240000,6360000,6310940000,14442910000,41,36,94,171,7058470000,719760000,132610000,6310000,6525760000,14442910000,43,38,97,178,-239280000,-860000,25370000,-50000,214820000,0,2,2,3,7
4_294,6578330000,2972760000,512060000,111380000,6603190000,16777720000,28,22,66,116,6429180000,2993300000,588170000,111710000,6655360000,16777720000,45,39,98,182,-149150000,20540000,76110000,330000,52170000,0,17,17,32,66
4_295,6489960000,99550000,66720000,12230000,3698940000,10367400000,40,31,83,154,7287910000,91200000,73050000,12670000,2902570000,10367400000,41,29,92,162,797950000,-8350000,6330000,440000,-796370000,0,1,-2,9,8
4_296,4328840000,8225680000,563190000,696790000,278960000,14093460000,39,30,76,145,4307370000,7861090000,621150000,995960000,307890000,14093460000,34,33,89,156,-21470000,-364590000,57960000,299170000,28930000,0,-5,3,13,11
4_297,8314690000,2910390000,286430000,1810300000,1097030000,14418840000,40,35,91,166,8630720000,2660630000,262850000,1944670000,919970000,14418840000,48,31,84,163,316030000,-249760000,-23580000,134370000,-177060000,0,8,-4,-7,-3
4_298,4097060000,5683750000,376730000,329470000,2280110000,12767120000,34,32,76,142,4114640000,5677560000,434100000,285440000,2255380000,12767120000,47,35,100,182,17580000,-6190000,57370000,-44030000,-24730000,0,13,3,24,40
4_299,5776510000,917120000,122200000,68860000,11711980000,18596670000,42,44,95,181,5701120000,914740000,144410000,68720000,11767680000,18596670000,26,35,91,152,-75390000,-2380000,22210000,-140000,55700000,0,-16,-9,-4,-29
4_300,540720000,11398650000,827390000,1303650000,334730000,14405140000,35,30,98,163,540880000,11557030000,805820000,1252060000,249350000,14405140000,38,41,93,172,160000,158380000,-21570000,-51590000,-85380000,0,3,11,-5,9
4_301,314050000,2317950000,139090000,143790000,1985120000,4900000000,36,41,98,175,328760000,2254100000,184680000,162060000,1970400000,4900000000,21,33,71,125,14710000,-63850000,45590000,18270000,-14720000,0,-15,-8,-27,-50
4_302,1328350000,121870000,20470000,0,7296650000,8767340000,35,37,107,179,1324890000,121750000,20960000,0,7299740000,8767340000,27,21,79,127,-3460000,-120000,490000,0,3090000,0,-8,-16,-28,-52
4_303,5819630000,335410000,65450000,140730000,6353820000,12715040000,36,35,90,161,6371550000,349840000,84190000,140680000,5768780000,12715040000,45,35,100,180,551920000,14430000,18740000,-50000,-585040000,0,9,0,10,19
4_304,5717200000,1349470000,306430000,1349930000,1603080000,10326110000,43,46,122,211,5655950000,1380650000,363070000,1196200000,1730240000,10326110000,46,32,95,173,-61250000,31180000,56640000,-153730000,127160000,0,3,-14,-27,-38
4_305,7669540000,124110000,26960000,32190000,4118140000,11970940000,41,34,75,150,8192610000,109370000,22980000,32510000,3613470000,11970940000,17,24,64,105,523070000,-14740000,-3980000,320000,-504670000,0,-24,-10,-11,-45
4_306,3196150000,2112060000,95950000,1503880000,3474350000,10382390000,41,31,83,155,3052700000,1589330000,176720000,1431330000,4132310000,10382390000,41,38,103,182,-143450000,-522730000,80770000,-72550000,657960000,0,0,7,20,27
4_307,3445810000,3358420000,452410000,2474550000,512030000,10243220000,28,35,86,149,3556240000,3301540000,432210000,2629860000,323370000,10243220000,50,36,106,192,110430000,-56880000,-20200000,155310000,-188660000,0,22,1,20,43
4_308,905610000,6657810000,659220000,1529510000,329590000,10081740000,47,25,86,158,1030240000,5989280000,889370000,1876240000,296610000,10081740000,50,37,92,179,124630000,-668530000,230150000,346730000,-32980000,0,3,12,6,21
4_309,114510000,1525730000,541380000,559420000,2409000000,5150040000,45,44,103,192,135660000,1223720000,622660000,749520000,2418480000,5150040000,48,33,93,174,21150000,-302010000,81280000,190100000,9480000,0,3,-11,-10,-18
4_310,3644880000,7867190000,737720000,2571790000,380150000,15201730000,41,39,81,161,3710950000,6955080000,1017460000,3153540000,364700000,15201730000,48,23,96,167,66070000,-912110000,279740000,581750000,-15450000,0,7,-16,15,6
4_311,3779930000,2846060000,368420000,504250000,2744730000,10243390000,30,34,97,161,2344570000,2873210000,467090000,498160000,4060360000,10243390000,29,36,79,144,-1435360000,27150000,98670000,-6090000,1315630000,0,-1,2,-18,-17
4_312,554140000,6970300000,639910000,2478060000,149630000,10792040000,47,24,84,155,577480000,6892620000,806630000,2354790000,160520000,10792040000,41,34,89,164,23340000,-77680000,166720000,-123270000,10890000,0,-6,10,5,9
4_313,3650530000,3767290000,191470000,2711220000,137150000,10457660000,42,44,106,192,3661020000,3755190000,229200000,2683830000,128420000,10457660000,39,36,94,169,10490000,-12100000,37730000,-27390000,-8730000,0,-3,-8,-12,-23
4_314,1886260000,6203470000,316010000,702740000,8989940000,18098420000,31,34,92,157,2245810000,6206410000,551710000,749060000,8345430000,18098420000,44,36,91,171,359550000,2940000,235700000,46320000,-644510000,0,13,2,-1,14
4_315,205620000,756590000,175610000,70360000,3476040000,4684220000,50,44,106,200,236330000,723660000,204260000,80170000,3439800000,4684220000,41,41,93,175,30710000,-32930000,28650000,9810000,-36240000,0,-9,-3,-13,-25
4_316,727520000,1905870000,461980000,5319260000,5885360000,14299990000,40,38,95,173,683270000,2892950000,547220000,4070810000,6105740000,14299990000,34,37,96,167,-44250000,987080000,85240000,-1248450000,220380000,0,-6,-1,1,-6
4_317,6341730000,1808810000,372120000,1016780000,792870000,10332310000,38,30,77,145,6291460000,1787420000,454030000,995110000,804290000,10332310000,48,37,90,175,-50270000,-21390000,81910000,-21670000,11420000,0,10,7,13,30
4_318,928030000,11053320000,284000000,348600000,3491810000,16105760000,38,36,100,174,830470000,10680570000,457670000,416230000,3720820000,16105760000,46,23,84,153,-97560000,-372750000,173670000,67630000,229010000,0,8,-13,-16,-21
4_319,1268710000,9007090000,58630000,1814050000,3056460000,15204940000,47,36,104,187,1603780000,9339720000,112540000,1672220000,2476680000,15204940000,46,36,96,178,335070000,332630000,53910000,-141830000,-579780000,0,-1,0,-8,-9
4_320,1876350000,4345390000,42480000,1187350000,3892350000,11343920000,41,38,94,173,1526450000,4413800000,75080000,1548410000,3780180000,11343920000,46,26,78,150,-349900000,68410000,32600000,361060000,-112170000,0,5,-12,-16,-23
4_321,1081770000,687590000,90310000,868170000,2687950000,5415790000,44,36,100,180,1174350000,618970000,127980000,870300000,2624190000,5415790000,44,39,99,182,92580000,-68620000,37670000,2130000,-63760000,0,0,3,-1,2
4_322,1269600000,3128410000,1596770000,1733870000,3357030000,11085680000,41,33,95,169,1066180000,2071100000,1694010000,2858120000,3396270000,11085680000,45,36,91,172,-203420000,-1057310000,97240000,1124250000,39240000,0,4,3,-4,3
4_323,3348350000,6150000,5980000,4240000,2021010000,5385730000,46,44,114,204,3589790000,5830000,8650000,4240000,1777220000,5385730000,46,39,92,177,241440000,-320000,2670000,0,-243790000,0,0,-5,-22,-27
4_324,2697150000,3900560000,40160000,154880000,3959260000,10752010000,52,31,102,185,3432740000,3302740000,66450000,1339590000,2610490000,10752010000,44,34,105,183,735590000,-597820000,26290000,1184710000,-1348770000,0,-8,3,3,-2
4_325,7372180000,495660000,120560000,8170000,2366000000,10362570000,43,34,88,165,7761440000,511360000,134840000,7590000,1947340000,10362570000,51,38,108,197,389260000,15700000,14280000,-580000,-418660000,0,8,4,20,32
4_326,2342480000,5469720000,265640000,652150000,396320000,9126310000,37,39,105,181,2506480000,5296850000,422570000,634760000,265650000,9126310000,34,36,100,170,164000000,-172870000,156930000,-17390000,-130670000,0,-3,-3,-5,-11
4_327,1841990000,6522920000,379800000,270500000,797370000,9812580000,33,42,98,173,1760170000,6451060000,416790000,265560000,919000000,9812580000,52,45,116,213,-81820000,-71860000,36990000,-4940000,121630000,0,19,3,18,40
4_328,5188670000,9670150000,1055420000,1146740000,534060000,17595040000,48,39,103,190,5380500000,9310520000,1233410000,1102780000,567830000,17595040000,41,40,93,174,191830000,-359630000,177990000,-43960000,33770000,0,-7,1,-10,-16
4_329,2937820000,502720000,33380000,5580000,10353690000,13833190000,46,37,95,178,2888920000,505230000,42340000,5580000,10391120000,13833190000,30,35,77,142,-48900000,2510000,8960000,0,37430000,0,-16,-2,-18,-36
4_330,1624100000,5052250000,44900000,1392560000,3056660000,11170470000,48,25,91,164,1969590000,4847020000,88060000,1571640000,2694160000,11170470000,48,39,89,176,345490000,-205230000,43160000,179080000,-362500000,0,0,14,-2,12
4_331,1606680000,1866800000,267090000,1871300000,5632800000,11244670000,50,32,93,175,1415450000,1948370000,327300000,1881480000,5672070000,11244670000,44,35,93,172,-191230000,81570000,60210000,10180000,39270000,0,-6,3,0,-3
4_332,3086070000,862550000,32450000,300000,9851210000,13832580000,43,43,101,187,3110480000,860190000,36150000,300000,9825460000,13832580000,49,38,94,181,24410000,-2360000,3700000,0,-25750000,0,6,-5,-7,-6
4_333,8183220000,8328200000,1134430000,2312620000,136840000,20095310000,39,30,75,144,8189970000,6258980000,1381260000,3926500000,338600000,20095310000,42,49,98,189,6750000,-2069220000,246830000,1613880000,201760000,0,3,19,23,45
4_334,3138090000,1436210000,110390000,358850000,126690000,5170230000,37,30,91,158,3114420000,1428080000,134900000,327730000,165100000,5170230000,26,28,66,120,-23670000,-8130000,24510000,-31120000,38410000,0,-11,-2,-25,-38
4_335,2021440000,605220000,83530000,1980000,7171470000,9883640000,42,37,90,169,2015180000,604830000,89200000,1980000,7172450000,9883640000,26,22,81,129,-6260000,-390000,5670000,0,980000,0,-16,-15,-9,-40
4_336,1226200000,5043750000,59680000,1915370000,2745840000,10990840000,43,32,84,159,1283540000,4857750000,139680000,1894510000,2815360000,10990840000,47,42,112,201,57340000,-186000000,80000000,-20860000,69520000,0,4,10,28,42
4_337,2499490000,651130000,59160000,9920000,11079180000,14298880000,33,35,68,136,2493510000,651100000,63770000,9920000,11080580000,14298880000,35,35,83,153,-5980000,-30000,4610000,0,1400000,0,2,0,15,17
4_338,7359330000,1205750000,46670000,290000,2491690000,11103730000,38,31,96,165,7853320000,1214640000,41100000,370000,1994300000,11103730000,45,39,97,181,493990000,8890000,-5570000,80000,-497390000,0,7,8,1,16
4_339,1242000000,2657170000,76200000,895370000,5791170000,10661910000,42,26,88,156,1223020000,2571100000,136220000,728480000,6003090000,10661910000,49,38,94,181,-18980000,-86070000,60020000,-166890000,211920000,0,7,12,6,25
4_340,1881900000,7252520000,628380000,815220000,134660000,10712680000,20,34,77,131,1858890000,6906530000,833660000,842670000,270930000,10712680000,23,25,85,133,-23010000,-345990000,205280000,27450000,136270000,0,3,-9,8,2
4_341,1843190000,1268950000,198100000,173710000,9202370000,12686320000,34,31,84,149,1831520000,1257240000,217560000,173250000,9206750000,12686320000,51,39,91,181,-11670000,-11710000,19460000,-460000,4380000,0,17,8,7,32
4_342,3119650000,5015940000,106530000,420150000,2116000000,10778270000,50,37,112,199,3255310000,4487580000,215040000,742580000,2077760000,10778270000,55,40,113,208,135660000,-528360000,108510000,322430000,-38240000,0,5,3,1,9
4_343,269510000,977840000,129870000,1833230000,6086640000,9297090000,27,38,98,163,200280000,1608600000,177540000,1054860000,6255810000,9297090000,34,35,103,172,-69230000,630760000,47670000,-778370000,169170000,0,7,-3,5,9
4_344,3488590000,4346670000,22190000,461360000,2444440000,10763250000,45,38,106,189,4140720000,3422370000,33840000,1500650000,1665670000,10763250000,41,39,110,190,652130000,-924300000,11650000,1039290000,-778770000,0,-4,1,4,1
4_345,453120000,7340690000,1728960000,772180000,172830000,10467780000,41,32,82,155,474330000,7173810000,1918090000,756810000,144740000,10467780000,40,37,92,169,21210000,-166880000,189130000,-15370000,-28090000,0,-1,5,10,14
4_346,2780480000,6395470000,322250000,725180000,341430000,10564810000,31,35,87,153,2795720000,6074550000,518370000,717300000,458870000,10564810000,47,31,106,184,15240000,-320920000,196120000,-7880000,117440000,0,16,-4,19,31
4_347,3085690000,2419910000,645510000,2066270000,1868230000,10085610000,49,31,99,179,2885440000,2293130000,694900000,2011510000,2200630000,10085610000,37,24,91,152,-200250000,-126780000,49390000,-54760000,332400000,0,-12,-7,-8,-27
4_348,2806970000,63240000,3020000,560000,11910970000,14784760000,33,39,100,172,2943220000,62900000,3210000,0,11775430000,14784760000,45,36,94,175,136250000,-340000,190000,-560000,-135540000,0,12,-3,-6,3
4_349,2580340000,6449310000,48780000,319360000,1385500000,10783290000,46,29,91,166,2892110000,6003400000,106680000,523200000,1257900000,10783290000,49,37,97,183,311770000,-445910000,57900000,203840000,-127600000,0,3,8,6,17
4_350,3379490000,5562440000,415380000,744410000,240120000,10341840000,45,34,90,169,3412010000,5218390000,645160000,750490000,315790000,10341840000,47,34,103,184,32520000,-344050000,229780000,6080000,75670000,0,2,0,13,15
4_351,1767440000,7658310000,37390000,362300000,961600000,10787040000,35,36,83,154,1962680000,7396000000,94260000,508660000,825440000,10787040000,31,22,82,135,195240000,-262310000,56870000,146360000,-136160000,0,-4,-14,-1,-19
4_352,1657140000,681500000,163070000,65220000,2493150000,5060080000,25,28,75,128,1634760000,690630000,173130000,59260000,2502300000,5060080000,30,33,94,157,-22380000,9130000,10060000,-5960000,9150000,0,5,5,19,29
4_353,3388660000,4834000000,882020000,1143990000,719810000,10968480000,29,32,87,148,3561040000,3853560000,986800000,1934540000,632540000,10968480000,29,26,90,145,172380000,-980440000,104780000,790550000,-87270000,0,0,-6,3,-3
4_354,1129980000,7678290000,794060000,319140000,420890000,10342360000,41,37,108,186,1231690000,7496000000,877580000,299090000,438000000,10342360000,48,35,83,166,101710000,-182290000,83520000,-20050000,17110000,0,7,-2,-25,-20
4_355,3119680000,3126950000,448820000,1001470000,2745590000,10442510000,40,34,100,174,3326710000,2999320000,567920000,1007210000,2541350000,10442510000,11,25,59,95,207030000,-127630000,119100000,5740000,-204240000,0,-29,-9,-41,-79
4_356,1871540000,399270000,17360000,0,6290880000,8579050000,29,39,90,158,1919720000,389890000,18160000,0,6251280000,8579050000,46,31,79,156,48180000,-9380000,800000,0,-39600000,0,17,-8,-11,-2
4_357,3475130000,3483930000,112370000,626320000,257520000,7955270000,42,39,89,170,3799150000,3180080000,143430000,515680000,316930000,7955270000,33,35,88,156,324020000,-303850000,31060000,-110640000,59410000,0,-9,-4,-1,-14
4_358,5120550000,97980000,20100000,970000,3966790000,9206390000,39,35,92,166,6429830000,80810000,14160000,0,2681590000,9206390000,36,35,99,170,1309280000,-17170000,-5940000,-970000,-1285200000,0,-3,0,7,4
4_359,3581240000,5795320000,165670000,694340000,486620000,10723190000,42,38,89,169,3762060000,5104330000,377440000,780790000,698570000,10723190000,49,29,87,165,180820000,-690990000,211770000,86450000,211950000,0,7,-9,-2,-4
4_360,3867720000,4553920000,231510000,1457400000,345820000,10456370000,35,36,89,160,3922790000,4554140000,289430000,1399800000,290210000,10456370000,36,44,113,193,55070000,220000,57920000,-57600000,-55610000,0,1,8,24,33
4_361,6151360000,6630680000,793830000,1374460000,167620000,15117950000,43,36,95,174,6308990000,5180830000,1019950000,2478310000,129870000,15117950000,45,35,91,171,157630000,-1449850000,226120000,1103850000,-37750000,0,2,-1,-4,-3
4_362,267380000,2823630000,169590000,80870000,1788400000,5129870000,50,31,93,174,269900000,2765650000,221510000,63310000,1809500000,5129870000,46,38,93,177,2520000,-57980000,51920000,-17560000,21100000,0,-4,7,0,3
4_363,3960070000,10189960000,741830000,2280130000,1495680000,18667670000,35,34,102,171,4114430000,9090160000,763680000,3149680000,1549720000,18667670000,48,33,94,175,154360000,-1099800000,21850000,869550000,54040000,0,13,-1,-8,4
4_364,3138210000,5575320000,792830000,430810000,143930000,10081100000,50,43,107,200,3159710000,5080140000,897990000,763410000,179850000,10081100000,39,46,96,181,21500000,-495180000,105160000,332600000,35920000,0,-11,3,-11,-19
4_365,673410000,38650000,11030000,862330000,7956950000,9542370000,40,37,86,163,716440000,12660000,33450000,1156170000,7623650000,9542370000,36,37,94,167,43030000,-25990000,22420000,293840000,-333300000,0,-4,0,8,4
4_366,6943510000,3161510000,337420000,94720000,2129880000,12667040000,41,19,78,138,6959020000,3175990000,387600000,93200000,2051230000,12667040000,34,34,93,161,15510000,14480000,50180000,-1520000,-78650000,0,-7,15,15,23
4_367,2676530000,1673620000,68420000,464950000,8969560000,13853080000,22,34,79,135,2819700000,1296370000,72340000,798220000,8866450000,13853080000,47,28,95,170,143170000,-377250000,3920000,333270000,-103110000,0,25,-6,16,35
4_368,7077150000,798290000,143360000,0,3085270000,11104070000,45,37,88,170,7355050000,654900000,149320000,0,2944800000,11104070000,44,45,106,195,277900000,-143390000,5960000,0,-140470000,0,-1,8,18,25
4_369,1493290000,3616210000,734630000,101460000,3226280000,9171870000,31,37,89,157,1357470000,3493790000,797970000,177860000,3344780000,9171870000,32,21,74,127,-135820000,-122420000,63340000,76400000,118500000,0,1,-16,-15,-30
4_370,1569550000,2188380000,107670000,505660000,545060000,4916320000,49,40,114,203,1592170000,1856350000,118160000,607080000,699680000,4873440000,31,37,101,169,22620000,-332030000,10490000,101420000,154620000,-42880000,-18,-3,-13,-34
4_371,2703710000,7027830000,766920000,222390000,221440000,10942290000,38,47,113,198,2722320000,6829560000,837340000,311470000,241600000,10942290000,49,36,88,173,18610000,-198270000,70420000,89080000,20160000,0,11,-11,-25,-25
4_372,6359650000,3012230000,942540000,129120000,6452800000,16896340000,40,38,99,177,6489700000,2973540000,1110340000,122870000,6199890000,16896340000,49,35,105,189,130050000,-38690000,167800000,-6250000,-252910000,0,9,-3,6,12
4_373,5186410000,48940000,3550000,84380000,5049280000,10372560000,33,26,76,135,5729150000,49490000,3550000,84380000,4505990000,10372560000,25,29,84,138,542740000,550000,0,0,-543290000,0,-8,3,8,3
4_374,1966510000,6172650000,346030000,301240000,184800000,8971230000,39,32,85,156,1968710000,6123490000,394080000,263120000,221830000,8971230000,33,20,74,127,2200000,-49160000,48050000,-38120000,37030000,0,-6,-12,-11,-29
4_375,5521130000,1148530000,154370000,631970000,2876550000,10332550000,34,33,96,163,5536000000,1207590000,185250000,563430000,2840280000,10332550000,47,41,95,183,14870000,59060000,30880000,-68540000,-36270000,0,13,8,-1,20
4_376,3623050000,4707870000,214630000,935850000,1251840000,10733240000,39,42,100,181,3205760000,4764860000,259730000,688940000,1813950000,10733240000,37,37,99,173,-417290000,56990000,45100000,-246910000,562110000,0,-2,-5,-1,-8
4_377,1769890000,4026310000,555020000,482480000,2121870000,8955570000,40,23,72,135,1803450000,3913300000,703360000,469680000,2065780000,8955570000,50,33,93,176,33560000,-113010000,148340000,-12800000,-56090000,0,10,10,21,41
4_378,6700560000,5551940000,189340000,1077210000,578480000,14097530000,45,30,84,159,6907650000,4972430000,373480000,1121490000,722480000,14097530000,31,28,85,144,207090000,-579510000,184140000,44280000,144000000,0,-14,-2,1,-15
4_379,3085800000,2858030000,232860000,447460000,3645730000,10269880000,42,39,88,169,3056400000,2781260000,244070000,483620000,3704530000,10269880000,38,39,106,183,-29400000,-76770000,11210000,36160000,58800000,0,-4,0,18,14
4_380,485740000,3933110000,450220000,2155850000,5531940000,12556860000,45,45,100,190,538130000,4013100000,551870000,1927000000,5526760000,12556860000,32,31,94,157,52390000,79990000,101650000,-228850000,-5180000,0,-13,-14,-6,-33
4_381,5824920000,1734540000,128900000,0,3064860000,10753220000,36,29,70,135,5805410000,1757380000,115910000,1140000,3073380000,10753220000,50,39,105,194,-19510000,22840000,-12990000,1140000,8520000,0,14,10,35,59
4_382,812780000,7738910000,616240000,820810000,694510000,10683250000,39,37,103,179,854020000,7580880000,629720000,851830000,766800000,10683250000,47,26,87,160,41240000,-158030000,13480000,31020000,72290000,0,8,-11,-16,-19
4_383,958960000,5033400000,683310000,3131150000,408790000,10215610000,41,43,99,183,1016950000,4683260000,877930000,3165580000,471890000,10215610000,50,43,106,199,57990000,-350140000,194620000,34430000,63100000,0,9,0,7,16
4_384,129110000,3460000,1010000,387390000,4859040000,5380010000,39,36,95,170,139830000,4610000,3580000,212340000,5019650000,5380010000,48,42,105,195,10720000,1150000,2570000,-175050000,160610000,0,9,6,10,25
4_385,5631910000,5290500000,1270790000,1330330000,313510000,13837040000,41,34,90,165,5811220000,4277080000,1509880000,1983430000,255430000,13837040000,47,37,93,177,179310000,-1013420000,239090000,653100000,-58080000,0,6,3,3,12
4_386,3522960000,4729560000,337630000,1840640000,6196890000,16627680000,46,28,93,167,3773870000,4189460000,509700000,243640000,7911010000,16627680000,31,31,82,144,250910000,-540100000,172070000,-1597000000,1714120000,0,-15,3,-11,-23
4_387,1078660000,8048050000,646490000,264840000,639550000,10677590000,47,42,100,189,1038650000,7975320000,706870000,256660000,700090000,10677590000,49,42,100,191,-40010000,-72730000,60380000,-8180000,60540000,0,2,0,0,2
4_388,3485190000,180940000,4970000,47460000,8731120000,12449680000,39,34,94,167,3608080000,174440000,5420000,47900000,8613840000,12449680000,21,17,62,100,122890000,-6500000,450000,440000,-117280000,0,-18,-17,-32,-67
4_389,7137010000,2598950000,721990000,1772560000,691870000,12922380000,31,42,90,163,7235450000,2524770000,601560000,2069140000,491460000,12922380000,43,43,94,180,98440000,-74180000,-120430000,296580000,-200410000,0,12,1,4,17
4_390,3281060000,926870000,118840000,380000,1193870000,5521020000,48,46,110,204,3275710000,881160000,116160000,0,1247990000,5521020000,48,23,92,163,-5350000,-45710000,-2680000,-380000,54120000,0,0,-23,-18,-41
4_391,2455420000,224110000,14830000,34080000,7086170000,9814610000,42,28,84,154,2465730000,223100000,17910000,44640000,7063230000,9814610000,35,42,110,187,10310000,-1010000,3080000,10560000,-22940000,0,-7,14,26,33
4_392,3472830000,4997220000,170060000,1400600000,411890000,10452600000,41,37,100,178,3496070000,4907620000,256160000,1389550000,403200000,10452600000,38,36,81,155,23240000,-89600000,86100000,-11050000,-8690000,0,-3,-1,-19,-23
4_393,3716140000,6359000000,1279070000,594720000,9033550000,20982480000,30,31,90,151,3742140000,6240880000,1399320000,598120000,9002020000,20982480000,46,40,98,184,26000000,-118120000,120250000,3400000,-31530000,0,16,9,8,33
4_394,3181630000,7509260000,1928620000,339670000,868070000,13827250000,45,47,115,207,3065640000,7416360000,2109100000,238170000,997980000,13827250000,34,27,97,158,-115990000,-92900000,180480000,-101500000,129910000,0,-11,-20,-18,-49
4_395,2864020000,3979790000,411030000,271140000,6681240000,14207220000,39,39,95,173,3145970000,3680070000,532890000,286330000,6561960000,14207220000,49,34,82,165,281950000,-299720000,121860000,15190000,-119280000,0,10,-5,-13,-8
4_396,4198010000,856760000,85030000,6960000,895220000,6041980000,48,41,98,187,4155540000,865480000,92630000,6940000,921390000,6041980000,44,29,88,161,-42470000,8720000,7600000,-20000,26170000,0,-4,-12,-10,-26
4_397,1378960000,2125100000,57290000,563410000,1190850000,5315610000,47,42,102,191,1406530000,1965280000,76950000,620210000,1246640000,5315610000,47,37,98,182,27570000,-159820000,19660000,56800000,55790000,0,0,-5,-4,-9
4_398,807730000,9711540000,137520000,21340000,2117860000,12795990000,29,39,100,168,999190000,9201360000,236010000,154000000,2205430000,12795990000,37,29,99,165,191460000,-510180000,98490000,132660000,87570000,0,8,-10,-1,-3
4_399,2511730000,1047270000,560630000,244540000,4184740000,8548910000,46,47,127,220,2391590000,983450000,666490000,253370000,4254010000,8548910000,48,30,84,162,-120140000,-63820000,105860000,8830000,69270000,0,2,-17,-43,-58
4_400,900160000,5775550000,529460000,88150000,2788140000,10081460000,20,37,86,143,904200000,5568960000,646780000,103480000,2858040000,10081460000,45,31,97,173,4040000,-206590000,117320000,15330000,69900000,0,25,-6,11,30
4_401,532270000,309650000,80730000,1973780000,7317230000,10213660000,34,36,95,165,565170000,231950000,115000000,1549540000,7752000000,10213660000,25,34,90,149,32900000,-77700000,34270000,-424240000,434770000,0,-9,-2,-5,-16
4_402,1132310000,500530000,151000000,2679950000,4662560000,9126350000,40,42,110,192,1341980000,293550000,199800000,2602620000,4688400000,9126350000,24,15,60,99,209670000,-206980000,48800000,-77330000,25840000,0,-16,-27,-50,-93
4_403,6364200000,195020000,19780000,29510000,3758930000,10367440000,34,48,98,180,7007080000,204140000,21840000,29190000,3105190000,10367440000,29,41,94,164,642880000,9120000,2060000,-320000,-653740000,0,-5,-7,-4,-16
4_404,3624440000,4258110000,66020000,782970000,4191400000,12922940000,33,32,85,150,4983920000,3245390000,112950000,308220000,4272460000,12922940000,48,39,96,183,1359480000,-1012720000,46930000,-474750000,81060000,0,15,7,11,33
4_405,4844460000,2607270000,102020000,2397240000,4035320000,13986310000,41,38,94,173,5613190000,2387790000,145120000,2251410000,3588800000,13986310000,47,42,100,189,768730000,-219480000,43100000,-145830000,-446520000,0,6,4,6,16
4_406,1761070000,7132990000,791550000,1889550000,2246830000,13821990000,34,33,93,160,1763830000,7144560000,886140000,1787670000,2239790000,13821990000,36,44,97,177,2760000,11570000,94590000,-101880000,-7040000,0,2,11,4,17
4_407,4200250000,2297570000,276400000,3242090000,440790000,10457100000,39,43,110,192,4252210000,2268840000,337210000,3244980000,353860000,10457100000,44,47,118,209,51960000,-28730000,60810000,2890000,-86930000,0,5,4,8,17
4_408,3205540000,1061480000,308850000,1910020000,2334770000,8820660000,39,32,85,156,3280090000,1013820000,370740000,1863180000,2292830000,8820660000,48,44,102,194,74550000,-47660000,61890000,-46840000,-41940000,0,9,12,17,38
4_409,2970990000,7738450000,949500000,1039020000,381200000,13079160000,38,38,97,173,3170330000,7030430000,967980000,1441000000,469420000,13079160000,45,42,98,185,199340000,-708020000,18480000,401980000,88220000,0,7,4,1,12
4_410,80490000,1042910000,47170000,213010000,3911990000,5295570000,34,38,96,168,242940000,929130000,82060000,163760000,3877680000,5295570000,52,36,107,195,162450000,-113780000,34890000,-49250000,-34310000,0,18,-2,11,27
4_411,2679290000,9993570000,1838940000,2288600000,609760000,17410160000,30,35,82,147,2604410000,10345020000,1388990000,2440160000,551850000,17330430000,45,34,72,151,-74880000,351450000,-449950000,151560000,-57910000,-79730000,15,-1,-10,4
4_412,8745060000,2875520000,305120000,223110000,3386240000,15535050000,17,31,70,118,8925930000,2892260000,340480000,223560000,3152820000,15535050000,17,29,68,114,180870000,16740000,35360000,450000,-233420000,0,0,-2,-2,-4
4_413,5182720000,2752330000,434410000,350000,1454380000,9824190000,38,40,97,175,5569060000,2649050000,453160000,1250000,1151670000,9824190000,49,47,105,201,386340000,-103280000,18750000,900000,-302710000,0,11,7,8,26
4_414,5771370000,5147500000,1302100000,1388780000,227640000,13837390000,47,38,98,183,5802340000,4290080000,1479660000,2042630000,222680000,13837390000,45,41,102,188,30970000,-857420000,177560000,653850000,-4960000,0,-2,3,4,5
4_415,994640000,5904390000,574700000,606570000,621940000,8702240000,46,34,87,167,967980000,6122330000,473950000,708600000,429380000,8702240000,50,31,89,170,-26660000,217940000,-100750000,102030000,-192560000,0,4,-3,2,3
4_416,237370000,692500000,409540000,7009340000,3960240000,12308990000,41,27,93,161,249930000,619610000,518750000,6916230000,4004470000,12308990000,34,48,102,184,12560000,-72890000,109210000,-93110000,44230000,0,-7,21,9,23
4_417,3165210000,4237540000,329580000,212340000,2120440000,10065110000,31,29,79,139,3155490000,4250440000,404790000,200960000,2053430000,10065110000,50,35,87,172,-9720000,12900000,75210000,-11380000,-67010000,0,19,6,8,33
4_418,2038000000,58930000,15800000,0,11745650000,13858380000,42,29,80,151,2177650000,60000000,16300000,0,11604430000,13858380000,53,43,107,203,139650000,1070000,500000,0,-141220000,0,11,14,27,52
4_419,1194120000,2343360000,75080000,480570000,4942910000,9036040000,45,36,90,171,1384780000,2253510000,146200000,407340000,4844210000,9036040000,33,42,95,170,190660000,-89850000,71120000,-73230000,-98700000,0,-12,6,5,-1
4_420,4408940000,4495740000,357250000,814740000,260720000,10337390000,44,34,90,168,4447570000,4480840000,413180000,751020000,244780000,10337390000,35,41,111,187,38630000,-14900000,55930000,-63720000,-15940000,0,-9,7,21,19
4_421,1367250000,2437400000,121840000,777590000,159980000,4864060000,31,30,91,152,1431750000,2289850000,161790000,791570000,204770000,4879730000,42,38,88,168,64500000,-147550000,39950000,13980000,44790000,15670000,11,8,-3,16
4_422,3501910000,4161750000,961580000,39850000,5263690000,13928780000,39,27,74,140,4518650000,3519330000,1058010000,57190000,4775600000,13928780000,50,40,98,188,1016740000,-642420000,96430000,17340000,-488090000,0,11,13,24,48
4_423,4465660000,5811480000,572680000,3081970000,260010000,14191800000,43,32,87,162,4468040000,5758540000,666840000,3041340000,257040000,14191800000,32,38,94,164,2380000,-52940000,94160000,-40630000,-2970000,0,-11,6,7,2
4_424,774380000,8074470000,501790000,820390000,506560000,10677590000,48,39,101,188,815650000,7915820000,522330000,807840000,615950000,10677590000,46,31,96,173,41270000,-158650000,20540000,-12550000,109390000,0,-2,-8,-5,-15
4_425,825490000,1939660000,38840000,131090000,930110000,3865190000,46,37,92,175,892130000,1755180000,72360000,138510000,1021130000,3879310000,50,32,108,190,66640000,-184480000,33520000,7420000,91020000,14120000,4,-5,16,15
4_426,7997910000,1005470000,90890000,0,2494550000,11588820000,47,26,83,156,8588420000,861990000,80240000,920000,2057250000,11588820000,28,28,79,135,590510000,-143480000,-10650000,920000,-437300000,0,-19,2,-4,-21
4_427,231720000,1241900000,17320000,390280000,6714290000,8595510000,28,40,74,142,260030000,1210050000,30250000,241300000,6853880000,8595510000,42,36,92,170,28310000,-31850000,12930000,-148980000,139590000,0,14,-4,18,28
4_428,459370000,3773140000,212280000,89870000,3542790000,8077450000,43,36,85,164,443610000,3673280000,249390000,99040000,3612130000,8077450000,32,28,76,136,-15760000,-99860000,37110000,9170000,69340000,0,-11,-8,-9,-28
4_429,5717140000,63230000,29890000,8200000,4554020000,10372480000,18,29,70,117,6679410000,53370000,39130000,11210000,3589360000,10372480000,27,24,62,113,962270000,-9860000,9240000,3010000,-964660000,0,9,-5,-8,-4
4_430,2161380000,0,2800000,57550000,8566720000,10788450000,40,37,93,170,2471370000,0,2800000,94200000,8220080000,10788450000,35,39,101,175,309990000,0,0,36650000,-346640000,0,-5,2,8,5
4_431,1070160000,5529070000,401570000,1417420000,647920000,9066140000,40,37,92,169,1224300000,5079230000,456250000,1449240000,857120000,9066140000,48,36,87,171,154140000,-449840000,54680000,31820000,209200000,0,8,-1,-5,2
4_432,3689040000,5804110000,346770000,971460000,3457210000,14268590000,32,35,86,153,3773750000,5744470000,403940000,724640000,3621790000,14268590000,41,35,93,169,84710000,-59640000,57170000,-246820000,164580000,0,9,0,7,16
4_433,3245170000,3399030000,23850000,719630000,3189150000,10576830000,34,39,94,167,3828510000,3195390000,46340000,763500000,2743090000,10576830000,48,43,104,195,583340000,-203640000,22490000,43870000,-446060000,0,14,4,10,28
4_434,2400600000,6274850000,357160000,4981680000,179770000,14194060000,38,36,95,169,2435110000,6293750000,425480000,4884440000,155280000,14194060000,46,29,91,166,34510000,18900000,68320000,-97240000,-24490000,0,8,-7,-4,-3
4_435,5499100000,3276920000,209440000,810600000,4517920000,14313980000,44,35,91,170,5455420000,3324660000,218600000,654850000,4660290000,14313820000,35,30,90,155,-43680000,47740000,9160000,-155750000,142370000,-160000,-9,-5,-1,-15
4_436,3548370000,4585870000,201470000,484330000,701860000,9521900000,38,29,86,153,3419730000,4460980000,251990000,459180000,930020000,9521900000,41,39,111,191,-128640000,-124890000,50520000,-25150000,228160000,0,3,10,25,38
4_437,622570000,1673370000,76970000,132250000,3050920000,5556080000,44,45,110,199,423330000,1751970000,119700000,131850000,3129230000,5556080000,42,35,99,176,-199240000,78600000,42730000,-400000,78310000,0,-2,-10,-11,-23
4_438,1741600000,5995150000,460700000,870960000,167460000,9235870000,38,44,97,179,1738080000,5912880000,553760000,839800000,191350000,9235870000,51,42,109,202,-3520000,-82270000,93060000,-31160000,23890000,0,13,-2,12,23
4_439,2798740000,5481270000,525930000,1146200000,129250000,10081390000,48,43,108,199,3011070000,4515200000,658680000,1812140000,84300000,10081390000,45,34,99,178,212330000,-966070000,132750000,665940000,-44950000,0,-3,-9,-9,-21
4_440,1336590000,8484370000,111450000,201110000,643460000,10776980000,45,33,96,174,1728970000,8098020000,249480000,261160000,439350000,10776980000,31,30,76,137,392380000,-386350000,138030000,60050000,-204110000,0,-14,-3,-20,-37
4_441,1183940000,4345150000,153110000,390890000,240250000,6313340000,41,34,90,165,1121190000,4018150000,147220000,332580000,220820000,5839960000,42,36,78,156,-62750000,-327000000,-5890000,-58310000,-19430000,-473380000,1,2,-12,-9
4_442,3371390000,5249040000,477070000,1271970000,338260000,10707730000,37,46,100,183,3453910000,4744440000,682160000,1326640000,500580000,10707730000,18,22,61,101,82520000,-504600000,205090000,54670000,162320000,0,-19,-24,-39,-82
4_443,190080000,8784000000,768030000,4220000,3689520000,13435850000,19,30,67,116,181380000,8657900000,901040000,3550000,3691980000,13435850000,32,41,94,167,-8700000,-126100000,133010000,-670000,2460000,0,13,11,27,51
4_444,1863390000,1562660000,692040000,234500000,3840210000,8192800000,47,34,95,176,1809150000,1430590000,858890000,231670000,3862500000,8192800000,37,36,104,177,-54240000,-132070000,166850000,-2830000,22290000,0,-10,2,9,1
4_445,409610000,1800690000,38050000,191490000,2850720000,5290560000,44,45,110,199,315370000,1737030000,48480000,145470000,3044210000,5290560000,18,20,56,94,-94240000,-63660000,10430000,-46020000,193490000,0,-26,-25,-54,-105
4_446,338740000,430840000,34990000,114850000,1579310000,2498730000,32,22,74,128,340980000,414640000,54310000,45180000,1643620000,2498730000,34,30,90,154,2240000,-16200000,19320000,-69670000,64310000,0,2,8,16,26
4_447,2762240000,4841160000,126970000,583850000,586730000,8900950000,44,39,95,178,2717420000,4912820000,157060000,382090000,731560000,8900950000,43,42,123,208,-44820000,71660000,30090000,-201760000,144830000,0,-1,3,28,30
4_448,5066580000,6020420000,1707350000,740100000,303420000,13837870000,42,32,86,160,5397790000,4979720000,1929240000,1338830000,192290000,13837870000,31,31,91,153,331210000,-1040700000,221890000,598730000,-111130000,0,-11,-1,5,-7
4_449,56480000,571860000,582790000,1083970000,3463450000,5758550000,36,41,86,163,51940000,592880000,655080000,972010000,3486640000,5758550000,29,35,84,148,-4540000,21020000,72290000,-111960000,23190000,0,-7,-6,-2,-15
4_450,253230000,4167830000,145060000,440190000,459590000,5465900000,42,35,95,172,277460000,4222120000,134790000,426550000,404980000,5465900000,51,34,102,187,24230000,54290000,-10270000,-13640000,-54610000,0,9,-1,7,15
4_451,4135070000,35680000,9830000,131860000,6065160000,10377600000,38,29,90,157,4154520000,35730000,12960000,132080000,6042310000,10377600000,32,28,81,141,19450000,50000,3130000,220000,-22850000,0,-6,-1,-9,-16
16_001,14362130000,29068600000,1667340000,2636270000,3930290000,51664630000,47,37,98,182,14688690000,27952050000,1877090000,2460530000,4686270000,51664630000,53,50,113,216,326560000,-1116550000,209750000,-175740000,755980000,0,6,13,15,34
16_002,12893490000,18250230000,823400000,2207990000,9414300000,43589410000,50,46,107,203,12891920000,16781290000,1446520000,2395060000,10074620000,43589410000,54,36,95,185,-1570000,-1468940000,623120000,187070000,660320000,0,4,-10,-12,-18
16_003,18508170000,23976390000,3021040000,3729930000,2551220000,51786750000,53,41,114,208,19628590000,20562120000,3706720000,5631220000,2258100000,51786750000,35,30,101,166,1120420000,-3414270000,685680000,1901290000,-293120000,0,-18,-11,-13,-42
16_004,12486170000,166780000,30560000,560000,41943430000,54627500000,47,41,102,190,13282860000,166980000,31590000,20000,41146050000,54627500000,47,42,112,201,796690000,200000,1030000,-540000,-797380000,0,0,1,10,11
16_005,14495800000,37181790000,2421470000,4567430000,1488120000,60154610000,41,43,119,203,14881250000,35178610000,3468830000,4673500000,1952420000,60154610000,49,49,105,203,385450000,-2003180000,1047360000,106070000,464300000,0,8,6,-14,0
16_006,17440680000,10875100000,1948480000,7342060000,2762180000,40368500000,51,45,117,213,17826320000,10828950000,1746530000,7858150000,2108550000,40368500000,46,40,115,201,385640000,-46150000,-201950000,516090000,-653630000,0,-5,-5,-2,-12
16_007,14986420000,24430130000,1347750000,3145820000,3398690000,47308810000,42,34,96,172,15064380000,22349510000,1443710000,3174500000,3934860000,45966960000,37,43,106,186,77960000,-2080620000,95960000,28680000,536170000,-1341850000,-5,9,10,14
16_008,17998770000,2805860000,1494310000,11340730000,9867940000,43507610000,49,52,128,229,17889730000,2107760000,1881070000,11613850000,10015200000,43507610000,50,42,109,201,-109040000,-698100000,386760000,273120000,147260000,0,1,-10,-19,-28
16_009,6602570000,21023910000,1046200000,670680000,19350150000,48693510000,32,38,88,158,8957080000,18148920000,1568680000,5849740000,14169090000,48693510000,52,43,108,203,2354510000,-2874990000,522480000,5179060000,-5181060000,0,20,5,20,45
16_010,1427560000,5270020000,840040000,24448250000,29419240000,61405110000,44,42,108,194,2073070000,4412760000,1077400000,25134600000,28707280000,61405110000,38,40,112,190,645510000,-857260000,237360000,686350000,-711960000,0,-6,-2,4,-4
16_011,5797840000,23579680000,2586950000,12670320000,13165530000,57800320000,54,37,101,192,5883180000,23724300000,2998050000,12110410000,13084380000,57800320000,43,43,105,191,85340000,144620000,411100000,-559910000,-81150000,0,-11,6,4,-1
16_012,13454970000,28505910000,3682570000,2972770000,1000890000,49617110000,38,50,105,193,13900660000,25092300000,4033280000,5435210000,1155660000,49617110000,51,41,102,194,445690000,-3413610000,350710000,2462440000,154770000,0,13,-9,-3,1
16_013,14180330000,1217270000,155770000,194530000,22221250000,37969150000,35,44,96,175,14965880000,1222320000,187370000,195700000,21397880000,37969150000,37,44,126,207,785550000,5050000,31600000,1170000,-823370000,0,2,0,30,32
16_014,7608770000,19744860000,1542710000,4496410000,8861710000,42254460000,46,45,106,197,8162880000,19297090000,2023990000,4435660000,8334840000,42254460000,50,36,97,183,554110000,-447770000,481280000,-60750000,-526870000,0,4,-9,-9,-14
16_015,12757610000,11619410000,1352860000,5423680000,7234690000,38388250000,48,37,110,195,13221510000,11356920000,1769650000,5458460000,6581710000,38388250000,56,46,119,221,463900000,-262490000,416790000,34780000,-652980000,0,8,9,9,26
16_016,4335980000,2687420000,1032730000,10130090000,23192020000,41378240000,41,45,97,183,4803840000,1966650000,1342240000,8394670000,24870840000,41378240000,46,44,119,209,467860000,-720770000,309510000,-1735420000,1678820000,0,5,-1,22,26
16_017,2818120000,1008370000,144110000,4088810000,32489020000,40548430000,50,42,112,204,3030560000,837470000,239240000,3755330000,32685830000,40548430000,47,52,129,228,212440000,-170900000,95130000,-333480000,196810000,0,-3,10,17,24
16_018,1793120000,3021720000,909510000,13774710000,19308500000,38807560000,46,44,108,198,1797920000,2257600000,1111540000,13309320000,20331180000,38807560000,50,44,109,203,4800000,-764120000,202030000,-465390000,1022680000,0,4,0,1,5
16_019,12571360000,28879440000,1510530000,2426660000,31814850000,77202840000,37,44,115,196,12553060000,28615090000,1814350000,1552360000,32667980000,77202840000,47,40,103,190,-18300000,-264350000,303820000,-874300000,853130000,0,10,-4,-12,-6
16_020,33890790000,12159710000,2375790000,1294650000,31719870000,81440810000,50,46,115,211,33167960000,12165360000,2600370000,1290950000,32216170000,81440810000,51,40,107,198,-722830000,5650000,224580000,-3700000,496300000,0,1,-6,-8,-13
16_021,14906270000,24013920000,3003800000,8940580000,2217140000,53081710000,51,39,100,190,15270310000,23760700000,2879240000,9055130000,1978390000,52943770000,50,40,111,201,364040000,-253220000,-124560000,114550000,-238750000,-137940000,-1,1,11,11
16_022,15685660000,26411670000,3459730000,4026300000,2395270000,51978630000,47,43,106,196,15784620000,25286150000,3765980000,4161940000,2979940000,51978630000,47,54,113,214,98960000,-1125520000,306250000,135640000,584670000,0,0,11,7,18
16_023,11585240000,30908320000,2893330000,2629730000,9345920000,57362540000,37,41,106,184,11580610000,30457730000,2845620000,2790250000,9688330000,57362540000,48,51,122,221,-4630000,-450590000,-47710000,160520000,342410000,0,11,10,16,37
16_024,27887740000,700240000,283550000,29170000,14093480000,42994180000,52,32,98,182,30362510000,684480000,328260000,29910000,11589020000,42994180000,46,49,108,203,2474770000,-15760000,44710000,740000,-2504460000,0,-6,17,10,21
16_025,19479150000,17318050000,2230630000,8944850000,1414960000,49387640000,47,45,106,198,19591240000,16984710000,2641300000,8920120000,1250270000,49387640000,45,50,125,220,112090000,-333340000,410670000,-24730000,-164690000,0,-2,5,19,22
16_026,23893620000,9134500000,816650000,448430000,12874640000,47167840000,51,44,119,214,24252420000,9161280000,908070000,447840000,12398230000,47167840000,46,44,100,190,358800000,26780000,91420000,-590000,-476410000,0,-5,0,-19,-24
16_027,8288610000,1617210000,282400000,31920000,32280910000,42501050000,48,48,116,212,8273730000,1614490000,300040000,31890000,32280900000,42501050000,30,30,87,147,-14880000,-2720000,17640000,-30000,-10000,0,-18,-18,-29,-65
16_028,27081500000,9743630000,1772420000,339230000,19832810000,58769590000,43,40,103,186,27248640000,9751460000,2078990000,327610000,19362890000,58769590000,39,34,105,178,167140000,7830000,306570000,-11620000,-469920000,0,-4,-6,2,-8
16_029,7484420000,33431460000,856710000,2718160000,20749160000,65239910000,39,39,99,177,7219870000,33346430000,1397610000,2986960000,20289040000,65239910000,36,44,107,187,-264550000,-85030000,540900000,268800000,-460120000,0,-3,5,8,10
16_030,6600660000,27381840000,444730000,976110000,18094170000,53497510000,38,45,103,186,7118680000,26156020000,774070000,3906970000,15541770000,53497510000,53,40,107,200,518020000,-1225820000,329340000,2930860000,-2552400000,0,15,-5,4,14
16_031,36291020000,2223040000,478220000,33990000,33808380000,72834650000,46,44,105,195,43835390000,2086680000,505580000,26370000,26380600000,72834620000,49,45,111,205,7544370000,-136360000,27360000,-7620000,-7427780000,-30000,3,1,6,10
16_032,15503300000,20073860000,1173490000,3597600000,16645870000,56994120000,58,55,146,259,14091400000,19996590000,1500730000,2765490000,18639910000,56994120000,56,47,116,219,-1411900000,-77270000,327240000,-832110000,1994040000,0,-2,-8,-30,-40
16_033,11270360000,26271630000,2129550000,5365950000,1178010000,46215500000,41,46,106,193,11415770000,26229500000,2410850000,5094790000,1064590000,46215500000,36,48,123,207,145410000,-42130000,281300000,-271160000,-113420000,0,-5,2,17,14
16_034,18832660000,18301470000,4159330000,5550010000,1148680000,47992150000,52,35,113,200,19544130000,15180960000,4911900000,7381490000,973670000,47992150000,51,29,99,179,711470000,-3120510000,752570000,1831480000,-175010000,0,-1,-6,-14,-21
16_035,11291370000,1478830000,51480000,134110000,28968120000,41923910000,38,42,112,192,11756050000,1455940000,54290000,134550000,28523080000,41923910000,48,41,106,195,464680000,-22890000,2810000,440000,-445040000,0,10,-1,-6,3
16_036,13118430000,15250430000,5135170000,5735600000,862230000,40101860000,47,47,113,207,13333760000,11333080000,6060830000,8042090000,1332100000,40101860000,28,37,87,152,215330000,-3917350000,925660000,2306490000,469870000,0,-19,-10,-26,-55
16_037,32228530000,959770000,150950000,85990000,20935600000,54360840000,43,43,119,205,34919660000,995760000,163320000,79470000,18202630000,54360840000,46,48,103,197,2691130000,35990000,12370000,-6520000,-2732970000,0,3,5,-16,-8
16_038,32461120000,557090000,247380000,154760000,21031380000,54451730000,53,42,105,200,34975890000,526460000,263620000,150390000,18535370000,54451730000,51,46,110,207,2514770000,-30630000,16240000,-4370000,-2496010000,0,-2,4,5,7
16_039,5118510000,25162330000,9190750000,6187390000,7866170000,53525150000,31,35,80,146,5169130000,24539980000,9896180000,5987420000,7932440000,53525150000,46,48,131,225,50620000,-622350000,705430000,-199970000,66270000,0,15,13,51,79
16_040,30524690000,7585780000,803830000,740000,19946460000,58861500000,49,49,119,217,33686740000,7585480000,801460000,3370000,16784450000,58861500000,49,45,106,200,3162050000,-300000,-2370000,2630000,-3162010000,0,0,-4,-13,-17
16_041,9376380000,18698440000,2229750000,1616230000,7686080000,39606880000,47,38,94,179,9365240000,18310450000,2611740000,1364340000,7955110000,39606880000,56,48,114,218,-11140000,-387990000,381990000,-251890000,269030000,0,9,10,20,39
16_042,1561160000,12132710000,832980000,874840000,4557970000,19959660000,51,45,106,202,1616780000,11550140000,758890000,1526310000,4389130000,19841250000,38,45,124,207,55620000,-582570000,-74090000,651470000,-168840000,-118410000,-13,0,18,5
16_043,20435060000,12290050000,777450000,2851970000,29751960000,66106490000,55,43,114,212,20416320000,11384840000,868050000,3206820000,30230300000,66106330000,35,27,88,150,-18740000,-905210000,90600000,354850000,478340000,-160000,-20,-16,-26,-62
16_044,11548140000,445640000,60370000,162860000,39917740000,52134750000,41,46,105,192,12443740000,445970000,64770000,296010000,38884260000,52134750000,50,42,90,182,895600000,330000,4400000,133150000,-1033480000,0,9,-4,-15,-10
16_045,19155760000,32463510000,4336600000,5201940000,2127630000,63285440000,32,45,104,181,19794290000,29494230000,5849120000,5450600000,2697200000,63285440000,47,48,107,202,638530000,-2969280000,1512520000,248660000,569570000,0,15,3,3,21
16_046,13903580000,23112550000,1359240000,437740000,15618630000,54431740000,22,39,87,148,9653380000,21743400000,1534150000,1909240000,19591570000,54431740000,49,35,96,180,-4250200000,-1369150000,174910000,1471500000,3972940000,0,27,-4,9,32
16_047,13232190000,23917590000,3505640000,1312920000,6889170000,48857510000,44,48,111,203,12929890000,23778110000,3890010000,1038540000,7220960000,48857510000,34,50,110,194,-302300000,-139480000,384370000,-274380000,331790000,0,-10,2,-1,-9
16_048,6633990000,31772860000,1274330000,4137420000,9786770000,53605370000,57,47,128,232,9490840000,29054350000,1905060000,5630770000,7524350000,53605370000,53,37,106,196,2856850000,-2718510000,630730000,1493350000,-2262420000,0,-4,-10,-22,-36
16_049,28301720000,10774050000,1860680000,3100000,15116860000,56056410000,47,45,112,204,28834080000,10426110000,1836460000,10100000,14949660000,56056410000,54,39,114,207,532360000,-347940000,-24220000,7000000,-167200000,0,7,-6,2,3
16_050,27049500000,5362770000,923050000,1070000,15727480000,49063870000,54,49,111,214,27050410000,4847480000,920190000,880000,16244880000,49063840000,47,43,98,188,910000,-515290000,-2860000,-190000,517400000,-30000,-7,-6,-13,-26
16_051,28029820000,1187320000,314860000,78190000,22793570000,52403760000,44,42,94,180,29791400000,1229480000,340840000,65560000,20976480000,52403760000,55,40,107,202,1761580000,42160000,25980000,-12630000,-1817090000,0,11,-2,13,22
16_052,9772790000,4492840000,1587900000,2064350000,14807310000,32725190000,54,43,115,212,9773830000,4290270000,1910090000,1820890000,14930110000,32725190000,53,48,118,219,1040000,-202570000,322190000,-243460000,122800000,0,-1,5,3,7
16_053,39884290000,4038010000,450920000,800000,20397260000,64771280000,47,45,117,209,43876940000,3613830000,454610000,870000,16824930000,64771180000,57,47,131,235,3992650000,-424180000,3690000,70000,-3572330000,-100000,10,2,14,26
16_054,16681030000,20060470000,1265040000,5511820000,11851800000,55370160000,52,37,110,199,16662590000,19693870000,1544040000,5437920000,12031740000,55370160000,51,45,114,210,-18440000,-366600000,279000000,-73900000,179940000,0,-1,8,4,11
16_055,26743420000,14208690000,1735560000,4001360000,9668470000,56357500000,40,38,82,160,26680330000,14110580000,2072970000,3691080000,9802540000,56357500000,34,23,81,138,-63090000,-98110000,337410000,-310280000,134070000,0,-6,-15,-1,-22
16_056,11867950000,12074520000,2402460000,10996730000,1263500000,38605160000,46,41,99,186,11932860000,11760670000,2880570000,10864480000,1166580000,38605160000,52,46,100,198,64910000,-313850000,478110000,-132250000,-96920000,0,6,5,1,12
16_057,15916580000,18335670000,2896690000,3815110000,410320000,41374370000,43,34,84,161,16262000000,14490300000,3489200000,6693300000,439570000,41374370000,41,38,110,189,345420000,-3845370000,592510000,2878190000,29250000,0,-2,4,26,28
16_058,10927560000,20080530000,608740000,3598750000,4532590000,39748170000,41,51,123,215,11209730000,18255080000,1002540000,3677150000,4885330000,39029830000,37,34,104,175,282170000,-1825450000,393800000,78400000,352740000,-718340000,-4,-17,-19,-40
16_059,16390600000,2348420000,404100000,193940000,32985810000,52322870000,51,40,97,188,16138370000,2336730000,478850000,193330000,33175590000,52322870000,54,43,116,213,-252230000,-11690000,74750000,-610000,189780000,0,3,3,19,25
16_060,1577090000,4426110000,424360000,18238970000,22549850000,47216380000,43,38,108,189,2340480000,3054520000,473960000,19465670000,21881750000,47216380000,54,47,106,207,763390000,-1371590000,49600000,1226700000,-668100000,0,11,9,-2,18
16_061,13687840000,16040940000,304820000,4934320000,19303150000,54271070000,35,44,93,172,12823290000,14414890000,556260000,4682130000,21794500000,54271070000,50,37,87,174,-864550000,-1626050000,251440000,-252190000,2491350000,0,15,-7,-6,2
16_062,12997430000,10273020000,909810000,3448850000,7665280000,35294390000,36,45,108,189,10961480000,10167890000,1212650000,3553370000,9399000000,35294390000,51,42,112,205,-2035950000,-105130000,302840000,104520000,1733720000,0,15,-3,4,16
16_063,21012090000,5027780000,1191600000,118150000,14887600000,42237220000,49,45,123,217,20709620000,5080060000,1254540000,110300000,15082700000,42237220000,56,44,115,215,-302470000,52280000,62940000,-7850000,195100000,0,7,-1,-8,-2
16_064,27206890000,1438760000,322390000,37390000,17545260000,46550690000,41,46,103,190,29415400000,1505480000,346120000,38810000,15244880000,46550690000,39,27,98,164,2208510000,66720000,23730000,1420000,-2300380000,0,-2,-19,-5,-26
16_065,12833500000,21808160000,3365140000,5089310000,782600000,43878710000,47,51,122,220,13424810000,18323140000,3996450000,7501720000,632590000,43878710000,45,43,107,195,591310000,-3485020000,631310000,2412410000,-150010000,0,-2,-8,-15,-25
16_066,2698430000,12334510000,3055600000,10800340000,11472550000,40361430000,39,40,89,168,2770640000,11569500000,3727250000,10673920000,11620120000,40361430000,56,44,100,200,72210000,-765010000,671650000,-126420000,147570000,0,17,4,11,32
16_067,11649610000,19240630000,1311800000,3739920000,23494170000,59436130000,30,42,106,178,12250760000,17575360000,1767810000,804810000,27037390000,59436130000,41,47,113,201,601150000,-1665270000,456010000,-2935110000,3543220000,0,11,5,7,23
16_068,14050990000,13979080000,3210090000,5592510000,2230780000,39063450000,40,44,114,198,13999180000,14524430000,2412540000,5797630000,2128380000,38862160000,49,39,98,186,-51810000,545350000,-797550000,205120000,-102400000,-201290000,9,-5,-16,-12
16_069,19374840000,3277420000,389080000,15140000,15929740000,38986220000,36,46,107,189,18577640000,3277450000,462470000,15160000,16653500000,38986220000,43,29,83,155,-797200000,30000,73390000,20000,723760000,0,7,-17,-24,-34
16_070,16977450000,22328170000,2368720000,5512940000,9264120000,56451400000,50,37,94,181,17355570000,20340560000,2943400000,6128820000,9683050000,56451400000,53,42,95,190,378120000,-1987610000,574680000,615880000,418930000,0,3,5,1,9
16_071,2668330000,24477730000,1853990000,1500620000,24270720000,54771390000,58,55,141,254,2680990000,23726370000,2182140000,1434730000,24747160000,54771390000,57,44,97,198,12660000,-751360000,328150000,-65890000,476440000,0,-1,-11,-44,-56
16_072,16500660000,33123230000,3441130000,3166890000,1392470000,57624380000,45,41,97,183,16500030000,31514430000,3877100000,4099890000,1632930000,57624380000,47,41,95,183,-630000,-1608800000,435970000,933000000,240460000,0,2,0,-2,0
16_073,17173290000,21115110000,2462260000,5003410000,1510990000,47265060000,51,38,116,205,17551490000,17429310000,2811640000,8012990000,1459630000,47265060000,49,43,117,209,378200000,-3685800000,349380000,3009580000,-51360000,0,-2,5,1,4
16_074,11470120000,25159040000,317280000,1940440000,12078350000,50965230000,55,56,144,255,13676080000,22550730000,570020000,3893510000,10274890000,50965230000,52,44,109,205,2205960000,-2608310000,252740000,1953070000,-1803460000,0,-3,-12,-35,-50
16_075,10868090000,24722040000,1679650000,3808230000,944210000,42022220000,42,43,105,190,11621170000,22565880000,2598810000,3878350000,1397170000,42061380000,46,45,103,194,753080000,-2156160000,919160000,70120000,452960000,39160000,4,2,-2,4
16_076,6895110000,21688680000,2536330000,7360980000,12270220000,50751320000,46,42,102,190,7244610000,19895150000,2912610000,8331820000,12367130000,50751320000,52,51,120,223,349500000,-1793530000,376280000,970840000,96910000,0,6,9,18,33
16_077,14792850000,672430000,65800000,471690000,37993320000,53996090000,41,35,103,179,15093100000,673430000,69490000,472510000,37687560000,53996090000,52,42,96,190,300250000,1000000,3690000,820000,-305760000,0,11,7,-7,11
16_078,12816720000,28225220000,2203970000,4653180000,753210000,48652300000,43,44,111,198,12939490000,27874090000,2576460000,4504360000,757900000,48652300000,42,48,107,197,122770000,-351130000,372490000,-148820000,4690000,0,-1,4,-4,-1
16_079,18110020000,27910000000,3671890000,3362460000,2746190000,55800560000,42,43,94,179,18174150000,27388190000,4046930000,3265660000,2925630000,55800560000,50,43,98,191,64130000,-521810000,375040000,-96800000,179440000,0,8,0,4,12
16_080,11264770000,23252920000,1598010000,3044660000,14421910000,53582270000,51,46,114,211,11576320000,23049290000,1800720000,2306280000,14849660000,53582270000,53,32,96,181,311550000,-203630000,202710000,-738380000,427750000,0,2,-14,-18,-30
16_081,3491550000,5593840000,1505400000,18985330000,15143080000,44719200000,47,41,104,192,3444290000,5493000000,1897650000,15119760000,18764500000,44719200000,55,45,123,223,-47260000,-100840000,392250000,-3865570000,3621420000,0,8,4,19,31
16_082,23447340000,33859560000,2539450000,5094810000,5552900000,70494060000,46,45,103,194,24132740000,32879810000,2480020000,5466230000,5535260000,70494060000,51,50,134,235,685400000,-979750000,-59430000,371420000,-17640000,0,5,5,31,41
16_083,6116740000,34129130000,2697450000,12561910000,3365450000,58870680000,44,39,98,181,6212380000,33818070000,3361790000,12057290000,3421150000,58870680000,52,40,112,204,95640000,-311060000,664340000,-504620000,55700000,0,8,1,14,23
16_084,1522460000,22267710000,5506550000,10271410000,5919680000,45487810000,44,42,105,191,1529010000,20763580000,6206130000,10471710000,6517380000,45487810000,49,42,105,196,6550000,-1504130000,699580000,200300000,597700000,0,5,0,0,5
16_085,2829370000,18772050000,3990190000,14053670000,5221070000,44866350000,33,44,105,182,3001750000,16128280000,4627110000,15210460000,5898750000,44866350000,55,39,107,201,172380000,-2643770000,636920000,1156790000,677680000,0,22,-5,2,19
16_086,11328240000,22057810000,1109420000,7038360000,1088980000,42622810000,42,47,106,195,11281740000,21613460000,1646410000,6951870000,1129330000,42622810000,35,41,114,190,-46500000,-444350000,536990000,-86490000,40350000,0,-7,-6,8,-5
16_087,5862320000,19020850000,996790000,281410000,13954180000,40115550000,51,39,110,200,7291570000,17239340000,1169580000,1210600000,13204460000,40115550000,46,40,92,178,1429250000,-1781510000,172790000,929190000,-749720000,0,-5,1,-18,-22
16_088,23975560000,15281010000,1880190000,8163310000,3557960000,52858030000,46,44,99,189,23450220000,13990370000,2516830000,9167810000,3732800000,52858030000,51,48,112,211,-525340000,-1290640000,636640000,1004500000,174840000,0,5,4,13,22
16_089,5420050000,38439780000,2927180000,4494370000,2525360000,53806740000,38,48,108,194,5618500000,38042770000,2949090000,4482820000,2713560000,53806740000,51,42,106,199,198450000,-397010000,21910000,-11550000,188200000,0,13,-6,-2,5
16_090,12851800000,7160790000,1242940000,7054660000,9174050000,37484240000,40,33,103,176,13045570000,6998190000,1474690000,5613810000,10351980000,37484240000,55,45,118,218,193770000,-162600000,231750000,-1440850000,1177930000,0,15,12,15,42
16_091,9995680000,10897040000,389210000,4777580000,7033500000,33093010000,36,41,110,187,11285860000,10492030000,551560000,4640370000,6123190000,33093010000,57,49,130,236,1290180000,-405010000,162350000,-137210000,-910310000,0,21,8,20,49
16_092,13951560000,11935830000,1152940000,3208210000,12439340000,42687880000,56,45,122,223,15711640000,10835970000,1498520000,2896290000,11745460000,42687880000,52,44,113,209,1760080000,-1099860000,345580000,-311920000,-693880000,0,-4,-1,-9,-14
16_093,2401850000,20757480000,4700510000,3398490000,17055880000,48314210000,33,38,89,160,2214010000,17439270000,5402200000,6023830000,17234900000,48314210000,53,37,115,205,-187840000,-3318210000,701690000,2625340000,179020000,0,20,-1,26,45
16_094,8373790000,30299370000,368040000,9111260000,16888250000,65040710000,53,48,114,215,7034310000,29974940000,615080000,9878220000,17538160000,65040710000,44,41,104,189,-1339480000,-324430000,247040000,766960000,649910000,0,-9,-7,-10,-26
16_095,16321420000,26370110000,1808970000,1497900000,11852900000,57851300000,47,53,119,219,16463740000,26311820000,2095570000,1237660000,11742510000,57851300000,48,45,100,193,142320000,-58290000,286600000,-260240000,-110390000,0,1,-8,-19,-26
16_096,2629180000,17832220000,1703660000,2465690000,20455610000,45086360000,53,46,120,219,2836310000,17490720000,2030370000,2483990000,20244970000,45086360000,55,46,126,227,207130000,-341500000,326710000,18300000,-210640000,0,2,0,6,8
16_097,5031790000,13585590000,652390000,2388560000,35888280000,57546610000,37,45,115,197,5660560000,12961240000,993160000,1950190000,35981460000,57546610000,43,38,93,174,628770000,-624350000,340770000,-438370000,93180000,0,6,-7,-22,-23
16_098,17305780000,35292590000,2077110000,9189230000,1464780000,65329490000,20,37,85,142,17847290000,32538430000,3491920000,9103350000,2368790000,65349780000,38,45,111,194,541510000,-2754160000,1414810000,-85880000,904010000,20290000,18,8,26,52
16_099,11971950000,642510000,88890000,1028460000,40219530000,53951340000,52,45,111,208,12100120000,642410000,91800000,1028120000,40088890000,53951340000,58,46,116,220,128170000,-100000,2910000,-340000,-130640000,0,6,1,5,12
16_100,18422300000,20416870000,2104390000,3943450000,1898780000,46785790000,44,39,93,176,18891520000,18865830000,2661750000,3939300000,2458460000,46816860000,48,53,120,221,469220000,-1551040000,557360000,-4150000,559680000,31070000,4,14,27,45
16_101,10320420000,16439360000,310320000,2612640000,7649030000,37331770000,49,41,113,203,11647100000,15655130000,591950000,3430130000,6007460000,37331770000,53,42,117,212,1326680000,-784230000,281630000,817490000,-1641570000,0,4,1,4,9
16_102,6172320000,20648640000,3200380000,7713790000,4921330000,42656460000,39,44,105,188,6683910000,18388650000,4003210000,8759800000,4820900000,42656470000,48,37,91,176,511590000,-2259990000,802830000,1046010000,-100430000,10000,9,-7,-14,-12
16_103,31045730000,119920000,71440000,4480000,20132290000,51373860000,43,46,103,192,33323030000,102200000,73010000,2600000,17872980000,51373820000,57,43,123,223,2277300000,-17720000,1570000,-1880000,-2259310000,-40000,14,-3,20,31
16_104,9914140000,15214080000,629370000,4270460000,24817590000,54845640000,42,47,110,199,11654110000,14382380000,854290000,4258550000,23696310000,54845640000,44,32,102,178,1739970000,-831700000,224920000,-11910000,-1121280000,0,2,-15,-8,-21
16_105,7130600000,1867440000,140010000,5610000,29770800000,38914460000,52,42,114,208,7132580000,1865720000,152920000,5610000,29757630000,38914460000,54,39,111,204,1980000,-1720000,12910000,0,-13170000,0,2,-3,-3,-4
16_106,12392970000,8246160000,2174570000,7156530000,10144410000,40114640000,48,53,118,219,11928490000,8132020000,2385740000,5723200000,11945190000,40114640000,56,41,118,215,-464480000,-114140000,211170000,-1433330000,1800780000,0,8,-12,0,-4
16_107,14455810000,7856110000,2416550000,9972140000,7951160000,42651770000,45,35,93,173,14199140000,6840040000,2670840000,10074100000,8867650000,42651770000,40,46,116,202,-256670000,-1016070000,254290000,101960000,916490000,0,-5,11,23,29
16_108,21957690000,27617400000,1997430000,4865380000,13560760000,69998660000,51,46,116,213,22298410000,27870410000,2062420000,4578160000,13189260000,69998660000,51,39,102,192,340720000,253010000,64990000,-287220000,-371500000,0,0,-7,-14,-21
16_109,10809220000,12535130000,1058730000,15833680000,1145880000,41382640000,39,44,101,184,10982920000,12567980000,1260220000,15614970000,956550000,41382640000,36,45,109,190,173700000,32850000,201490000,-218710000,-189330000,0,-3,1,8,6
16_110,1331070000,3324640000,967640000,9914360000,18420270000,33957980000,43,43,99,185,1285630000,4822580000,1196180000,7768070000,18885520000,33957980000,53,42,113,208,-45440000,1497940000,228540000,-2146290000,465250000,0,10,-1,14,23
16_111,21410720000,17200010000,504360000,7136450000,6116230000,52367770000,42,36,88,166,20299730000,16165660000,670260000,5756930000,9643320000,52535900000,47,41,105,193,-1110990000,-1034350000,165900000,-1379520000,3527090000,168130000,5,5,17,27
16_112,22578470000,9952940000,683670000,9249830000,21653830000,64118740000,47,43,109,199,22661210000,9584630000,846750000,8858950000,22167200000,64118740000,51,39,113,203,82740000,-368310000,163080000,-390880000,513370000,0,4,-4,4,4
64_001,30196190000,58114640000,4049210000,10258260000,92736120000,195354420000,47,45,108,200,30163560000,57544970000,4718430000,8563640000,94363820000,195354420000,61,54,142,257,-32630000,-569670000,669220000,-1694620000,1627700000,0,14,9,34,57
64_002,79753870000,24717870000,3549940000,1489180000,62003680000,171514540000,53,53,115,221,80996830000,22814490000,3570610000,2184740000,61947670000,171514340000,52,45,121,218,1242960000,-1903380000,20670000,695560000,-56010000,-200000,-1,-8,6,-3
64_003,68253530000,125882870000,5238340000,17030590000,91159350000,307564680000,56,44,118,218,76968540000,115537360000,7484790000,26594020000,80979970000,307564680000,52,46,122,220,8715010000,-10345510000,2246450000,9563430000,-10179380000,0,-4,2,4,2
64_004,12299880000,18916080000,3647730000,58883670000,133970860000,227718220000,61,59,156,276,13953150000,16335420000,4706900000,54765670000,137957080000,227718220000,47,55,128,230,1653270000,-2580660000,1059170000,-4118000000,3986220000,0,-14,-4,-28,-46
64_005,67906240000,12693670000,2151280000,263960000,133173400000,216188550000,52,50,118,220,66577320000,12682960000,2377740000,261950000,134288580000,216188550000,60,48,120,228,-1328920000,-10710000,226460000,-2010000,1115180000,0,8,-2,2,8
64_006,46948630000,92147190000,7727490000,12338180000,30174610000,189336100000,52,52,128,232,47163560000,91930370000,7673610000,12352130000,30216430000,189336100000,62,47,128,237,214930000,-216820000,-53880000,13950000,41820000,0,10,-5,0,5
64_007,52137480000,56208250000,2811950000,13380040000,34874040000,159411760000,58,54,136,248,50034300000,53889740000,3390760000,11262420000,40795310000,159372530000,54,47,123,224,-2103180000,-2318510000,578810000,-2117620000,5921270000,-39230000,-4,-7,-13,-24
64_008,98370820000,21097140000,3007350000,890330000,64338620000,187704260000,60,55,144,259,102071690000,21188030000,3441920000,880020000,60122600000,187704260000,48,42,97,187,3700870000,90890000,434570000,-10310000,-4216020000,0,-12,-13,-47,-72
64_009,78271100000,63512890000,7597020000,19158440000,20504820000,189044270000,47,53,145,245,77965350000,62211590000,8951960000,18341770000,21573600000,189044270000,52,54,112,218,-305750000,-1301300000,1354940000,-816670000,1068780000,0,5,1,-33,-27
64_010,20283920000,39757650000,1806120000,8831790000,75056700000,145736180000,56,56,129,241,22204670000,37805940000,2579310000,8580070000,74566190000,145736180000,56,49,128,233,1920750000,-1951710000,773190000,-251720000,-490510000,0,0,-7,-1,-8
64_011,90187010000,1469210000,372220000,1213400000,160767100000,254008940000,57,60,139,256,95968740000,1424720000,392460000,1343370000,154879630000,254008920000,61,62,149,272,5781730000,-44490000,20240000,129970000,-5887470000,-20000,4,2,10,16
64_012,36627820000,75009890000,3852260000,13684870000,11703440000,140878280000,46,53,124,223,37421650000,69208740000,6048430000,13699640000,13137220000,139515680000,52,46,116,214,793830000,-5801150000,2196170000,14770000,1433780000,-1362600000,6,-7,-8,-9
64_013,67996610000,193855810000,6241980000,25094810000,125120500000,418309710000,52,49,125,226,65980720000,185163160000,8977690000,29195290000,128992850000,418309710000,55,53,126,234,-2015890000,-8692650000,2735710000,4100480000,3872350000,0,3,4,1,8
64_014,100075440000,11967110000,1620820000,129760000,81445830000,195238960000,49,46,121,216,114210640000,11545900000,1653300000,118070000,67710890000,195238800000,55,63,137,255,14135200000,-421210000,32480000,-11690000,-13734940000,-160000,6,17,16,39
64_015,27685040000,95923370000,7418290000,34566130000,47285190000,212878020000,51,54,126,231,28751070000,94805900000,9247470000,33566240000,46507340000,212878020000,60,49,132,241,1066030000,-1117470000,1829180000,-999890000,-777850000,0,9,-5,6,10
64_016,41360310000,88636000000,17161030000,33634090000,25401470000,206192900000,48,55,126,229,42638570000,77079600000,20398660000,39877700000,26198380000,206192910000,63,53,143,259,1278260000,-11556400000,3237630000,6243610000,796910000,10000,15,-2,17,30
64_017,52855370000,78682980000,6669600000,14330440000,17426390000,169964780000,45,41,106,192,54196210000,71731130000,8790830000,16473290000,18773320000,169964780000,48,55,143,246,1340840000,-6951850000,2121230000,2142850000,1346930000,0,3,14,37,54
64_018,59491900000,90720280000,9874180000,14791270000,6217700000,181095330000,58,48,131,237,61368850000,83663580000,12762540000,15417560000,7939630000,181152160000,56,46,113,215,1876950000,-7056700000,2888360000,626290000,1721930000,56830000,-2,-2,-18,-22
64_019,38781190000,49650620000,7930900000,16970970000,10570010000,123903690000,37,48,118,203,39264900000,49084600000,6685110000,19283650000,9122990000,123441250000,48,53,131,232,483710000,-566020000,-1245790000,2312680000,-1447020000,-462440000,11,5,13,29
64_020,70582050000,60042790000,13238720000,33918250000,21580320000,199362130000,51,44,117,212,71309690000,52287350000,15381470000,37213070000,23170550000,199362130000,48,44,127,219,727640000,-7755440000,2142750000,3294820000,1590230000,0,-3,0,10,7
64_021,45380860000,68892910000,7945840000,7328950000,45629050000,175177610000,61,55,142,258,45132270000,68323450000,9084180000,5655210000,46982500000,175177610000,57,53,123,233,-248590000,-569460000,1138340000,-1673740000,1353450000,0,-4,-2,-19,-25
64_022,108304510000,5830870000,797100000,1040900000,144493130000,260466510000,57,51,122,230,115967580000,5921170000,878110000,1027150000,136672500000,260466510000,59,55,129,243,7663070000,90300000,81010000,-13750000,-7820630000,0,2,4,7,13
64_023,37582700000,99744130000,18265950000,23033030000,27494250000,206120060000,50,48,120,218,37958670000,96868090000,20245460000,23604740000,27443100000,206120060000,54,46,115,215,375970000,-2876040000,1979510000,571710000,-51150000,0,4,-2,-5,-3
64_024,56008950000,91288970000,10661090000,14895230000,5206400000,178060640000,54,50,122,226,57571510000,80592210000,12508970000,22386930000,5001020000,178060640000,44,53,141,238,1562560000,-10696760000,1847880000,7491700000,-205380000,0,-10,3,19,12
64_025,10359710000,66614730000,14913570000,67601550000,80271830000,239761390000,50,63,142,255,11176450000,59243360000,17315760000,69353630000,82672190000,239761390000,57,51,123,231,816740000,-7371370000,2402190000,1752080000,2400360000,0,7,-12,-19,-24
64_026,46364220000,57079910000,6187720000,5878140000,93730760000,209240750000,60,53,135,248,45530540000,55580010000,6946060000,6175110000,95009030000,209240750000,54,54,126,234,-833680000,-1499900000,758340000,296970000,1278270000,0,-6,1,-9,-14
64_027,72366540000,67682930000,9041140000,49093580000,43460970000,241645160000,56,47,115,218,73279230000,66218060000,11173610000,47000850000,43973410000,241645160000,58,52,134,244,912690000,-1464870000,2132470000,-2092730000,512440000,0,2,5,19,26
64_028,62668670000,115944790000,9602520000,20434640000,13207520000,221858140000,54,51,126,231,64310780000,113304950000,9745810000,20415870000,14080730000,221858140000,54,54,123,231,1642110000,-2639840000,143290000,-18770000,873210000,0,0,3,-3,0
256_001,224359170000,86572970000,11116500000,8285710000,319994520000,650328870000,62,59,152,273,227629860000,85623790000,12630700000,8029660000,316414860000,650328870000,66,57,152,275,3270690000,-949180000,1514200000,-256050000,-3579660000,0,4,-2,0,2
256_002,361810540000,43721750000,6134000000,4195510000,431872950000,847734750000,59,69,163,291,389106510000,41598560000,6286290000,4833950000,405909310000,847734620000,53,67,153,273,27295970000,-2123190000,152290000,638440000,-25963640000,-130000,-6,-2,-10,-18
256_003,313679780000,375699680000,60291540000,141422740000,137201450000,1028295190000,63,57,145,265,316509120000,349641450000,70221790000,151203090000,140719750000,1028295200000,71,75,163,309,2829340000,-26058230000,9930250000,9780350000,3518300000,10000,8,18,18,44
256_004,42126650000,189050020000,36502190000,160473900000,297383760000,725536520000,65,65,167,297,44804660000,177304230000,42357960000,157529390000,303540280000,725536520000,60,64,152,276,2678010000,-11745790000,5855770000,-2944510000,6156520000,0,-5,-1,-15,-21
256_005,153536900000,352526530000,14410080000,54486620000,243037050000,817997180000,69,64,165,298,160615010000,332926950000,20258170000,68306130000,235890920000,817997180000,61,57,147,265,7078110000,-19599580000,5848090000,13819510000,-7146130000,0,-8,-7,-18,-33
256_006,225839980000,359510390000,31437410000,64018220000,110625840000,791431840000,62,63,157,282,228918450000,332404750000,40021790000,68533360000,120115360000,789993710000,67,62,158,287,3078470000,-27105640000,8584380000,4515140000,9489520000,-1438130000,5,-1,1,5
256_007,269984690000,438648030000,38081380000,87256250000,316912520000,1150882870000,51,61,152,264,274160590000,429170400000,39589820000,87804660000,319719060000,1150444530000,63,60,146,269,4175900000,-9477630000,1508440000,548410000,2806540000,-438340000,12,-1,-6,5
1024_001,1547170170000,1789055420000,186008970000,503170950000,1976576460000,6001981970000,89,92,236,417,1596762660000,1695128470000,218143230000,526381830000,1963679440000,6000095630000,90,93,235,418,49592490000,-93926950000,32134260000,23210880000,-12897020000,-1886340000,1,1,-1,1
