"polygon_id","Forest_t0","Agriculture_t0","Urban_t0","Grassland_t0","Other_t0","Area_Total_t0","forest_sp_t0","agriculture_sp_t0","generalist_sp_t0","Sp_Total_t0","Forest_t1","Agriculture_t1","Urban_t1","Grassland_t1","Other_t1","Area_Total_t1","forest_sp_t1","agriculture_sp_t1","generalist_sp_t1","Sp_Total_t1","delta_forest_sp","delta_agriculture_sp","delta_generalist_sp"
"1_001",147070000,292150000,454400000,20770000,1575750000,2490140000,29,22,60,111,124760000,247110000,482870000,31740000,1603660000,2490140000,24,13,61,98,-5,-9,1
"1_002",172980000,395020000,49980000,810000,1579250000,2198040000,24,23,58,105,145150000,388660000,58290000,3180000,1602760000,2198040000,17,14,51,82,-7,-9,-7
"1_003",175890000,1257450000,148490000,14550000,903620000,2.5e+09,31,28,61,120,181440000,1195730000,162710000,39290000,920830000,2.5e+09,19,13,57,89,-12,-15,-4
"1_004",619460000,781250000,9630000,45460000,1044200000,2.5e+09,29,23,52,104,477670000,685220000,10270000,72720000,1254120000,2.5e+09,20,14,57,91,-9,-9,5
"1_005",565210000,517030000,59010000,50480000,1308270000,2.5e+09,33,29,61,123,346850000,449720000,70750000,50290000,1582390000,2.5e+09,24,15,65,104,-9,-14,4
"1_006",248050000,1979790000,12970000,16870000,242320000,2.5e+09,30,21,57,108,167350000,1758200000,10530000,122360000,441560000,2.5e+09,21,17,62,100,-9,-4,5
"1_007",991010000,445190000,30880000,380000,1032540000,2.5e+09,27,22,62,111,696300000,498280000,40750000,46400000,1218270000,2.5e+09,20,13,46,79,-7,-9,-16
"1_008",597140000,1807380000,24770000,3650000,67060000,2.5e+09,30,25,62,117,200940000,1827710000,27910000,304620000,138820000,2.5e+09,20,17,62,99,-10,-8,0
"1_009",469440000,1897980000,24410000,13200000,94970000,2.5e+09,30,21,64,115,309660000,1837590000,28830000,141160000,182760000,2.5e+09,24,19,67,110,-6,-2,3
"1_010",597850000,1300620000,1.32e+08,30240000,439290000,2.5e+09,26,26,60,112,507050000,1229450000,158270000,25780000,579450000,2.5e+09,22,17,63,102,-4,-9,3
"1_011",719640000,1444340000,76290000,30640000,229090000,2.5e+09,30,24,66,120,610450000,1457110000,87300000,48260000,296880000,2.5e+09,25,16,65,106,-5,-8,-1
"1_012",1221380000,659120000,39420000,4530000,575550000,2.5e+09,26,17,56,99,690250000,557200000,47570000,8320000,1196660000,2.5e+09,18,12,49,79,-8,-5,-7
"1_013",1340190000,1046150000,9510000,1620000,102530000,2.5e+09,30,25,63,118,1195260000,1019350000,10850000,29500000,245040000,2.5e+09,19,18,52,89,-11,-7,-11
"1_014",922150000,855170000,126330000,48740000,547610000,2.5e+09,27,24,58,109,867320000,811630000,143720000,24960000,652370000,2.5e+09,18,14,52,84,-9,-10,-6
"1_015",1456990000,358370000,18800000,12750000,653090000,2.5e+09,29,22,50,101,727390000,344930000,25010000,5970000,1396700000,2.5e+09,15,12,40,67,-14,-10,-10
"1_016",148730000,854620000,22350000,46710000,1427590000,2.5e+09,29,25,73,127,122960000,800110000,38120000,52260000,1486550000,2.5e+09,22,20,63,105,-7,-5,-10
"1_017",845680000,604670000,7430000,169460000,872760000,2.5e+09,30,29,64,123,428910000,710430000,11440000,174900000,1174320000,2.5e+09,16,13,53,82,-14,-16,-11
"1_018",414280000,744400000,53980000,48390000,1238950000,2.5e+09,29,27,72,128,268670000,836450000,80530000,47660000,1266690000,2.5e+09,29,19,70,118,0,-8,-2
"1_019",439840000,1858190000,16840000,41220000,143910000,2.5e+09,31,21,61,113,247410000,1806490000,18310000,165970000,261820000,2.5e+09,23,17,62,102,-8,-4,1
"1_020",466820000,1356390000,6910000,118840000,551040000,2.5e+09,35,27,66,128,380690000,1471040000,13210000,100790000,534270000,2.5e+09,22,14,65,101,-13,-13,-1
"1_021",380550000,2010980000,15190000,14730000,78550000,2.5e+09,29,22,58,109,168510000,1698900000,17780000,476480000,138330000,2.5e+09,19,16,55,90,-10,-6,-3
"1_022",122230000,1766120000,43360000,322040000,246250000,2.5e+09,35,31,74,140,123410000,1844420000,55760000,274740000,201670000,2.5e+09,31,20,73,124,-4,-11,-1
"1_023",786170000,983310000,22820000,35130000,672570000,2.5e+09,31,22,63,116,367440000,968540000,27860000,57290000,1078870000,2.5e+09,20,15,56,91,-11,-7,-7
"1_024",484080000,1091590000,3430000,187140000,733760000,2.5e+09,35,33,76,144,267670000,1074310000,8220000,328670000,821130000,2.5e+09,23,16,67,106,-12,-17,-9
"1_025",50250000,783370000,69970000,15240000,1581170000,2.5e+09,39,28,87,154,39860000,768310000,119400000,15700000,1556730000,2.5e+09,33,25,88,146,-6,-3,1
"1_026",15130000,55280000,53640000,15490000,1599790000,1739330000,34,28,66,128,15690000,31970000,80750000,5970000,1604950000,1739330000,27,14,61,102,-7,-14,-5
"1_027",688730000,741300000,12970000,62060000,994940000,2.5e+09,33,31,66,130,572660000,767310000,23970000,88810000,1047250000,2.5e+09,21,16,67,104,-12,-15,1
"1_028",505860000,1099070000,5040000,303590000,586440000,2.5e+09,25,20,37,82,902670000,960240000,17260000,17980000,601850000,2.5e+09,12,11,39,62,-13,-9,2
"1_029",283010000,1637100000,8120000,293570000,278200000,2.5e+09,31,26,57,114,306960000,1560060000,13940000,284610000,334430000,2.5e+09,22,15,60,97,-9,-11,3
"1_030",64010000,904160000,21160000,1030490000,480180000,2.5e+09,34,28,72,134,83550000,927110000,34210000,969640000,485490000,2.5e+09,26,20,66,112,-8,-8,-6
"1_031",133870000,1985160000,18900000,139840000,222230000,2.5e+09,35,29,71,135,106360000,1936770000,33960000,207110000,215800000,2.5e+09,31,20,76,127,-4,-9,5
"1_032",96380000,1353660000,11820000,269900000,768240000,2.5e+09,31,32,74,137,105550000,1452780000,24520000,464250000,452900000,2.5e+09,28,19,74,121,-3,-13,0
"1_033",219170000,163890000,4230000,75200000,1807420000,2269910000,21,17,31,69,221930000,150110000,7170000,6100000,1884600000,2269910000,12,6,33,51,-9,-11,2
"1_034",462900000,289980000,242170000,16530000,1373140000,2384720000,23,18,49,90,378310000,291380000,266270000,9250000,1439510000,2384720000,21,13,51,85,-2,-5,2
"1_035",594330000,1031150000,140410000,67260000,666850000,2.5e+09,26,18,39,83,393800000,1022140000,190390000,11680000,881990000,2.5e+09,18,10,44,72,-8,-8,5
"1_036",1017820000,635340000,36020000,50430000,760390000,2.5e+09,23,22,47,92,717870000,615100000,41010000,10140000,1115880000,2.5e+09,15,10,38,63,-8,-12,-9
"1_037",748630000,529020000,125440000,161250000,935660000,2.5e+09,28,21,56,105,790910000,449450000,187420000,14520000,1057700000,2.5e+09,19,16,54,89,-9,-5,-2
"1_038",616790000,665380000,102820000,6.4e+07,1051010000,2.5e+09,28,23,57,108,395660000,676390000,137760000,9750000,1280440000,2.5e+09,15,12,46,73,-13,-11,-11
"1_039",602590000,694890000,23310000,546930000,632280000,2.5e+09,30,27,56,113,939720000,490910000,44930000,28870000,995570000,2.5e+09,15,15,55,85,-15,-12,-1
"1_040",445530000,474580000,14300000,334390000,1231200000,2.5e+09,31,28,66,125,368620000,461670000,23690000,84030000,1561990000,2.5e+09,17,12,49,78,-14,-16,-17
"1_041",771040000,1126010000,17880000,78380000,506690000,2.5e+09,27,23,48,98,880200000,904580000,32810000,15950000,666460000,2.5e+09,16,14,48,78,-11,-9,0
"1_042",993420000,751790000,49430000,123650000,581710000,2.5e+09,29,24,50,103,1020590000,641400000,104260000,20620000,713130000,2.5e+09,21,14,58,93,-8,-10,8
"1_043",632550000,1133560000,15680000,142520000,575690000,2.5e+09,27,19,42,88,959760000,1026110000,34220000,25420000,454490000,2.5e+09,15,15,43,73,-12,-4,1
"1_044",481470000,784390000,32950000,146930000,1054260000,2.5e+09,26,24,53,103,330930000,781840000,37160000,28190000,1321880000,2.5e+09,19,12,53,84,-7,-12,0
"1_045",5.1e+08,769190000,18960000,300740000,901110000,2.5e+09,35,32,75,142,426730000,772570000,23930000,208170000,1068600000,2.5e+09,20,15,53,88,-15,-17,-22
"1_046",367300000,1209360000,15220000,114990000,793130000,2.5e+09,27,23,48,98,231880000,1226180000,21870000,34830000,985240000,2.5e+09,17,14,52,83,-10,-9,4
"1_047",401060000,9.86e+08,20730000,1.1e+08,982210000,2.5e+09,30,22,51,103,300270000,1008810000,24740000,16590000,1149590000,2.5e+09,17,14,49,80,-13,-8,-2
"1_048",240340000,1373610000,10080000,193720000,682250000,2.5e+09,32,26,70,128,136740000,1328340000,16320000,81200000,937400000,2.5e+09,22,15,62,99,-10,-11,-8
"1_049",117380000,1164760000,8360000,219730000,989770000,2.5e+09,36,30,79,145,97310000,1087810000,11430000,191340000,1112110000,2.5e+09,20,16,65,101,-16,-14,-14
"1_050",398500000,721480000,5170000,518640000,856210000,2.5e+09,32,28,62,122,658310000,631120000,18430000,38520000,1153620000,2.5e+09,23,14,62,99,-9,-14,0
"1_051",363420000,1231180000,19020000,141690000,744690000,2.5e+09,35,31,65,131,289820000,1128300000,32400000,58280000,991200000,2.5e+09,21,13,53,87,-14,-18,-12
"1_052",286230000,1301070000,12350000,122270000,778080000,2.5e+09,31,30,69,130,278760000,1309910000,14390000,53810000,843130000,2.5e+09,18,12,56,86,-13,-18,-13
"1_053",443140000,1173540000,7760000,81640000,793920000,2.5e+09,30,26,47,103,936380000,973730000,14660000,6470000,568760000,2.5e+09,15,12,44,71,-15,-14,-3
"1_054",932070000,543190000,27280000,174790000,822670000,2.5e+09,31,29,62,122,932320000,351770000,40870000,172930000,1002110000,2.5e+09,17,13,53,83,-14,-16,-9
"1_055",858840000,549600000,10720000,330700000,750140000,2.5e+09,25,21,42,88,962640000,422910000,17520000,50010000,1046920000,2.5e+09,12,7,41,60,-13,-14,-1
"1_056",606810000,682430000,2430000,213720000,994610000,2.5e+09,32,34,77,143,593010000,669810000,8110000,273350000,955720000,2.5e+09,24,18,71,113,-8,-16,-6
"1_057",303540000,1296320000,4920000,258270000,636950000,2.5e+09,31,31,68,130,86650000,1243240000,9950000,464260000,695900000,2.5e+09,24,19,68,111,-7,-12,0
"1_058",220280000,1427780000,5510000,536900000,309530000,2.5e+09,36,36,84,156,138430000,1375380000,11360000,691490000,283340000,2.5e+09,21,18,62,101,-15,-18,-22
"1_059",666910000,1084110000,1400000,84710000,662870000,2.5e+09,31,32,64,127,324290000,883140000,7590000,252620000,1032360000,2.5e+09,22,15,66,103,-9,-17,2
"1_060",582370000,136120000,3930000,562130000,1215450000,2.5e+09,23,28,55,106,663010000,186100000,4540000,337870000,1308480000,2.5e+09,14,13,54,81,-9,-15,-1
"1_061",1120680000,441330000,16380000,241070000,680540000,2.5e+09,28,28,61,117,887670000,241270000,21550000,295890000,1053620000,2.5e+09,19,15,54,88,-9,-13,-7
"1_062",5310000,35110000,2610000,69960000,1727050000,1840040000,34,19,50,103,9570000,28480000,3e+06,78790000,1720200000,1840040000,10,18,34,62,-24,-1,-16
"1_063",58030000,57560000,3030000,235730000,1982800000,2337150000,35,16,49,100,88650000,24020000,2800000,257130000,1964550000,2337150000,8,13,32,53,-27,-3,-17
"1_064",37110000,112050000,7280000,518800000,1824760000,2.5e+09,39,19,53,111,40170000,64350000,8810000,545610000,1841060000,2.5e+09,10,14,37,61,-29,-5,-16
"1_065",27670000,84540000,2040000,194440000,2191310000,2.5e+09,26,17,38,81,32590000,143050000,3040000,109030000,2212290000,2.5e+09,9,16,40,65,-17,-1,2
"1_066",119890000,190870000,8900000,946780000,1233560000,2.5e+09,25,14,33,72,168700000,319410000,11830000,836180000,1163880000,2.5e+09,7,17,41,65,-18,3,8
"1_067",32620000,163980000,13840000,594360000,1695200000,2.5e+09,34,18,50,102,85680000,250090000,16430000,477660000,1670140000,2.5e+09,10,12,38,60,-24,-6,-12
"1_068",23120000,113910000,1970000,68970000,2285240000,2493210000,33,16,44,93,27190000,115700000,2390000,23680000,2324250000,2493210000,11,19,41,71,-22,3,-3
"1_069",112360000,353130000,9530000,548640000,1476340000,2.5e+09,34,17,47,98,125210000,176200000,11700000,698600000,1488290000,2.5e+09,6,21,44,71,-28,4,-3
"1_070",36010000,117270000,4400000,164190000,2113940000,2435810000,35,19,58,112,59540000,148750000,7580000,97180000,2122760000,2435810000,11,13,34,58,-24,-6,-24
"1_071",70190000,171530000,16580000,497740000,1743960000,2.5e+09,35,18,47,100,83130000,213150000,20830000,458070000,1724820000,2.5e+09,9,15,44,68,-26,-3,-3
"1_072",173250000,328050000,26870000,847960000,1123870000,2.5e+09,32,19,47,98,249280000,174700000,42650000,946390000,1086980000,2.5e+09,6,12,39,57,-26,-7,-8
"1_073",184890000,326790000,16720000,1151030000,820570000,2.5e+09,33,20,50,103,186730000,371930000,30640000,1065320000,845380000,2.5e+09,6,18,47,71,-27,-2,-3
"1_074",10730000,71200000,8280000,96140000,2151720000,2338070000,36,20,58,114,11450000,79630000,11290000,77760000,2157940000,2338070000,11,21,48,80,-25,1,-10
"1_075",185500000,543890000,23630000,1571560000,175420000,2.5e+09,32,17,44,93,185020000,222810000,29250000,1902980000,159940000,2.5e+09,5,12,34,51,-27,-5,-10
"1_076",35240000,442590000,82760000,862160000,1077250000,2.5e+09,23,15,39,77,33070000,204340000,93150000,1099260000,1070180000,2.5e+09,7,10,42,59,-16,-5,3
"1_077",86140000,3.86e+08,17830000,713850000,1275780000,2479600000,31,17,43,91,96250000,261300000,24860000,832230000,1264960000,2479600000,9,13,42,64,-22,-4,-1
"1_078",39890000,143120000,70100000,1981400000,265490000,2.5e+09,32,18,36,86,111540000,91740000,74050000,2004100000,218570000,2.5e+09,5,14,42,61,-27,-4,6
"1_079",134840000,317640000,20500000,1632530000,394490000,2.5e+09,31,16,35,82,194690000,186900000,20960000,1751400000,346050000,2.5e+09,6,16,39,61,-25,0,4
"1_080",121150000,308250000,18760000,1766180000,285660000,2.5e+09,30,17,39,86,225980000,165120000,22430000,1852520000,233950000,2.5e+09,4,10,39,53,-26,-7,0
"1_081",28230000,101980000,30650000,1788660000,550480000,2.5e+09,31,19,46,96,66160000,70720000,33350000,1826770000,5.03e+08,2.5e+09,6,16,43,65,-25,-3,-3
"1_082",106350000,117800000,21480000,2062810000,191560000,2.5e+09,29,16,39,84,93020000,103460000,38200000,2055300000,210020000,2.5e+09,5,10,39,54,-24,-6,0
"1_083",33710000,159810000,90490000,2009740000,206250000,2.5e+09,36,19,45,100,39980000,175990000,129700000,1931310000,223020000,2.5e+09,6,16,43,65,-30,-3,-2
"1_084",41040000,161160000,59130000,453950000,1734450000,2449730000,34,20,54,108,66270000,129390000,70730000,481710000,1701630000,2449730000,11,19,47,77,-23,-1,-7
"1_085",64280000,106160000,24680000,628460000,1676420000,2.5e+09,34,20,52,106,57760000,83090000,35880000,618560000,1704710000,2.5e+09,9,14,38,61,-25,-6,-14
"1_086",365890000,1479860000,10260000,96060000,547930000,2.5e+09,32,31,75,138,427510000,1482570000,22830000,64480000,502610000,2.5e+09,29,16,79,124,-3,-15,4
"1_087",239430000,421440000,58090000,957900000,823140000,2.5e+09,32,20,56,108,331760000,278140000,73720000,1108090000,708290000,2.5e+09,11,19,49,79,-21,-1,-7
"1_088",70130000,664930000,31140000,8.93e+08,840800000,2.5e+09,32,18,50,100,94130000,438020000,47510000,1095650000,824690000,2.5e+09,8,12,39,59,-24,-6,-11
"1_089",53260000,288930000,36700000,1678860000,442250000,2.5e+09,30,17,45,92,117750000,243400000,40320000,1722590000,375940000,2.5e+09,6,14,37,57,-24,-3,-8
"1_090",25630000,615480000,380160000,943780000,534950000,2.5e+09,32,18,55,105,32940000,533740000,444530000,943570000,545220000,2.5e+09,14,14,46,74,-18,-4,-9
"1_091",131530000,2240000,540000,246510000,2119180000,2.5e+09,32,24,54,110,147650000,0,2210000,279380000,2070760000,2.5e+09,12,20,43,75,-20,-4,-11
"1_092",279420000,1510530000,24200000,316700000,369150000,2.5e+09,36,38,77,151,577890000,1255140000,34650000,355410000,276910000,2.5e+09,30,21,73,124,-6,-17,-4
"1_093",177720000,1765650000,6100000,275440000,275090000,2.5e+09,29,24,59,112,159010000,1779690000,9710000,2.83e+08,268590000,2.5e+09,19,13,62,94,-10,-11,3
"1_094",350550000,1022860000,5640000,4.81e+08,639950000,2.5e+09,33,29,70,132,308990000,990360000,13390000,500240000,687020000,2.5e+09,28,21,74,123,-5,-8,4
"1_095",48390000,1637350000,19100000,575030000,220130000,2.5e+09,33,31,77,141,49430000,1677780000,40800000,525660000,206330000,2.5e+09,30,20,73,123,-3,-11,-4
"1_096",314940000,1306160000,11060000,181790000,686050000,2.5e+09,35,35,79,149,347420000,1258790000,26480000,263550000,603760000,2.5e+09,34,22,84,140,-1,-13,5
"1_097",305690000,1269610000,10680000,44370000,869650000,2.5e+09,28,32,65,125,386470000,1199360000,29100000,83130000,801940000,2.5e+09,25,16,70,111,-3,-16,5
"1_098",104330000,64350000,75100000,6800000,1823710000,2074290000,26,21,49,96,132320000,42870000,117060000,39200000,1742840000,2074290000,21,9,52,82,-5,-12,3
"1_099",114180000,1325100000,101850000,71710000,887160000,2.5e+09,32,31,74,137,117970000,1122780000,149450000,65290000,1044510000,2.5e+09,31,22,81,134,-1,-9,7
"1_100",20010000,2390150000,19860000,20380000,49600000,2.5e+09,35,27,59,121,14980000,2381280000,28180000,38270000,37290000,2.5e+09,16,14,54,84,-19,-13,-5
"1_101",98340000,1959360000,22360000,141770000,278170000,2.5e+09,32,29,70,131,79960000,1949090000,4.5e+07,85190000,340760000,2.5e+09,25,19,68,112,-7,-10,-2
"1_102",484810000,1199410000,11930000,25590000,778260000,2.5e+09,25,24,52,101,597340000,1217810000,20650000,54580000,609620000,2.5e+09,17,11,59,87,-8,-13,7
"1_103",461670000,762440000,2350000,248340000,1025200000,2.5e+09,30,26,64,120,495730000,836660000,7380000,314860000,845370000,2.5e+09,23,18,68,109,-7,-8,4
"1_104",316930000,922020000,6240000,479020000,775790000,2.5e+09,32,28,73,133,391010000,1080370000,10690000,416740000,601190000,2.5e+09,23,15,61,99,-9,-13,-12
"1_105",182410000,1916400000,42340000,82270000,276580000,2.5e+09,34,33,67,134,270240000,1802550000,59350000,180440000,187420000,2.5e+09,28,23,73,124,-6,-10,6
"1_106",225940000,778480000,24650000,14640000,1456290000,2.5e+09,34,27,68,129,218760000,663520000,44120000,43240000,1530360000,2.5e+09,25,17,68,110,-9,-10,0
"1_107",136790000,750710000,8090000,3450000,1600960000,2.5e+09,31,29,61,121,162640000,583640000,19030000,100140000,1634550000,2.5e+09,25,16,62,103,-6,-13,1
"1_108",243730000,1931720000,24280000,32910000,267360000,2.5e+09,30,24,48,102,206750000,1913800000,44800000,100800000,233850000,2.5e+09,19,15,54,88,-11,-9,6
"1_109",177050000,1994850000,80140000,31270000,216690000,2.5e+09,30,24,68,122,144930000,1989240000,126550000,64400000,174880000,2.5e+09,25,17,68,110,-5,-7,0
"1_110",244300000,1492620000,6280000,13100000,743700000,2.5e+09,33,28,64,125,204330000,1515170000,10260000,303550000,466690000,2.5e+09,21,17,62,100,-12,-11,-2
"1_111",486270000,918480000,7740000,4290000,1083220000,2.5e+09,32,30,57,119,446810000,900080000,24050000,249420000,879640000,2.5e+09,21,12,57,90,-11,-18,0
"1_112",115310000,1762410000,11470000,75820000,534990000,2.5e+09,32,28,61,121,2.46e+08,1700290000,19960000,147990000,385760000,2.5e+09,18,18,59,95,-14,-10,-2
"1_113",16930000,2052630000,34230000,17090000,379120000,2.5e+09,30,27,63,120,74790000,1985290000,56490000,93270000,290160000,2.5e+09,27,19,69,115,-3,-8,6
"1_114",58830000,457090000,35410000,0,1948670000,2.5e+09,36,27,69,132,95100000,428510000,59720000,139280000,1777390000,2.5e+09,22,19,63,104,-14,-8,-6
"1_115",498960000,1372050000,6470000,3080000,619440000,2.5e+09,32,28,61,121,479700000,1153680000,13330000,347260000,506030000,2.5e+09,24,12,58,94,-8,-16,-3
"1_116",580420000,709350000,3910000,2640000,1203680000,2.5e+09,28,24,50,102,6.43e+08,684390000,5900000,225160000,941550000,2.5e+09,17,8,54,79,-11,-16,4
"1_117",333500000,1458870000,3310000,12960000,691360000,2.5e+09,24,23,52,99,366020000,1394490000,5110000,253870000,480510000,2.5e+09,16,9,47,72,-8,-14,-5
"1_118",310490000,1387510000,5520000,119670000,676810000,2.5e+09,33,27,53,113,587690000,1228040000,10820000,315010000,358440000,2.5e+09,21,13,61,95,-12,-14,8
"1_119",729220000,196780000,23150000,484020000,1066830000,2.5e+09,27,32,57,116,798820000,199300000,33920000,320520000,1147440000,2.5e+09,15,12,50,77,-12,-20,-7
"1_120",73210000,1241440000,98990000,3340000,1083020000,2.5e+09,35,26,67,128,125380000,1131410000,156770000,189490000,896950000,2.5e+09,27,18,73,118,-8,-8,6
"1_121",307800000,1374150000,23120000,0,794930000,2.5e+09,25,23,54,102,424860000,1273470000,33810000,507930000,259930000,2.5e+09,24,13,60,97,-1,-10,6
"1_122",135390000,1658220000,155370000,41480000,509540000,2.5e+09,36,32,79,147,169180000,1389290000,219390000,516570000,205570000,2.5e+09,30,22,76,128,-6,-10,-3
"1_123",527380000,1449160000,5210000,12700000,505550000,2.5e+09,30,22,57,109,732110000,1314550000,11180000,134040000,308120000,2.5e+09,18,10,52,80,-12,-12,-5
"1_124",538780000,1018480000,19950000,0,922790000,2.5e+09,29,23,63,115,475490000,881890000,32260000,269110000,841250000,2.5e+09,20,12,57,89,-9,-11,-6
"1_125",465950000,762500000,8840000,6790000,1255920000,2.5e+09,29,23,56,108,637290000,661610000,16600000,320530000,863970000,2.5e+09,22,14,64,100,-7,-9,8
"1_126",772010000,471320000,2940000,98510000,1155220000,2.5e+09,31,23,52,106,1009100000,289830000,3670000,618530000,578870000,2.5e+09,18,15,58,91,-13,-8,6
"1_127",739550000,581680000,1110000,30220000,1147440000,2.5e+09,31,27,67,125,1031050000,465970000,4690000,273160000,725130000,2.5e+09,19,16,59,94,-12,-11,-8
"1_128",209990000,901850000,115750000,33840000,1238570000,2.5e+09,30,26,60,116,404490000,583170000,170520000,503700000,838120000,2.5e+09,24,14,70,108,-6,-12,10
"1_129",56430000,987090000,240870000,7e+05,1214910000,2.5e+09,32,30,81,143,64350000,830940000,324200000,114450000,1166060000,2.5e+09,29,24,81,134,-3,-6,0
"1_130",46080000,1244970000,83640000,1150000,1124160000,2.5e+09,34,27,72,133,80850000,1113790000,143980000,181250000,980130000,2.5e+09,26,16,69,111,-8,-11,-3
"1_131",457390000,956260000,64640000,650000,1021060000,2.5e+09,35,30,77,142,536490000,688490000,104810000,309140000,861070000,2.5e+09,25,18,68,111,-10,-12,-9
"1_132",378300000,508300000,4670000,656220000,952510000,2.5e+09,32,36,78,146,463330000,428390000,18300000,717750000,872230000,2.5e+09,23,17,66,106,-9,-19,-12
"1_133",201010000,1774140000,45880000,411030000,67940000,2.5e+09,39,36,80,155,103080000,1743410000,74820000,485700000,92990000,2.5e+09,26,21,68,115,-13,-15,-12
"1_134",626350000,1255410000,39620000,132860000,445760000,2.5e+09,37,35,73,145,579300000,880160000,94440000,378750000,567350000,2.5e+09,24,18,71,113,-13,-17,-2
"1_135",363600000,386730000,2460000,536460000,1210750000,2.5e+09,35,34,76,145,449190000,340460000,15920000,318750000,1375680000,2.5e+09,25,17,65,107,-10,-17,-11
"1_136",568290000,406610000,42240000,5.64e+08,918860000,2.5e+09,37,34,75,146,915490000,273480000,61770000,531530000,717730000,2.5e+09,23,15,64,102,-14,-19,-11
"1_137",143580000,2241420000,12120000,60380000,42500000,2.5e+09,34,30,69,133,159370000,2185960000,28820000,61870000,63980000,2.5e+09,26,18,65,109,-8,-12,-4
"1_138",147220000,1940430000,6010000,142490000,263850000,2.5e+09,36,28,73,137,142120000,1847340000,25440000,247590000,237510000,2.5e+09,24,19,68,111,-12,-9,-5
"1_139",770250000,1411350000,14550000,56760000,247090000,2.5e+09,35,26,62,123,977820000,1298490000,47690000,69670000,106330000,2.5e+09,25,19,67,111,-10,-7,5
"1_140",383340000,1412210000,29560000,371230000,303660000,2.5e+09,38,29,76,143,434690000,1393530000,62050000,415730000,1.94e+08,2.5e+09,27,18,71,116,-11,-11,-5
"1_141",46580000,2372500000,6310000,50410000,24200000,2.5e+09,34,28,57,119,55150000,2375850000,17830000,26020000,25150000,2.5e+09,21,17,61,99,-13,-11,4
"1_142",103080000,2300680000,14140000,2.5e+07,57100000,2.5e+09,32,29,68,129,133050000,2230510000,41790000,30940000,63710000,2.5e+09,20,16,67,103,-12,-13,-1
"1_143",119490000,2226540000,18080000,18330000,117560000,2.5e+09,36,30,71,137,143210000,2192690000,41730000,30480000,91890000,2.5e+09,18,21,70,109,-18,-9,-1
"1_144",256750000,1871490000,59540000,50550000,261670000,2.5e+09,34,28,72,134,383530000,1736940000,112600000,89790000,177140000,2.5e+09,24,18,66,108,-10,-10,-6
"1_145",1131830000,125560000,1570000,223300000,1017740000,2.5e+09,30,33,62,125,839510000,96120000,4320000,200740000,1359310000,2.5e+09,18,13,60,91,-12,-20,-2
"1_146",849210000,1068750000,5420000,143310000,433310000,2.5e+09,36,35,70,141,956870000,975960000,14180000,205340000,347650000,2.5e+09,22,18,68,108,-14,-17,-2
"1_147",982080000,73350000,3720000,323650000,1117200000,2.5e+09,31,34,66,131,820760000,115610000,3220000,437800000,1122610000,2.5e+09,21,14,56,91,-10,-20,-10
"1_148",585080000,1475130000,6070000,122600000,311120000,2.5e+09,36,34,75,145,696900000,1343060000,14700000,206460000,238880000,2.5e+09,21,17,72,110,-15,-17,-3
"1_149",294280000,141930000,7420000,222250000,1573920000,2239800000,28,23,49,100,280640000,283700000,16870000,67010000,1591580000,2239800000,14,9,57,80,-14,-14,8
"1_150",55750000,47410000,5760000,91550000,1479660000,1680130000,28,28,55,111,58320000,47850000,13300000,70660000,1.49e+09,1680130000,18,11,57,86,-10,-17,2
"1_151",206050000,970110000,535360000,382790000,405690000,2.5e+09,36,33,78,147,437510000,776500000,655860000,324240000,305890000,2.5e+09,28,23,75,126,-8,-10,-3
"1_152",410630000,1336870000,4780000,244120000,503600000,2.5e+09,34,30,65,129,622660000,1291730000,14930000,356120000,214560000,2.5e+09,24,19,67,110,-10,-11,2
"1_153",507360000,279410000,83600000,801490000,828140000,2.5e+09,36,36,78,150,868580000,287810000,110100000,710050000,523460000,2.5e+09,27,20,71,118,-9,-16,-7
"1_154",572850000,865400000,5750000,214080000,841920000,2.5e+09,32,30,70,132,703900000,725510000,7590000,464510000,598490000,2.5e+09,22,17,65,104,-10,-13,-5
"1_155",345510000,1177800000,29480000,110930000,836280000,2.5e+09,38,35,73,146,501120000,1002970000,48320000,318990000,628600000,2.5e+09,26,20,70,116,-12,-15,-3
"1_156",126200000,2127250000,29480000,10780000,206290000,2.5e+09,34,30,69,133,150420000,2086200000,55060000,122130000,86190000,2.5e+09,22,18,63,103,-12,-12,-6
"1_157",215360000,2062410000,9710000,28430000,184090000,2.5e+09,33,33,65,131,303870000,1960750000,26090000,38830000,170460000,2.5e+09,25,18,63,106,-8,-15,-2
"1_158",1226790000,681080000,7620000,129950000,454560000,2.5e+09,32,32,79,143,1168880000,554840000,11140000,196370000,568770000,2.5e+09,22,20,68,110,-10,-12,-11
"1_159",824830000,1161830000,1660000,1.01e+08,410680000,2.5e+09,36,34,75,145,1049210000,999090000,11860000,101510000,338330000,2.5e+09,20,15,60,95,-16,-19,-15
"1_160",713600000,232730000,25710000,510050000,1017910000,2.5e+09,33,29,66,128,709120000,229390000,36320000,639190000,885980000,2.5e+09,22,17,68,107,-11,-12,2
"1_161",484210000,1076310000,2770000,180650000,756060000,2.5e+09,35,30,73,138,593520000,1011830000,6450000,405280000,482920000,2.5e+09,23,15,67,105,-12,-15,-6
"1_162",925920000,477670000,19720000,432560000,644130000,2.5e+09,31,33,64,128,1027430000,489380000,44520000,431330000,507340000,2.5e+09,21,18,67,106,-10,-15,3
"1_163",527230000,1293730000,3050000,28310000,647680000,2.5e+09,36,33,75,144,686820000,1247940000,7900000,109560000,447780000,2.5e+09,23,15,66,104,-13,-18,-9
"1_164",12350000,94040000,30170000,4490000,1856950000,1.998e+09,34,24,51,109,15250000,89270000,34640000,4660000,1854180000,1.998e+09,14,15,49,78,-20,-9,-2
"1_165",150350000,519740000,133190000,54420000,1637230000,2494930000,36,27,70,133,174950000,495480000,153630000,63890000,1606980000,2494930000,18,19,67,104,-18,-8,-3
"1_166",404410000,1610740000,12300000,34180000,438370000,2.5e+09,34,27,64,125,536750000,1318270000,16620000,201940000,426420000,2.5e+09,24,18,71,113,-10,-9,7
"1_167",1179840000,563530000,540000,65900000,690190000,2.5e+09,33,28,65,126,1394690000,463320000,3330000,364200000,274460000,2.5e+09,18,13,58,89,-15,-15,-7
"1_168",405160000,1218250000,1940000,281740000,592910000,2.5e+09,30,27,63,120,527850000,1092820000,4710000,486960000,387660000,2.5e+09,21,17,63,101,-9,-10,0
"1_169",690450000,1197540000,7400000,166730000,437880000,2.5e+09,32,30,64,126,868980000,894100000,8420000,408060000,320440000,2.5e+09,19,16,68,103,-13,-14,4
"1_170",1091690000,611850000,1460000,182660000,612340000,2.5e+09,31,24,54,109,1156540000,439770000,2490000,423140000,478060000,2.5e+09,18,12,53,83,-13,-12,-1
"1_171",1170060000,519070000,12370000,109750000,688750000,2.5e+09,33,32,81,146,1122100000,428440000,30750000,298040000,620670000,2.5e+09,23,16,68,107,-10,-16,-13
"1_172",1165950000,632560000,6740000,138080000,556670000,2.5e+09,35,32,73,140,1368200000,537980000,15610000,213960000,364250000,2.5e+09,20,18,64,102,-15,-14,-9
"1_173",383700000,1356340000,21380000,67730000,670850000,2.5e+09,39,37,86,162,394660000,1167240000,39190000,142700000,756210000,2.5e+09,25,19,69,113,-14,-18,-17
"1_174",373670000,1367310000,920000,106260000,651840000,2.5e+09,34,30,68,132,483180000,1254650000,5540000,270420000,486210000,2.5e+09,21,19,65,105,-13,-11,-3
"1_175",1174710000,66370000,88680000,489280000,680960000,2.5e+09,30,32,66,128,1521090000,202060000,139530000,305950000,331370000,2.5e+09,22,17,67,106,-8,-15,1
"1_176",631160000,1491310000,44320000,20730000,312480000,2.5e+09,37,35,82,154,703080000,1359370000,91110000,52190000,294250000,2.5e+09,29,21,81,131,-8,-14,-1
"1_177",1275870000,27680000,61990000,577690000,556770000,2.5e+09,35,33,70,138,1461240000,61680000,98480000,553440000,325160000,2.5e+09,22,16,64,102,-13,-17,-6
"1_178",693310000,1299470000,16240000,135240000,355740000,2.5e+09,37,40,83,160,785680000,1205050000,33270000,141460000,334540000,2.5e+09,26,20,70,116,-11,-20,-13
"1_179",43680000,639190000,106510000,328830000,1381790000,2.5e+09,41,26,69,136,45480000,611760000,132320000,323010000,1387430000,2.5e+09,22,22,67,111,-19,-4,-2
"1_180",2.37e+08,1144870000,150290000,240240000,727600000,2.5e+09,39,27,80,146,297240000,1115780000,176730000,237570000,672680000,2.5e+09,21,21,68,110,-18,-6,-12
"1_181",4690000,88740000,40670000,12080000,1969870000,2116050000,34,23,61,118,6830000,83910000,43910000,11300000,1970100000,2116050000,20,18,57,95,-14,-5,-4
"1_182",263480000,1636930000,105190000,391910000,102490000,2.5e+09,39,28,70,137,283020000,1612810000,129110000,381580000,93480000,2.5e+09,18,17,58,93,-21,-11,-12
"1_183",40760000,926270000,195100000,536320000,801550000,2.5e+09,38,29,71,138,48540000,905470000,227950000,500810000,817230000,2.5e+09,29,27,72,128,-9,-2,1
"1_184",487610000,954170000,8890000,158290000,891040000,2.5e+09,28,24,53,105,645630000,832900000,19860000,224560000,777050000,2.5e+09,18,12,57,87,-10,-12,4
"1_185",179570000,1788640000,7480000,3270000,521040000,2.5e+09,36,27,64,127,260690000,1646900000,11310000,14030000,567070000,2.5e+09,23,16,66,105,-13,-11,2
"1_186",131700000,1965880000,24820000,1710000,375890000,2.5e+09,39,33,81,153,171150000,1840960000,49430000,36150000,402310000,2.5e+09,27,23,82,132,-12,-10,1
"1_187",196100000,1695170000,17150000,42350000,549230000,2.5e+09,37,30,74,141,222340000,1590760000,33010000,83740000,570150000,2.5e+09,26,21,73,120,-11,-9,-1
"1_188",499460000,1443880000,5860000,2480000,548320000,2.5e+09,36,33,77,146,639090000,1333590000,11990000,31630000,483700000,2.5e+09,26,19,79,124,-10,-14,2
"1_189",1164500000,229800000,12190000,713960000,379550000,2.5e+09,37,34,80,151,1273600000,181390000,20680000,877910000,146420000,2.5e+09,20,13,61,94,-17,-21,-19
"1_190",625470000,1248390000,48850000,15770000,561520000,2.5e+09,38,40,78,156,759080000,1106920000,78730000,33650000,521620000,2.5e+09,27,21,79,127,-11,-19,1
"1_191",1044700000,457090000,24360000,808400000,165450000,2.5e+09,34,37,71,142,1066360000,449310000,31930000,814450000,137950000,2.5e+09,19,15,62,96,-15,-22,-9
"1_192",1237830000,364860000,2440000,153880000,740990000,2.5e+09,34,36,69,139,1437220000,305300000,4220000,173180000,580080000,2.5e+09,22,18,68,108,-12,-18,-1
"1_193",650180000,53060000,37850000,650000,1449160000,2190900000,32,25,42,99,474780000,64510000,44660000,650000,1606300000,2190900000,19,14,53,86,-13,-11,11
"1_194",595070000,510110000,177160000,212230000,972170000,2466740000,31,29,67,127,536810000,499490000,220540000,207060000,1002840000,2466740000,23,22,71,116,-8,-7,4
"1_195",1710380000,455660000,58930000,10740000,264290000,2.5e+09,30,22,47,99,626940000,497610000,74340000,9480000,1291630000,2.5e+09,18,16,53,87,-12,-6,6
"1_196",595790000,1609260000,89470000,177260000,28220000,2.5e+09,33,26,65,124,556690000,1587300000,120800000,179790000,55420000,2.5e+09,17,21,61,99,-16,-5,-4
"1_197",268400000,2860000,36110000,850000,1436480000,1744700000,33,26,45,104,263280000,1740000,39770000,660000,1439250000,1744700000,18,17,55,90,-15,-9,10
"1_198",271530000,12310000,58320000,30000,1545270000,1887460000,28,24,50,102,249130000,11390000,64390000,330000,1562220000,1887460000,16,16,45,77,-12,-8,-5
"1_199",711380000,499790000,355840000,136650000,796340000,2.5e+09,39,29,66,134,868560000,469190000,427030000,106200000,629020000,2.5e+09,22,20,65,107,-17,-9,-1
"1_200",95670000,131240000,60190000,42800000,1845780000,2175680000,40,28,65,133,124150000,118150000,79590000,38090000,1815700000,2175680000,23,22,63,108,-17,-6,-2
"1_201",67030000,11850000,16070000,4190000,1488310000,1587450000,31,25,45,101,134070000,10370000,18450000,4170000,1420390000,1587450000,15,14,45,74,-16,-11,0
"1_202",293760000,1712970000,99840000,290600000,102830000,2.5e+09,43,31,66,140,292300000,1659970000,144230000,297550000,105950000,2.5e+09,25,25,72,122,-18,-6,6
"1_203",334950000,1135200000,45670000,245910000,738270000,2.5e+09,37,28,58,123,484060000,1109660000,69340000,239710000,597230000,2.5e+09,22,23,67,112,-15,-5,9
"1_204",102240000,1881020000,110690000,393150000,12900000,2.5e+09,39,28,69,136,107100000,1830190000,157870000,387630000,17210000,2.5e+09,17,16,58,91,-22,-12,-11
"1_205",40580000,625090000,130990000,231520000,1471820000,2.5e+09,44,30,79,153,41810000,608100000,150890000,226200000,1.473e+09,2.5e+09,25,25,69,119,-19,-5,-10
"1_206",144570000,1729910000,79800000,536400000,9320000,2.5e+09,38,29,59,126,146690000,1710800000,108380000,524960000,9170000,2.5e+09,18,15,67,100,-20,-14,8
"1_207",122150000,1965140000,124950000,272650000,15110000,2.5e+09,41,28,62,131,122810000,1940420000,155920000,269170000,11680000,2.5e+09,21,19,62,102,-20,-9,0
"1_208",172030000,1724640000,70970000,508740000,23620000,2.5e+09,37,29,67,133,179490000,1739370000,87590000,4.66e+08,27550000,2.5e+09,18,17,57,92,-19,-12,-10
"1_209",86690000,1586510000,283360000,478830000,64610000,2.5e+09,40,32,72,144,91760000,1554270000,344830000,441150000,67990000,2.5e+09,24,24,77,125,-16,-8,5
"1_210",135830000,1352160000,155620000,816120000,40270000,2.5e+09,39,29,68,136,141850000,1340220000,197460000,777910000,42560000,2.5e+09,19,22,73,114,-20,-7,5
"1_211",129650000,1703280000,103900000,547670000,15500000,2.5e+09,34,28,63,125,131340000,1655790000,142580000,551810000,18480000,2.5e+09,19,20,69,108,-15,-8,6
"1_212",810760000,523760000,540000,174230000,990710000,2.5e+09,30,29,62,121,1048150000,311990000,3830000,554740000,581290000,2.5e+09,21,12,56,89,-9,-17,-6
"1_213",105690000,2070470000,12160000,0,311680000,2.5e+09,31,27,62,120,130440000,1971240000,21030000,26530000,350760000,2.5e+09,23,18,72,113,-8,-9,10
"1_214",476550000,1254270000,7030000,31230000,730920000,2.5e+09,40,42,92,174,548870000,1245710000,14010000,28330000,663080000,2.5e+09,29,18,71,118,-11,-24,-21
"1_215",181910000,1949230000,6800000,4990000,357070000,2.5e+09,34,33,72,139,181450000,1915610000,12800000,20690000,369450000,2.5e+09,21,15,70,106,-13,-18,-2
"1_216",832090000,589140000,90280000,717830000,270660000,2.5e+09,35,37,71,143,838190000,567890000,114010000,717360000,262550000,2.5e+09,20,15,67,102,-15,-22,-4
"1_217",873500000,159330000,8640000,486100000,972430000,2.5e+09,34,36,78,148,1027320000,141850000,14600000,478780000,837450000,2.5e+09,23,17,68,108,-11,-19,-10
"1_218",449870000,1535440000,152210000,245050000,117430000,2.5e+09,28,26,51,105,477980000,1449260000,242070000,233380000,97310000,2.5e+09,20,16,55,91,-8,-10,4
"1_219",1371640000,761720000,42530000,113280000,210830000,2.5e+09,29,23,50,102,1215910000,737520000,66420000,104830000,375320000,2.5e+09,17,15,52,84,-12,-8,2
"1_220",261140000,2068690000,107120000,50980000,12070000,2.5e+09,39,32,58,129,258990000,2033450000,139510000,56450000,11600000,2.5e+09,19,17,61,97,-20,-15,3
"1_221",536380000,1595500000,32230000,108820000,227070000,2.5e+09,35,26,54,115,668630000,1570250000,52890000,107780000,100450000,2.5e+09,18,14,52,84,-17,-12,-2
"1_222",274950000,1777050000,99700000,330120000,18180000,2.5e+09,35,28,56,119,276380000,1748040000,117550000,335600000,22430000,2.5e+09,20,19,67,106,-15,-9,11
"1_223",586180000,1239560000,84900000,565260000,24100000,2.5e+09,38,30,71,139,590890000,1233970000,102590000,542970000,29580000,2.5e+09,22,20,70,112,-16,-10,-1
"1_224",524930000,1607940000,118530000,193780000,54820000,2.5e+09,44,29,69,142,517110000,1589080000,145190000,189900000,58720000,2.5e+09,21,22,74,117,-23,-7,5
"1_225",29850000,260420000,40150000,344060000,1825520000,2.5e+09,33,21,48,102,24740000,397660000,49300000,164700000,1863600000,2.5e+09,12,16,58,86,-21,-5,10
"1_226",158680000,443870000,59330000,681430000,1156690000,2.5e+09,38,24,58,120,122420000,681520000,83560000,382530000,1229970000,2.5e+09,13,15,53,81,-25,-9,-5
"1_227",48050000,147670000,14610000,645280000,1384920000,2240530000,33,20,54,107,32180000,339550000,23850000,413090000,1431860000,2240530000,10,12,47,69,-23,-8,-7
"1_228",5370000,75550000,5560000,232230000,1466730000,1785440000,30,18,48,96,15360000,65020000,7170000,213030000,1484860000,1785440000,9,12,54,75,-21,-6,6
"1_229",1890000,78430000,29480000,404970000,1829880000,2344650000,37,25,62,124,19470000,137360000,42730000,308490000,1836600000,2344650000,11,17,63,91,-26,-8,1
"1_230",41330000,115520000,187470000,580300000,1575380000,2.5e+09,33,16,44,93,39010000,86620000,197480000,594250000,1582640000,2.5e+09,10,19,46,75,-23,3,2
"1_231",22110000,225070000,46300000,887620000,1318570000,2499670000,32,16,43,91,28440000,199220000,66490000,887320000,1318200000,2499670000,9,15,44,68,-23,-1,1
"1_232",323120000,29270000,0,377660000,1769950000,2.5e+09,32,22,43,97,343600000,1770000,9070000,133160000,2012400000,2.5e+09,12,11,35,58,-20,-11,-8
"1_233",199420000,68520000,90520000,654370000,1487170000,2.5e+09,35,21,55,111,205810000,70210000,112730000,415200000,1696050000,2.5e+09,12,25,62,99,-23,4,7
"1_234",248470000,44640000,11300000,490690000,1704900000,2.5e+09,40,26,67,133,251290000,47160000,26380000,362150000,1813020000,2.5e+09,15,16,54,85,-25,-10,-13
"1_235",29600000,653710000,142240000,47080000,1627370000,2.5e+09,36,24,60,120,35330000,632450000,159170000,51590000,1621460000,2.5e+09,14,15,58,87,-22,-9,-2
"1_236",20640000,319350000,37250000,18520000,2101890000,2497650000,34,26,62,122,25450000,312910000,43600000,21090000,2094600000,2497650000,19,17,57,93,-15,-9,-5
"1_237",89290000,317310000,91340000,638070000,1362970000,2498980000,37,23,68,128,80320000,481030000,108150000,410380000,1419100000,2498980000,14,17,62,93,-23,-6,-6
"1_238",59970000,94990000,35130000,711920000,1597990000,2.5e+09,30,21,38,89,61820000,166480000,43940000,633900000,1593860000,2.5e+09,10,11,54,75,-20,-10,16
"1_239",238490000,391710000,22600000,1741120000,106080000,2.5e+09,35,19,57,111,196740000,828050000,36920000,1206750000,231540000,2.5e+09,8,15,52,75,-27,-4,-5
"1_240",127850000,348440000,85320000,709940000,1228450000,2.5e+09,32,23,58,113,121820000,368040000,99610000,670330000,1240200000,2.5e+09,12,15,64,91,-20,-8,6
"1_241",1.63e+08,622920000,141700000,1130780000,441600000,2.5e+09,35,25,60,120,168850000,839830000,163110000,871350000,456860000,2.5e+09,10,19,65,94,-25,-6,5
"1_242",234730000,43550000,5360000,1889090000,327270000,2.5e+09,41,26,59,126,256290000,12520000,15090000,1764150000,451950000,2.5e+09,9,16,56,81,-32,-10,-3
"1_243",98800000,148360000,175920000,1061110000,1015810000,2.5e+09,39,24,58,121,135240000,68570000,222140000,1043860000,1030190000,2.5e+09,10,22,69,101,-29,-2,11
"1_244",181070000,142980000,14040000,2002560000,159350000,2.5e+09,36,21,55,112,190250000,236680000,19540000,1619080000,434450000,2.5e+09,9,21,60,90,-27,0,5
"1_245",345770000,249810000,369530000,1276590000,258300000,2.5e+09,38,22,58,118,346070000,146770000,403740000,1112960000,490460000,2.5e+09,10,20,62,92,-28,-2,4
"1_246",40370000,86040000,38270000,747160000,1588160000,2.5e+09,41,27,68,136,31830000,17750000,53760000,742320000,1654340000,2.5e+09,16,27,75,118,-25,0,7
"1_247",251040000,21230000,13290000,789110000,1424300000,2498970000,39,25,57,121,217060000,20470000,21240000,697360000,1542840000,2498970000,8,17,59,84,-31,-8,2
"1_248",255310000,200550000,69410000,1646610000,328120000,2.5e+09,35,22,55,112,196220000,142730000,88450000,1583940000,488660000,2.5e+09,13,24,61,98,-22,2,6
"1_249",279510000,238040000,14620000,1819050000,148780000,2.5e+09,36,23,56,115,232460000,149730000,26760000,1847580000,243470000,2.5e+09,11,18,57,86,-25,-5,1
"1_250",31280000,92960000,182330000,249020000,1701910000,2257500000,33,20,57,110,22290000,128890000,195230000,205090000,1.706e+09,2257500000,13,23,64,100,-20,3,7
"1_251",239010000,48330000,10530000,997360000,1204770000,2.5e+09,41,29,68,138,249730000,189050000,16900000,631880000,1412440000,2.5e+09,12,27,59,98,-29,-2,-9
"1_252",99170000,85770000,49970000,1322900000,942190000,2.5e+09,36,23,61,120,118950000,275020000,59430000,1025010000,1021590000,2.5e+09,9,25,62,96,-27,2,1
"1_253",127920000,41760000,26050000,918360000,1385910000,2.5e+09,46,32,77,155,165070000,53390000,40360000,845600000,1395580000,2.5e+09,11,25,65,101,-35,-7,-12
"1_254",2.24e+08,185240000,471150000,1442480000,177130000,2.5e+09,35,21,48,104,231640000,1.57e+08,545880000,1117570000,447910000,2.5e+09,11,23,58,92,-24,2,10
"1_255",575620000,31050000,16030000,1516030000,361270000,2.5e+09,30,20,45,95,529380000,59880000,39280000,739360000,1132100000,2.5e+09,8,20,50,78,-22,0,5
"1_256",250110000,354660000,192540000,1087490000,615200000,2.5e+09,39,25,67,131,272820000,255550000,247330000,931650000,792650000,2.5e+09,10,20,56,86,-29,-5,-11
"1_257",572300000,84040000,22610000,1351050000,4.7e+08,2.5e+09,39,25,56,120,480800000,180150000,59490000,1114660000,664900000,2.5e+09,10,20,53,83,-29,-5,-3
"1_258",248590000,1450540000,120930000,151310000,528630000,2.5e+09,36,24,63,123,241410000,1437030000,145850000,158180000,517530000,2.5e+09,15,18,61,94,-21,-6,-2
"1_259",179460000,1777030000,144010000,198540000,200960000,2.5e+09,33,24,52,109,189500000,1743080000,173640000,201560000,192220000,2.5e+09,16,17,58,91,-17,-7,6
"1_260",275310000,1923330000,76220000,135210000,89930000,2.5e+09,34,24,57,115,289190000,1883750000,100990000,149870000,76200000,2.5e+09,13,14,54,81,-21,-10,-3
"1_261",414640000,1735990000,63880000,207910000,77580000,2.5e+09,32,22,42,96,443590000,1708900000,78400000,220880000,48230000,2.5e+09,11,14,50,75,-21,-8,8
"1_262",20580000,251810000,51520000,7e+06,1675380000,2006290000,32,21,50,103,20690000,234060000,66230000,10380000,1674930000,2006290000,13,17,53,83,-19,-4,3
"1_263",50220000,886460000,80770000,850020000,632530000,2.5e+09,40,25,70,135,81020000,807190000,108420000,867630000,635740000,2.5e+09,12,19,62,93,-28,-6,-8
"1_264",133680000,1431710000,119230000,806980000,8400000,2.5e+09,33,21,60,114,148310000,1259370000,159300000,927900000,5120000,2.5e+09,9,18,61,88,-24,-3,1
"1_265",546400000,796600000,698260000,391320000,67420000,2.5e+09,33,21,55,109,468300000,397840000,753430000,804410000,76020000,2.5e+09,12,21,62,95,-21,0,7
"1_266",274340000,803340000,203130000,335250000,883940000,2.5e+09,38,25,71,134,270150000,616090000,231940000,488930000,892890000,2.5e+09,16,25,71,112,-22,0,0
"1_267",144350000,1518890000,59760000,767790000,9210000,2.5e+09,33,22,53,108,192330000,1451660000,88320000,759110000,8580000,2.5e+09,8,20,58,86,-25,-2,5
"1_268",242580000,596450000,252420000,1107020000,301530000,2.5e+09,36,24,60,120,287400000,780810000,288860000,824800000,318130000,2.5e+09,12,24,67,103,-24,0,7
"1_269",67990000,1693800000,210400000,524350000,3460000,2.5e+09,33,20,53,106,74350000,1360080000,253520000,798840000,13210000,2.5e+09,9,19,59,87,-24,-1,6
"1_270",91710000,1563310000,202920000,622480000,19580000,2.5e+09,35,22,52,109,112670000,1322400000,254180000,780070000,30680000,2.5e+09,12,23,65,100,-23,1,13
"1_271",82590000,746650000,187680000,1471890000,11190000,2.5e+09,35,20,57,112,69230000,876870000,227700000,1304690000,21510000,2.5e+09,9,20,58,87,-26,0,1
"1_272",165690000,1306140000,140790000,849750000,37630000,2.5e+09,36,22,59,117,174820000,1234590000,164490000,876410000,49690000,2.5e+09,10,21,61,92,-26,-1,2
"1_273",111030000,300620000,256620000,1769360000,62370000,2.5e+09,39,26,62,127,107270000,356310000,291310000,1647940000,97170000,2.5e+09,11,26,67,104,-28,0,5
"1_274",84830000,1081890000,890310000,395720000,47250000,2.5e+09,35,23,58,116,81590000,969300000,917360000,466750000,6.5e+07,2.5e+09,15,23,65,103,-20,0,7
"1_275",19100000,116490000,177280000,715670000,1471460000,2.5e+09,38,27,61,126,22920000,93830000,213070000,680750000,1489430000,2.5e+09,17,28,72,117,-21,1,11
"1_276",99950000,173440000,409350000,1480920000,336340000,2.5e+09,35,21,59,115,94700000,111290000,450570000,1346490000,496950000,2.5e+09,11,23,66,100,-24,2,7
"1_277",161150000,180450000,575370000,1156930000,426100000,2.5e+09,38,22,58,118,130090000,145910000,6.25e+08,1035550000,563450000,2.5e+09,14,23,61,98,-24,1,3
"1_278",126330000,117510000,49240000,1838770000,368150000,2.5e+09,35,26,56,117,138670000,226980000,65010000,1367630000,701710000,2.5e+09,11,19,58,88,-24,-7,2
"1_279",128390000,11990000,30470000,1932710000,396440000,2.5e+09,38,25,56,119,137380000,17590000,41900000,1419560000,883570000,2.5e+09,16,24,67,107,-22,-1,11
"1_280",68440000,907180000,451600000,249620000,823160000,2.5e+09,36,23,67,126,72880000,695710000,507090000,406720000,817600000,2.5e+09,20,25,70,115,-16,2,3
"1_281",70810000,1202010000,33710000,537480000,655990000,2.5e+09,37,21,66,124,96550000,1159340000,48940000,500800000,694370000,2.5e+09,14,25,69,108,-23,4,3
"1_282",617570000,208680000,9720000,1192510000,471520000,2.5e+09,35,26,56,117,544490000,176450000,13140000,1046420000,719500000,2.5e+09,11,15,51,77,-24,-11,-5
"1_283",32470000,520130000,88590000,220290000,1372390000,2233870000,40,22,68,130,43220000,440410000,116730000,251520000,1381990000,2233870000,15,28,71,114,-25,6,3
"1_284",152250000,1353300000,119530000,135550000,739370000,2.5e+09,37,23,65,125,160210000,1328430000,146280000,131290000,733790000,2.5e+09,15,17,58,90,-22,-6,-7
"1_285",220320000,1882950000,88920000,262570000,45240000,2.5e+09,32,21,49,102,246360000,1866660000,104420000,263650000,18910000,2.5e+09,14,13,48,75,-18,-8,-1
"1_286",137100000,1356850000,129310000,218790000,657950000,2.5e+09,33,27,71,131,136910000,1342230000,154390000,207710000,658760000,2.5e+09,17,18,68,103,-16,-9,-3
"1_287",300490000,1704090000,149940000,287820000,57660000,2.5e+09,31,23,54,108,308600000,1679690000,184300000,278310000,49100000,2.5e+09,16,18,59,93,-15,-5,5
"1_288",18270000,218650000,42740000,222750000,1997590000,2.5e+09,37,32,69,138,19360000,215980000,49750000,218460000,1996450000,2.5e+09,15,19,59,93,-22,-13,-10
"1_289",211880000,560130000,315360000,297110000,1115520000,2.5e+09,43,25,66,134,195660000,362290000,348940000,464360000,1128750000,2.5e+09,13,26,70,109,-30,1,4
"1_290",100990000,445880000,181170000,209930000,1369160000,2307130000,36,21,54,111,89230000,360970000,183190000,304120000,1369620000,2307130000,13,23,68,104,-23,2,14
"1_291",41860000,1828100000,2.24e+08,395590000,10450000,2.5e+09,34,21,51,106,47670000,1393130000,276240000,772330000,10630000,2.5e+09,9,19,57,85,-25,-2,6
"1_292",178840000,1710420000,207400000,378200000,25140000,2.5e+09,33,19,52,104,179710000,1260380000,276860000,753490000,29560000,2.5e+09,13,22,64,99,-20,3,12
"1_293",214450000,899940000,1087200000,252580000,45830000,2.5e+09,34,23,61,118,172180000,582850000,1186620000,509930000,48420000,2.5e+09,13,21,68,102,-21,-2,7
"1_294",109590000,1481330000,446270000,414070000,48740000,2.5e+09,37,23,59,119,114010000,1372130000,499110000,473970000,40780000,2.5e+09,13,23,63,99,-24,0,4
"1_295",36860000,1559950000,361430000,514200000,27560000,2.5e+09,34,22,52,108,39740000,1257560000,412760000,761640000,28300000,2.5e+09,12,19,62,93,-22,-3,10
"1_296",48890000,2257940000,114690000,63880000,14600000,2.5e+09,34,21,46,101,54380000,2177850000,151290000,94640000,21840000,2.5e+09,10,23,59,92,-24,2,13
"1_297",74690000,2035210000,214740000,123700000,51660000,2.5e+09,34,23,57,114,88160000,1851680000,267850000,227660000,64650000,2.5e+09,13,26,62,101,-21,3,5
"1_298",52700000,2089500000,177100000,145860000,34840000,2.5e+09,38,21,53,112,57410000,1848760000,238690000,319840000,35300000,2.5e+09,13,26,67,106,-25,5,14
"1_299",118870000,1742210000,431660000,114210000,93050000,2.5e+09,37,29,62,128,116670000,1632300000,492980000,175140000,82910000,2.5e+09,15,24,68,107,-22,-5,6
"1_300",74940000,2000780000,173890000,157780000,92610000,2.5e+09,33,15,45,93,78720000,1990880000,211960000,116100000,102340000,2.5e+09,11,22,56,89,-22,7,11
"1_301",222060000,982270000,46070000,382550000,867050000,2.5e+09,38,23,64,125,239850000,816940000,64670000,500310000,878230000,2.5e+09,14,25,64,103,-24,2,0
"1_302",104700000,1307400000,71110000,831160000,185630000,2.5e+09,39,30,78,147,107510000,1338480000,93440000,776390000,184180000,2.5e+09,16,18,65,99,-23,-12,-13
"1_303",160620000,1698020000,124810000,493570000,22980000,2.5e+09,37,27,61,125,160740000,1683170000,158340000,472950000,24800000,2.5e+09,16,16,56,88,-21,-11,-5
"1_304",158520000,968580000,53480000,1299720000,19700000,2.5e+09,35,28,61,124,164850000,1023110000,69400000,1226840000,15800000,2.5e+09,16,19,60,95,-19,-9,-1
"1_305",137920000,1237830000,80800000,1032900000,10550000,2.5e+09,36,28,64,128,146360000,1229350000,109150000,1000330000,14810000,2.5e+09,17,20,61,98,-19,-8,-3
"1_306",41770000,298870000,39660000,378870000,1708870000,2468040000,38,29,73,140,42400000,303720000,47650000,365090000,1709180000,2468040000,20,22,72,114,-18,-7,-1
"1_307",71800000,784060000,92630000,1330750000,220760000,2.5e+09,36,29,66,131,75480000,822390000,116380000,1267680000,218070000,2.5e+09,15,16,62,93,-21,-13,-4
"1_308",18020000,478440000,108590000,206610000,1469380000,2281040000,38,32,71,141,17900000,480040000,125630000,186570000,1470900000,2281040000,21,19,69,109,-17,-13,-2
"1_309",189150000,1187060000,120420000,985850000,17520000,2.5e+09,33,30,61,124,199450000,1215700000,150660000,923870000,10320000,2.5e+09,11,14,57,82,-22,-16,-4
"1_310",353710000,1031730000,59660000,1029490000,25410000,2.5e+09,35,28,65,128,367630000,1047260000,70300000,999580000,15230000,2.5e+09,14,15,57,86,-21,-13,-8
"1_311",334790000,1120310000,126690000,901050000,17160000,2.5e+09,36,28,57,121,335340000,1117900000,162510000,865280000,18970000,2.5e+09,16,17,59,92,-20,-11,2
"1_312",284210000,15030000,2390000,421780000,1776590000,2.5e+09,36,21,56,113,386850000,1830000,11390000,494370000,1605560000,2.5e+09,11,21,46,78,-25,0,-10
"1_313",317960000,16760000,1550000,430400000,1733330000,2.5e+09,37,23,62,122,319150000,1600000,4600000,223350000,1951300000,2.5e+09,10,15,43,68,-27,-8,-19
"1_314",243870000,5100000,3240000,635950000,1611840000,2.5e+09,36,22,57,115,306480000,1920000,6440000,615340000,1569820000,2.5e+09,12,20,46,78,-24,-2,-11
"1_315",92800000,1880000,2730000,188740000,2213850000,2.5e+09,30,18,44,92,91360000,2880000,3510000,186050000,2216200000,2.5e+09,13,21,46,80,-17,3,2
"1_316",121610000,10600000,340000,141400000,2226050000,2.5e+09,34,24,51,109,133030000,3450000,7320000,269450000,2086750000,2.5e+09,13,17,44,74,-21,-7,-7
"1_317",357390000,18840000,5320000,293290000,1825160000,2.5e+09,39,23,53,115,389670000,2990000,17350000,375530000,1714460000,2.5e+09,13,16,44,73,-26,-7,-9
"1_318",13100000,1550000,0,174490000,2266910000,2456050000,31,17,49,97,20100000,1990000,1800000,60390000,2371770000,2456050000,14,28,47,89,-17,11,-2
"1_319",86400000,1910000,1010000,191280000,2219400000,2.5e+09,31,19,48,98,87980000,2620000,1780000,136250000,2271370000,2.5e+09,15,19,51,85,-16,0,3
"1_320",263370000,42880000,3870000,499720000,1690160000,2.5e+09,39,23,60,122,334490000,4900000,7100000,579030000,1574480000,2.5e+09,11,23,55,89,-28,0,-5
"1_321",366320000,337580000,108740000,1000480000,686880000,2.5e+09,40,24,57,121,413290000,218660000,139600000,958100000,770350000,2.5e+09,12,25,61,98,-28,1,4
"1_322",305960000,765190000,71380000,648770000,708700000,2.5e+09,38,25,56,119,369780000,587390000,92120000,648640000,802070000,2.5e+09,13,27,62,102,-25,2,6
"1_323",493280000,381280000,49220000,381820000,1194400000,2.5e+09,42,25,70,137,522470000,327900000,71790000,408600000,1169240000,2.5e+09,18,24,65,107,-24,-1,-5
"1_324",163570000,14880000,3870000,167620000,2150060000,2.5e+09,40,24,64,128,213540000,10140000,13560000,255330000,2007430000,2.5e+09,13,22,60,95,-27,-2,-4
"1_325",557430000,297160000,41190000,470110000,1134110000,2.5e+09,36,21,65,122,616180000,285580000,55510000,443400000,1099330000,2.5e+09,16,23,62,101,-20,2,-3
"1_326",209010000,49380000,8820000,510560000,1722230000,2.5e+09,35,22,53,110,291150000,2840000,9720000,252740000,1943550000,2.5e+09,14,22,61,97,-21,0,8
"1_327",156150000,1840000,330000,234440000,2107240000,2.5e+09,36,23,60,119,131490000,0,3490000,151890000,2213130000,2.5e+09,11,24,48,83,-25,1,-12
"1_328",363840000,75840000,9470000,296960000,1753890000,2.5e+09,34,22,53,109,359220000,83220000,20500000,270890000,1766170000,2.5e+09,15,22,58,95,-19,0,5
"1_329",163200000,79670000,15090000,591120000,1650920000,2.5e+09,37,20,53,110,145390000,34300000,22210000,548360000,1749740000,2.5e+09,15,30,55,100,-22,10,2
"1_330",8440000,8e+06,1750000,27720000,2249530000,2295440000,32,21,52,105,7750000,3280000,2230000,33920000,2248260000,2295440000,9,10,41,60,-23,-11,-11
"1_331",0,3460000,3280000,280010000,2135870000,2422620000,32,20,50,102,0,38070000,3070000,2.2e+08,2161480000,2422620000,8,25,44,77,-24,5,-6
"1_332",498310000,1391960000,30540000,1e+06,578190000,2.5e+09,34,27,67,128,711110000,1279340000,33400000,4710000,471440000,2.5e+09,19,16,62,97,-15,-11,-5
"1_333",87260000,927460000,20910000,50000,1460580000,2496260000,35,31,71,137,129530000,739350000,41840000,185650000,1399890000,2496260000,24,19,71,114,-11,-12,0
"1_334",432410000,1518100000,8800000,0,540690000,2.5e+09,36,30,72,138,493660000,1299530000,13120000,23510000,670180000,2.5e+09,26,16,76,118,-10,-14,4
"1_335",721560000,1.181e+09,20360000,25080000,5.52e+08,2.5e+09,32,29,73,134,807600000,1062060000,23650000,71580000,535110000,2.5e+09,24,18,67,109,-8,-11,-6
"1_336",787760000,788790000,4960000,37320000,881170000,2.5e+09,34,35,74,143,994020000,711370000,11200000,26800000,756610000,2.5e+09,26,16,69,111,-8,-19,-5
"1_337",119500000,2124240000,23200000,2600000,230460000,2.5e+09,38,33,78,149,131970000,2088700000,48830000,30870000,199630000,2.5e+09,29,19,82,130,-9,-14,4
"1_338",857570000,825600000,87890000,534480000,194460000,2.5e+09,31,35,62,128,865650000,793500000,114710000,538730000,187410000,2.5e+09,21,16,67,104,-10,-19,5
"1_339",799770000,56840000,8350000,613370000,1021670000,2.5e+09,31,35,71,137,949140000,55470000,12930000,607540000,874920000,2.5e+09,18,16,54,88,-13,-19,-17
"1_340",588660000,1743570000,24290000,81570000,61910000,2.5e+09,28,23,49,100,531340000,1722430000,37100000,82560000,126570000,2.5e+09,20,13,48,81,-8,-10,-1
"1_341",335090000,1866830000,30370000,251480000,16230000,2.5e+09,26,22,42,90,336210000,1866370000,44430000,241010000,11980000,2.5e+09,18,12,50,80,-8,-10,8
"1_342",753320000,1445200000,66620000,200120000,34740000,2.5e+09,31,24,54,109,764230000,1392840000,112940000,184720000,45270000,2.5e+09,20,14,52,86,-11,-10,-2
"1_343",494210000,1771290000,58040000,124230000,52230000,2.5e+09,27,20,49,96,470920000,1731240000,90780000,113880000,93180000,2.5e+09,19,17,49,85,-8,-3,0
"1_344",524660000,1577950000,138830000,2.36e+08,22560000,2.5e+09,40,31,65,136,517270000,1550340000,170310000,236090000,25990000,2.5e+09,19,17,65,101,-21,-14,0
"1_345",789680000,1507410000,26190000,143850000,32870000,2.5e+09,33,25,52,110,789830000,1481470000,36500000,154450000,37750000,2.5e+09,19,14,53,86,-14,-11,1
"1_346",571150000,1465850000,56320000,270000,406410000,2.5e+09,35,29,69,133,681520000,1301950000,65870000,16070000,434590000,2.5e+09,22,20,66,108,-13,-9,-3
"1_347",1230000,270240000,14070000,250000,1759410000,2045200000,40,30,85,155,1840000,266140000,12480000,3240000,1761500000,2045200000,28,22,76,126,-12,-8,-9
"1_348",377830000,1082940000,169820000,1420000,867990000,2.5e+09,33,26,60,119,563220000,986670000,171650000,8070000,770390000,2.5e+09,22,13,62,97,-11,-13,2
"1_349",851910000,435350000,3860000,174800000,1034080000,2.5e+09,37,35,76,148,1126160000,349890000,4110000,132750000,887090000,2.5e+09,22,18,65,105,-15,-17,-11
"1_350",192080000,1950050000,39550000,9e+05,317420000,2.5e+09,38,32,69,139,2.44e+08,1854860000,55290000,10920000,334930000,2.5e+09,25,23,79,127,-13,-9,10
"1_351",1308340000,266900000,6190000,219830000,698740000,2.5e+09,32,36,69,137,1721220000,197960000,11780000,130530000,438510000,2.5e+09,20,16,63,99,-12,-20,-6
"1_352",952400000,976260000,58500000,473770000,39070000,2.5e+09,33,35,68,136,957550000,948090000,80160000,477100000,37100000,2.5e+09,22,14,68,104,-11,-21,0
"1_353",827670000,38910000,6120000,791620000,835680000,2.5e+09,33,35,69,137,931620000,26290000,11960000,707870000,822260000,2.5e+09,15,12,56,83,-18,-23,-13
"1_354",726960000,1221090000,44140000,440340000,67470000,2.5e+09,34,35,67,136,732680000,1200480000,69520000,435950000,61370000,2.5e+09,20,18,66,104,-14,-17,-1
"1_355",851500000,75740000,9110000,567710000,995940000,2.5e+09,31,33,67,131,884480000,51110000,12670000,435330000,1116410000,2.5e+09,18,12,57,87,-13,-21,-10
"1_356",154910000,2159130000,67520000,82230000,36210000,2.5e+09,33,26,56,115,153900000,2138810000,98740000,77080000,31470000,2.5e+09,21,16,54,91,-12,-10,-2
"1_357",166470000,2096320000,28060000,179410000,29740000,2.5e+09,28,24,49,101,167320000,2098450000,51010000,164630000,18590000,2.5e+09,19,13,53,85,-9,-11,4
"1_358",422080000,1818480000,72220000,127540000,59680000,2.5e+09,32,32,64,128,421940000,1754020000,144530000,127700000,51810000,2.5e+09,20,16,63,99,-12,-16,-1
"1_359",156220000,1899420000,361990000,33680000,48690000,2.5e+09,32,29,51,112,157450000,1767660000,496650000,27670000,50570000,2.5e+09,23,17,64,104,-9,-12,13
"1_360",1129760000,995940000,33960000,295910000,44430000,2.5e+09,32,25,58,115,1137430000,977240000,55320000,289190000,40820000,2.5e+09,17,15,61,93,-15,-10,3
"1_361",478240000,1709850000,52730000,234030000,25150000,2.5e+09,30,22,48,100,484850000,1692100000,80640000,215260000,27150000,2.5e+09,19,13,54,86,-11,-9,6
"1_362",1102720000,807920000,45860000,447400000,96100000,2.5e+09,36,27,66,129,1105730000,789050000,73710000,439220000,92290000,2.5e+09,17,15,58,90,-19,-12,-8
"1_363",1042150000,875510000,30360000,341770000,210210000,2.5e+09,30,27,58,115,1036870000,868640000,44720000,337870000,211900000,2.5e+09,18,13,50,81,-12,-14,-8
"1_364",697500000,834140000,53090000,869150000,46120000,2.5e+09,39,27,66,132,716470000,815380000,68290000,870900000,28960000,2.5e+09,19,15,57,91,-20,-12,-9
"1_365",1129970000,1054290000,62590000,215240000,37910000,2.5e+09,32,24,53,109,1114930000,1010740000,89400000,236140000,48790000,2.5e+09,17,13,50,80,-15,-11,-3
"1_366",769590000,624260000,124710000,913080000,68360000,2.5e+09,35,26,64,125,793600000,599960000,155520000,905490000,45430000,2.5e+09,17,16,60,93,-18,-10,-4
"1_367",661150000,1034520000,67080000,716650000,20600000,2.5e+09,35,24,62,121,654540000,1005430000,89090000,732270000,18670000,2.5e+09,19,14,60,93,-16,-10,-2
"1_368",561200000,1688760000,75730000,140090000,34220000,2.5e+09,38,29,67,134,565280000,1669170000,96820000,135630000,33100000,2.5e+09,21,20,69,110,-17,-9,2
"1_369",266730000,1233270000,32230000,931880000,35890000,2.5e+09,37,27,60,124,277820000,1228390000,4.1e+07,916120000,36670000,2.5e+09,22,19,73,114,-15,-8,13
"1_370",540120000,1150530000,43390000,657580000,108380000,2.5e+09,43,33,79,155,548580000,1160240000,49630000,627010000,114540000,2.5e+09,21,24,76,121,-22,-9,-3
"1_371",351710000,942120000,33960000,1144450000,27760000,2.5e+09,38,28,64,130,361210000,931060000,37930000,1148710000,21090000,2.5e+09,18,17,59,94,-20,-11,-5
"1_372",521550000,1484550000,128110000,330400000,35390000,2.5e+09,38,30,70,138,520100000,1472350000,149730000,314330000,43490000,2.5e+09,19,20,65,104,-19,-10,-5
"1_373",491790000,1602110000,137880000,218940000,49280000,2.5e+09,38,28,63,129,491950000,1589620000,163760000,190850000,63820000,2.5e+09,22,21,66,109,-16,-7,3
"1_374",634110000,1666350000,106950000,45720000,46870000,2.5e+09,39,31,71,141,649440000,1607040000,145300000,55390000,42830000,2.5e+09,22,21,72,115,-17,-10,1
"1_375",542570000,1675510000,46430000,216110000,19380000,2.5e+09,40,30,69,139,564230000,1668670000,57140000,193710000,16250000,2.5e+09,21,19,73,113,-19,-11,4
"1_376",276920000,254530000,388250000,16300000,1536860000,2472860000,36,30,73,139,340400000,171910000,420840000,16590000,1523120000,2472860000,26,19,67,112,-10,-11,-6
"1_377",1251520000,417660000,20160000,307490000,503170000,2.5e+09,35,40,73,148,1495910000,280100000,39950000,214640000,469400000,2.5e+09,25,14,68,107,-10,-26,-5
"1_378",983580000,418360000,23910000,690520000,383630000,2.5e+09,36,36,81,153,1034420000,410180000,28620000,693170000,333610000,2.5e+09,20,15,64,99,-16,-21,-17
"1_379",1117860000,806570000,203730000,15730000,356110000,2.5e+09,33,31,65,129,1328510000,614660000,238020000,16290000,302520000,2.5e+09,22,14,59,95,-11,-17,-6
"1_380",1451260000,699010000,36030000,49150000,264550000,2.5e+09,37,34,82,153,1674820000,557190000,57490000,41580000,168920000,2.5e+09,24,17,64,105,-13,-17,-18
"1_381",1131530000,448860000,159160000,2860000,757590000,2.5e+09,35,31,70,136,1425120000,315340000,181100000,9180000,569260000,2.5e+09,23,14,60,97,-12,-17,-10
"1_382",685130000,1407390000,56800000,207620000,143060000,2.5e+09,33,30,68,131,699210000,1373170000,84180000,204180000,139260000,2.5e+09,22,17,64,103,-11,-13,-4
"1_383",1271600000,164910000,23110000,527460000,512920000,2.5e+09,33,37,67,137,1284700000,154460000,29740000,529610000,501490000,2.5e+09,21,15,62,98,-12,-22,-5
"1_384",499850000,1188240000,57170000,67540000,687200000,2.5e+09,36,36,75,147,515710000,1155830000,84150000,71530000,672780000,2.5e+09,31,20,76,127,-5,-16,1
"1_385",675100000,949320000,119690000,102200000,653690000,2.5e+09,40,43,92,175,682640000,898420000,157970000,105470000,655500000,2.5e+09,31,23,78,132,-9,-20,-14
"1_386",556010000,1516970000,67180000,314300000,45540000,2.5e+09,34,28,63,125,564530000,1500100000,89600000,310650000,35120000,2.5e+09,18,15,61,94,-16,-13,-2
"1_387",547050000,1647520000,67490000,216390000,21550000,2.5e+09,33,31,62,126,541690000,1599820000,114280000,210490000,33720000,2.5e+09,20,18,64,102,-13,-13,2
"1_388",723070000,1268450000,18240000,410640000,79600000,2.5e+09,33,29,64,126,731760000,1259680000,22700000,408540000,77320000,2.5e+09,21,15,60,96,-12,-14,-4
"1_389",1471600000,361560000,13500000,420630000,232710000,2.5e+09,33,31,66,130,1481660000,350130000,23840000,417770000,226600000,2.5e+09,19,13,55,87,-14,-18,-11
"1_390",1011580000,532610000,33650000,866260000,55900000,2.5e+09,32,23,57,112,1013620000,537770000,43130000,866940000,38540000,2.5e+09,17,15,53,85,-15,-8,-4
"1_391",698740000,1029040000,40100000,641770000,90350000,2.5e+09,32,26,62,120,700850000,1025500000,57090000,632500000,84060000,2.5e+09,19,15,59,93,-13,-11,-3
"1_392",639620000,466590000,39420000,1269310000,85060000,2.5e+09,33,27,64,124,639070000,467750000,47960000,1270700000,74520000,2.5e+09,17,15,62,94,-16,-12,-2
"1_393",710520000,748850000,46150000,939470000,55010000,2.5e+09,34,29,58,121,7.03e+08,737600000,65240000,939280000,54880000,2.5e+09,19,13,56,88,-15,-16,-2
"1_394",1194440000,300530000,20890000,765100000,219040000,2.5e+09,36,28,66,130,1211450000,313360000,23840000,766950000,184400000,2.5e+09,16,18,55,89,-20,-10,-11
"1_395",1394060000,236240000,50750000,692640000,126310000,2.5e+09,33,29,60,122,1410360000,250770000,49860000,686980000,102030000,2.5e+09,16,16,58,90,-17,-13,-2
"1_396",7.91e+08,502050000,28340000,1106700000,71910000,2.5e+09,33,29,62,124,804090000,519320000,40240000,1087760000,48590000,2.5e+09,18,18,57,93,-15,-11,-5
"1_397",661960000,214510000,25610000,1515870000,82050000,2.5e+09,33,30,57,120,670770000,223410000,32170000,1.508e+09,65650000,2.5e+09,16,19,61,96,-17,-11,4
"1_398",322190000,1320190000,65460000,752790000,39370000,2.5e+09,39,29,67,135,339740000,1327600000,75360000,734590000,22710000,2.5e+09,21,19,67,107,-18,-10,0
"1_399",461530000,856040000,39070000,1131090000,12270000,2.5e+09,40,32,73,145,458270000,8.59e+08,43740000,1125620000,13370000,2.5e+09,18,20,70,108,-22,-12,-3
"1_400",466830000,915310000,43370000,1039710000,34780000,2.5e+09,37,30,69,136,472460000,935810000,4.9e+07,1008310000,34420000,2.5e+09,19,20,70,109,-18,-10,1
"1_401",347390000,6.9e+08,76580000,1362340000,23690000,2.5e+09,39,34,70,143,353230000,697750000,88560000,1340760000,19700000,2.5e+09,17,18,64,99,-22,-16,-6
"1_402",1414640000,834220000,70200000,124300000,56640000,2.5e+09,40,31,78,149,1450670000,812020000,84340000,96840000,56130000,2.5e+09,22,22,70,114,-18,-9,-8
"1_403",750100000,1489740000,86050000,139320000,34790000,2.5e+09,39,29,62,130,772680000,1444500000,104580000,137210000,41030000,2.5e+09,18,19,72,109,-21,-10,10
"1_404",704190000,1274380000,67600000,409770000,44060000,2.5e+09,40,32,74,146,715870000,1274080000,82440000,375020000,52590000,2.5e+09,23,21,71,115,-17,-11,-3
"1_405",427590000,1546770000,88970000,395500000,41170000,2.5e+09,37,27,62,126,433540000,1533630000,111800000,382070000,38960000,2.5e+09,24,21,69,114,-13,-6,7
"1_406",24940000,420900000,42390000,420000,1873730000,2362380000,37,34,83,154,43270000,382630000,49220000,5180000,1882080000,2362380000,27,17,72,116,-10,-17,-11
"1_407",18690000,479480000,91860000,10330000,1621100000,2221460000,36,32,74,142,18990000,461990000,106260000,18850000,1615370000,2221460000,29,23,72,124,-7,-9,-2
"1_408",705660000,1168600000,89950000,104010000,431780000,2.5e+09,39,37,80,156,748800000,1132880000,119810000,93290000,405220000,2.5e+09,27,20,73,120,-12,-17,-7
"1_409",1151010000,648730000,86960000,126070000,487230000,2.5e+09,37,34,76,147,1215140000,620990000,119360000,134390000,410120000,2.5e+09,21,14,62,97,-16,-20,-14
"1_410",142980000,724790000,226220000,57250000,1348760000,2.5e+09,43,33,82,158,181810000,675690000,273260000,58870000,1310370000,2.5e+09,31,21,78,130,-12,-12,-4
"1_411",906950000,501840000,19270000,862020000,209920000,2.5e+09,37,31,67,135,911590000,516830000,26780000,872370000,172430000,2.5e+09,18,18,60,96,-19,-13,-7
"1_412",930900000,436570000,19430000,791750000,321350000,2.5e+09,39,34,72,145,961840000,449860000,29640000,817270000,241390000,2.5e+09,20,17,70,107,-19,-17,-2
"1_413",7.97e+08,494210000,42610000,963380000,202800000,2.5e+09,38,30,70,138,827450000,493930000,57540000,965210000,155870000,2.5e+09,19,22,62,103,-19,-8,-8
"1_414",1428620000,185730000,13450000,252300000,619900000,2.5e+09,38,33,69,140,1486890000,184370000,27660000,297190000,503890000,2.5e+09,19,14,58,91,-19,-19,-11
"1_415",598640000,1093220000,206800000,541540000,59800000,2.5e+09,40,32,71,143,609670000,1065450000,244060000,529690000,51130000,2.5e+09,20,20,68,108,-20,-12,-3
"1_416",1031490000,608620000,45770000,693360000,120760000,2.5e+09,40,33,67,140,1054540000,604890000,57780000,686470000,96320000,2.5e+09,21,19,63,103,-19,-14,-4
"1_417",841730000,414350000,91730000,1042670000,109520000,2.5e+09,38,35,80,153,858520000,401040000,116290000,1027980000,96170000,2.5e+09,24,24,82,130,-14,-11,2
"1_418",1.119e+09,573430000,73330000,654070000,80170000,2.5e+09,37,29,69,135,1132360000,562260000,100530000,642580000,62270000,2.5e+09,24,22,72,118,-13,-7,3
"1_419",512750000,629370000,65840000,1227050000,64990000,2.5e+09,36,32,73,141,527640000,643190000,75970000,1193210000,59990000,2.5e+09,19,21,70,110,-17,-11,-3
"1_420",341160000,940950000,85600000,1095580000,36710000,2.5e+09,39,33,69,141,342880000,953820000,104120000,1061340000,37840000,2.5e+09,19,18,66,103,-20,-15,-3
"1_421",535040000,418570000,57720000,1451820000,36850000,2.5e+09,37,30,73,140,546480000,417540000,60400000,1448290000,27290000,2.5e+09,17,19,66,102,-20,-11,-7
"1_422",365680000,389820000,78580000,1639390000,26530000,2.5e+09,34,26,62,122,372200000,387170000,88670000,1627100000,24860000,2.5e+09,19,20,75,114,-15,-6,13
"1_423",764770000,1371370000,64280000,283860000,15720000,2.5e+09,40,29,73,142,767680000,1359990000,74110000,286410000,11810000,2.5e+09,19,16,62,97,-21,-13,-11
"1_424",822590000,805210000,57290000,758130000,56780000,2.5e+09,38,29,69,136,830650000,802460000,72450000,743930000,50510000,2.5e+09,20,21,69,110,-18,-8,0
"1_425",827590000,1166230000,38200000,444020000,23960000,2.5e+09,36,27,62,125,824530000,1164690000,47270000,439550000,23960000,2.5e+09,18,18,62,98,-18,-9,0
"1_426",1132470000,213300000,22680000,1094530000,37020000,2.5e+09,36,25,68,129,1133620000,216710000,25750000,1083790000,40130000,2.5e+09,15,18,59,92,-21,-7,-9
"1_427",684060000,1234460000,224890000,39350000,317240000,2.5e+09,34,32,74,140,685490000,1198510000,279240000,31020000,305740000,2.5e+09,23,18,61,102,-11,-14,-13
"1_428",74070000,1017520000,72590000,190010000,1145810000,2.5e+09,39,35,89,163,74270000,993400000,97180000,188850000,1146300000,2.5e+09,32,25,83,140,-7,-10,-6
"1_429",813500000,1239960000,131860000,46740000,267940000,2.5e+09,38,37,85,160,835800000,1209310000,168580000,47690000,238620000,2.5e+09,24,19,62,105,-14,-18,-23
"1_430",348420000,731130000,346330000,211230000,862890000,2.5e+09,38,31,77,146,330160000,666530000,420650000,208060000,874600000,2.5e+09,31,23,79,133,-7,-8,2
"1_431",1204550000,559560000,85860000,469740000,180290000,2.5e+09,39,32,73,144,1241600000,546590000,115960000,455220000,140630000,2.5e+09,22,20,63,105,-17,-12,-10
"1_432",974390000,878890000,108340000,226540000,311840000,2.5e+09,38,32,75,145,998590000,845720000,159300000,210790000,285600000,2.5e+09,23,18,65,106,-15,-14,-10
"1_433",1121080000,861760000,77140000,254680000,185340000,2.5e+09,35,40,82,157,1133300000,848930000,99860000,243320000,174590000,2.5e+09,25,20,74,119,-10,-20,-8
"1_434",1113230000,867100000,22650000,116190000,380830000,2.5e+09,35,35,74,144,1144530000,867030000,32360000,113580000,342500000,2.5e+09,23,18,63,104,-12,-17,-11
"1_435",412460000,900200000,431210000,704660000,51470000,2.5e+09,39,35,72,146,414870000,871720000,472680000,689460000,51270000,2.5e+09,22,23,79,124,-17,-12,7
"1_436",844380000,824040000,240660000,491950000,98970000,2.5e+09,35,31,65,131,849420000,788760000,301210000,475610000,8.5e+07,2.5e+09,20,19,65,104,-15,-12,0
"1_437",625400000,1261060000,270940000,192320000,150280000,2.5e+09,42,41,85,168,612710000,1217910000,329110000,187590000,152680000,2.5e+09,26,25,90,141,-16,-16,5
"1_438",696810000,1372750000,110310000,296770000,23360000,2.5e+09,37,34,71,142,691430000,1321580000,158210000,300820000,27960000,2.5e+09,22,19,73,114,-15,-15,2
"1_439",581700000,719750000,161210000,968450000,68890000,2.5e+09,39,32,74,145,593710000,706560000,182470000,963130000,54130000,2.5e+09,21,23,75,119,-18,-9,1
"1_440",668570000,822040000,116470000,855240000,37680000,2.5e+09,37,31,64,132,668950000,804020000,142250000,849070000,35710000,2.5e+09,21,23,77,121,-16,-8,13
"1_441",581990000,1267850000,92980000,514750000,42430000,2.5e+09,39,34,78,151,583440000,1240690000,122670000,512350000,40850000,2.5e+09,22,20,73,115,-17,-14,-5
"1_442",691320000,1033130000,103740000,568340000,103470000,2.5e+09,38,37,79,154,693850000,1020110000,133240000,554020000,98780000,2.5e+09,25,25,86,136,-13,-12,7
"1_443",1069140000,1030120000,30820000,347070000,22850000,2.5e+09,35,29,64,128,1069750000,1034570000,34500000,341980000,19200000,2.5e+09,15,16,58,89,-20,-13,-6
"1_444",788910000,781320000,69120000,821720000,38930000,2.5e+09,36,30,66,132,790170000,780640000,79390000,810400000,39400000,2.5e+09,18,18,66,102,-18,-12,0
"1_445",873450000,1160330000,58080000,379330000,28810000,2.5e+09,37,29,64,130,873390000,1148750000,75230000,374210000,28420000,2.5e+09,19,19,64,102,-18,-10,0
"1_446",725310000,1288770000,198330000,214270000,73320000,2.5e+09,37,30,68,135,712680000,1262280000,228100000,206680000,90260000,2.5e+09,21,24,78,123,-16,-6,10
"1_447",105270000,54640000,137570000,1680000,1873080000,2172240000,31,25,64,120,94730000,35600000,161550000,1330000,1879030000,2172240000,21,13,54,88,-10,-12,-10
"1_448",1088700000,811490000,50270000,136440000,413100000,2.5e+09,37,42,83,162,1120260000,799420000,69410000,131350000,379560000,2.5e+09,25,18,64,107,-12,-24,-19
"1_449",1177680000,717870000,153940000,12560000,437950000,2.5e+09,35,33,82,150,1151500000,661670000,224980000,13800000,448050000,2.5e+09,24,19,70,113,-11,-14,-12
"1_450",1182650000,266250000,43410000,556560000,451130000,2.5e+09,35,40,74,149,1195970000,261440000,51140000,544690000,446760000,2.5e+09,23,18,63,104,-12,-22,-11
"1_451",1122500000,545770000,15500000,226720000,589510000,2.5e+09,33,40,76,149,1156930000,546160000,22260000,216690000,557960000,2.5e+09,25,19,63,107,-8,-21,-13
"1_452",1084700000,780220000,152280000,348840000,133960000,2.5e+09,40,39,78,157,1087380000,762680000,182130000,344700000,123110000,2.5e+09,21,23,75,119,-19,-16,-3
"1_453",1118820000,598190000,217280000,375980000,189730000,2.5e+09,38,40,75,153,1126870000,563680000,261680000,367010000,180760000,2.5e+09,24,17,65,106,-14,-23,-10
"1_454",1320280000,404490000,65970000,602720000,106540000,2.5e+09,39,36,76,151,1324310000,398270000,77300000,594570000,105550000,2.5e+09,21,22,74,117,-18,-14,-2
"1_455",1096980000,599850000,253960000,404620000,144590000,2.5e+09,38,32,78,148,1097080000,576280000,288350000,396830000,141460000,2.5e+09,24,22,74,120,-14,-10,-4
"1_456",982430000,918280000,73340000,488010000,37940000,2.5e+09,38,29,69,136,973480000,914980000,83370000,478040000,50130000,2.5e+09,20,18,69,107,-18,-11,0
"1_457",1078720000,745450000,140470000,482890000,52470000,2.5e+09,37,32,68,137,1092550000,743160000,164050000,464870000,35370000,2.5e+09,22,22,74,118,-15,-10,6
"1_458",403720000,1217580000,45710000,809180000,23810000,2.5e+09,37,29,62,128,418530000,1222930000,52240000,795260000,11040000,2.5e+09,14,17,58,89,-23,-12,-4
"1_459",397580000,1367530000,57240000,666650000,1.1e+07,2.5e+09,37,30,60,127,403310000,1364070000,75570000,647620000,9430000,2.5e+09,19,18,62,99,-18,-12,2
"1_460",345130000,1932740000,134290000,67820000,20020000,2.5e+09,37,30,59,126,345260000,1926680000,149140000,64620000,14300000,2.5e+09,17,18,57,92,-20,-12,-2
"1_461",254060000,2117850000,48020000,65890000,14180000,2.5e+09,34,28,59,121,252770000,2112530000,57450000,61410000,15840000,2.5e+09,17,20,58,95,-17,-8,-1
"1_462",357080000,1041620000,180830000,770260000,150210000,2.5e+09,43,32,80,155,357620000,1020320000,222460000,752980000,146620000,2.5e+09,20,23,73,116,-23,-9,-7
"1_463",412650000,969230000,58730000,1036340000,23050000,2.5e+09,34,29,57,120,431130000,980800000,73890000,1004750000,9430000,2.5e+09,14,16,53,83,-20,-13,-4
"1_464",581230000,1215880000,266780000,362990000,73120000,2.5e+09,37,31,65,133,584670000,1194500000,301440000,348670000,70720000,2.5e+09,18,23,67,108,-19,-8,2
"1_465",5.27e+08,1657840000,192490000,95500000,27170000,2.5e+09,34,28,56,118,527480000,1634260000,225940000,86990000,25330000,2.5e+09,14,17,59,90,-20,-11,3
"1_466",63380000,713050000,58810000,121900000,1341740000,2298880000,32,20,52,104,63180000,705630000,69390000,118430000,1342250000,2298880000,13,13,54,80,-19,-7,2
"1_467",292750000,1121130000,109200000,487080000,489840000,2.5e+09,39,31,65,135,296090000,1129620000,121410000,467270000,485610000,2.5e+09,15,18,59,92,-24,-13,-6
"1_468",335080000,1196660000,319490000,569570000,79200000,2.5e+09,40,26,70,136,278910000,839480000,328920000,953930000,98760000,2.5e+09,14,26,66,106,-26,0,-4
"1_469",125620000,283230000,104940000,327220000,1399900000,2240910000,41,28,70,139,88480000,202570000,104480000,443510000,1401870000,2240910000,13,19,64,96,-28,-9,-6
"1_470",111680000,935580000,157570000,123290000,1171880000,2.5e+09,41,27,70,138,99760000,787050000,194610000,233350000,1185230000,2.5e+09,15,23,66,104,-26,-4,-4
"1_471",53760000,2148770000,167920000,117950000,11600000,2.5e+09,40,27,66,133,60450000,1960910000,223660000,246460000,8520000,2.5e+09,12,26,67,105,-28,-1,1
"1_472",80530000,1478900000,527730000,189210000,223630000,2.5e+09,36,26,66,128,64570000,1210400000,603050000,351470000,270510000,2.5e+09,18,22,68,108,-18,-4,2
"1_473",45670000,899370000,71360000,85850000,1360460000,2462710000,44,32,73,149,61970000,782360000,93820000,146590000,1377970000,2462710000,17,28,69,114,-27,-4,-4
"1_474",9450000,335180000,33490000,40550000,2041640000,2460310000,32,18,50,100,9980000,298230000,50790000,54180000,2047130000,2460310000,12,20,57,89,-20,2,7
"1_475",162070000,2035810000,114800000,119750000,67570000,2.5e+09,43,31,74,148,191190000,1912840000,151360000,184050000,60560000,2.5e+09,20,28,73,121,-23,-3,-1
"1_476",49310000,7.21e+08,33820000,14560000,1431070000,2249760000,40,27,71,138,60010000,615100000,48270000,85640000,1440740000,2249760000,16,29,62,107,-24,2,-9
"1_477",112570000,2108030000,128760000,128070000,22570000,2.5e+09,44,30,77,151,115500000,1807610000,182160000,358250000,36480000,2.5e+09,15,24,64,103,-29,-6,-13
"1_478",588180000,1571210000,273850000,47590000,19170000,2.5e+09,36,31,56,123,582400000,1559040000,297910000,43070000,17580000,2.5e+09,24,21,64,109,-12,-10,8
"1_479",436710000,1811520000,158480000,52280000,41010000,2.5e+09,37,29,65,131,426660000,1762880000,206660000,51250000,52550000,2.5e+09,18,21,69,108,-19,-8,4
"1_480",798960000,1148650000,455160000,21150000,76080000,2.5e+09,39,32,65,136,795090000,1102670000,501170000,22570000,78500000,2.5e+09,23,23,72,118,-16,-9,7
"1_481",430230000,1820940000,106660000,109270000,32900000,2.5e+09,39,29,66,134,437150000,1800920000,132030000,100340000,29560000,2.5e+09,18,21,66,105,-21,-8,0
"1_482",351160000,1592880000,132310000,408620000,15030000,2.5e+09,35,28,55,118,349980000,1591790000,153390000,389160000,15680000,2.5e+09,17,20,50,87,-18,-8,-5
"1_483",638260000,1519500000,221770000,53720000,66750000,2.5e+09,39,30,69,138,641890000,1501060000,250300000,46530000,60220000,2.5e+09,20,19,69,108,-19,-11,0
"1_484",141090000,828340000,104690000,227760000,1194210000,2496090000,45,34,86,165,137940000,831840000,114180000,214490000,1197640000,2496090000,25,24,78,127,-20,-10,-8
"1_485",298590000,1753850000,124660000,286330000,36570000,2.5e+09,38,29,68,135,300600000,1767600000,136370000,262550000,32880000,2.5e+09,15,17,61,93,-23,-12,-7
"1_486",107860000,1820420000,350300000,178710000,42710000,2.5e+09,35,28,60,123,109600000,1778680000,394730000,178820000,38170000,2.5e+09,16,17,61,94,-19,-11,1
"1_487",145440000,2112010000,145130000,29840000,67580000,2.5e+09,38,29,61,128,145330000,2086380000,170160000,30730000,67400000,2.5e+09,19,19,67,105,-19,-10,6
"1_488",55830000,802280000,101280000,116860000,1409700000,2485950000,41,33,75,149,58510000,793100000,122480000,102120000,1409740000,2485950000,23,23,72,118,-18,-10,-3
"1_489",63180000,2062850000,209250000,150180000,14540000,2.5e+09,38,31,65,134,64990000,2020230000,250500000,150850000,13430000,2.5e+09,25,24,71,120,-13,-7,6
"1_490",19350000,414310000,58610000,129870000,1363660000,1985800000,34,23,62,119,24440000,345990000,77900000,167070000,1370400000,1985800000,14,24,61,99,-20,1,-1
"1_491",402680000,1918660000,88820000,24470000,65370000,2.5e+09,38,29,61,128,406470000,1901560000,95170000,21530000,75270000,2.5e+09,21,23,69,113,-17,-6,8
"1_492",636840000,1672470000,102500000,36150000,52040000,2.5e+09,42,30,76,148,649260000,1655660000,117780000,35440000,41860000,2.5e+09,19,22,65,106,-23,-8,-11
"1_493",232160000,2074300000,100880000,53060000,39600000,2.5e+09,40,30,61,131,217830000,2061840000,113840000,23440000,83050000,2.5e+09,21,20,61,102,-19,-10,0
"1_494",785700000,1412910000,86920000,175160000,39310000,2.5e+09,38,29,64,131,788380000,1402180000,101930000,170120000,37390000,2.5e+09,20,22,66,108,-18,-7,2
"1_495",738790000,1431280000,153690000,123340000,52900000,2.5e+09,42,30,74,146,743540000,1417980000,171080000,119040000,48360000,2.5e+09,20,23,69,112,-22,-7,-5
"1_496",547500000,1700210000,99310000,129980000,2.3e+07,2.5e+09,33,23,55,111,552540000,1692020000,109960000,126930000,18550000,2.5e+09,15,20,58,93,-18,-3,3
"1_497",317550000,1916500000,120880000,98020000,47050000,2.5e+09,43,32,70,145,324070000,1895270000,145500000,86890000,48270000,2.5e+09,21,21,62,104,-22,-11,-8
"1_498",485860000,1806370000,95820000,42370000,69580000,2.5e+09,41,32,65,138,504120000,1791320000,110050000,41860000,52650000,2.5e+09,18,20,61,99,-23,-12,-4
"1_499",201650000,1555510000,417560000,241950000,83330000,2.5e+09,41,30,67,138,216930000,1508320000,482570000,227120000,65060000,2.5e+09,24,22,69,115,-17,-8,2
"1_500",140740000,2025420000,161340000,153640000,18860000,2.5e+09,36,29,61,126,142190000,2024170000,173970000,140250000,19420000,2.5e+09,19,20,65,104,-17,-9,4
"1_501",375320000,1069370000,424690000,559900000,70720000,2.5e+09,38,25,63,126,388770000,1069500000,437660000,548740000,55330000,2.5e+09,18,21,69,108,-20,-4,6
"1_502",476980000,939490000,113610000,955750000,14170000,2.5e+09,40,28,66,134,478330000,952950000,119250000,934730000,14740000,2.5e+09,18,21,71,110,-22,-7,5
"1_503",59620000,1336750000,361070000,203650000,538910000,2.5e+09,43,26,76,145,61750000,1315680000,375150000,207590000,539830000,2.5e+09,26,29,77,132,-17,3,1
"1_504",51250000,1557310000,709380000,156870000,25190000,2.5e+09,35,25,60,120,51660000,1524720000,744210000,155830000,23580000,2.5e+09,20,22,67,109,-15,-3,7
"1_505",94560000,1310090000,553570000,113800000,427980000,2.5e+09,44,26,79,149,97840000,1262810000,587530000,123480000,428340000,2.5e+09,26,29,85,140,-18,3,6
"1_506",23970000,124570000,282460000,167470000,1595780000,2194250000,44,27,70,141,26330000,102840000,329390000,1.42e+08,1593690000,2194250000,21,24,73,118,-23,-3,3
"1_507",34030000,1203980000,202410000,97420000,962160000,2.5e+09,45,29,76,150,49590000,1145740000,236940000,105950000,961780000,2.5e+09,23,33,86,142,-22,4,10
"1_508",695660000,1363730000,72070000,213820000,154720000,2.5e+09,41,32,72,145,701700000,1348660000,93470000,201250000,154920000,2.5e+09,21,26,74,121,-20,-6,2
"1_509",1118260000,1170420000,45240000,139430000,26650000,2.5e+09,39,29,58,126,1110530000,1166090000,56740000,135010000,31630000,2.5e+09,17,18,65,100,-22,-11,7
"1_510",985120000,1030260000,44620000,326470000,113530000,2.5e+09,37,29,68,134,1038580000,1035250000,54560000,316690000,54920000,2.5e+09,19,16,61,96,-18,-13,-7
"1_511",882350000,826260000,61660000,700850000,28880000,2.5e+09,34,25,54,113,884940000,840260000,74870000,674940000,24990000,2.5e+09,15,15,56,86,-19,-10,2
"1_512",510540000,1246370000,43180000,609140000,90770000,2.5e+09,42,34,74,150,536950000,1263930000,46020000,590270000,62830000,2.5e+09,22,24,70,116,-20,-10,-4
"1_513",445990000,1624530000,68660000,206280000,154540000,2.5e+09,39,34,73,146,464810000,1630430000,76420000,195640000,132700000,2.5e+09,24,23,74,121,-15,-11,1
"1_514",733190000,1028530000,107290000,580600000,50390000,2.5e+09,41,29,76,146,743180000,1054930000,126090000,537940000,37860000,2.5e+09,20,24,69,113,-21,-5,-7
"1_515",827950000,1089990000,56170000,414370000,111520000,2.5e+09,40,32,74,146,885510000,1119740000,64180000,383510000,47060000,2.5e+09,21,24,72,117,-19,-8,-2
"1_516",624160000,1186240000,443880000,201800000,43920000,2.5e+09,33,23,58,114,629750000,1170110000,458800000,198600000,42740000,2.5e+09,15,20,64,99,-18,-3,6
"1_517",1369850000,394060000,138860000,547560000,49670000,2.5e+09,38,31,74,143,1359770000,402180000,152650000,524580000,60820000,2.5e+09,17,21,67,105,-21,-10,-7
"1_518",1131040000,677740000,189520000,464910000,36790000,2.5e+09,32,24,64,120,1115020000,673160000,193530000,463360000,54930000,2.5e+09,17,16,56,89,-15,-8,-8
"1_519",1172050000,697070000,114240000,483560000,33080000,2.5e+09,35,26,68,129,1155170000,692010000,123740000,479170000,49910000,2.5e+09,18,18,61,97,-17,-8,-7
"1_520",3.59e+08,930410000,738630000,403740000,68220000,2.5e+09,40,24,68,132,358030000,924580000,750240000,401400000,65750000,2.5e+09,21,28,71,120,-19,4,3
"1_521",491460000,1219960000,442530000,152090000,193960000,2.5e+09,43,27,80,150,487090000,1186940000,478300000,144780000,202890000,2.5e+09,23,29,82,134,-20,2,2
"1_522",237610000,1268880000,741420000,174470000,77620000,2.5e+09,41,28,74,143,240360000,1247180000,765920000,169080000,77460000,2.5e+09,22,26,79,127,-19,-2,5
"1_523",37020000,398510000,545250000,1299040000,220180000,2.5e+09,44,29,78,151,40010000,337890000,654130000,1219840000,248130000,2.5e+09,27,34,82,143,-17,5,4
"1_524",209280000,1236130000,413440000,476700000,164450000,2.5e+09,43,33,82,158,210600000,1143490000,487180000,455170000,203560000,2.5e+09,24,31,84,139,-19,-2,2
"1_525",699640000,533300000,332780000,707870000,226410000,2.5e+09,42,33,80,155,7e+08,525300000,385500000,660820000,228380000,2.5e+09,25,32,83,140,-17,-1,3
"1_526",285040000,1334940000,396040000,403310000,80670000,2.5e+09,45,28,78,151,282880000,1295390000,462510000,361410000,97810000,2.5e+09,21,34,81,136,-24,6,3
"1_527",13320000,362980000,44950000,120440000,1958310000,2.5e+09,40,25,75,140,14670000,355860000,55010000,117150000,1957310000,2.5e+09,21,26,72,119,-19,1,-3
"1_528",75610000,438160000,412780000,733360000,840090000,2.5e+09,43,31,77,151,72780000,407990000,474650000,698610000,845970000,2.5e+09,23,30,75,128,-20,-1,-2
"1_529",35510000,126060000,120610000,1394570000,823250000,2.5e+09,40,29,77,146,36720000,134710000,145610000,1339520000,843440000,2.5e+09,21,33,78,132,-19,4,1
"1_530",245640000,908860000,148930000,318420000,878150000,2.5e+09,45,38,89,172,241260000,917970000,193010000,248650000,899110000,2.5e+09,26,35,87,148,-19,-3,-2
"1_531",3500000,170320000,25610000,337790000,1961100000,2498320000,39,29,67,135,4460000,178220000,30180000,321230000,1964230000,2498320000,21,31,74,126,-18,2,7
"1_532",685710000,806860000,171950000,677830000,157650000,2.5e+09,41,30,68,139,729790000,810290000,200180000,655390000,104350000,2.5e+09,18,20,65,103,-23,-10,-3
"1_533",967030000,633440000,67910000,797490000,34130000,2.5e+09,37,26,64,127,975380000,623670000,82780000,793140000,25030000,2.5e+09,20,19,61,100,-17,-7,-3
"1_534",108460000,282770000,10450000,15240000,1965560000,2382480000,42,33,78,153,108100000,282300000,11920000,15120000,1965040000,2382480000,11,26,55,92,-31,-7,-23
"1_535",3.3e+07,130950000,42750000,28940000,2192310000,2427950000,42,31,79,152,32610000,129250000,46130000,28900000,2191060000,2427950000,15,25,57,97,-27,-6,-22
"1_536",0,15670000,0,0,1463900000,1479570000,26,20,49,95,0,15670000,0,0,1463900000,1479570000,10,20,41,71,-16,0,-8
"1_537",765180000,261830000,7860000,37540000,1427590000,2.5e+09,38,31,79,148,759080000,261390000,8320000,37570000,1433640000,2.5e+09,13,28,60,101,-25,-3,-19
"1_538",349260000,597940000,117150000,96270000,1339380000,2.5e+09,41,39,90,170,349430000,587950000,130200000,95820000,1336600000,2.5e+09,18,35,71,124,-23,-4,-19
"1_539",661800000,139270000,100880000,2200000,1595850000,2.5e+09,39,27,68,134,660700000,138190000,105210000,2220000,1593680000,2.5e+09,14,27,57,98,-25,0,-11
"1_540",518910000,214960000,28710000,8910000,1728510000,2.5e+09,39,31,73,143,513630000,215760000,31280000,8910000,1730420000,2.5e+09,13,28,60,101,-26,-3,-13
"1_541",609790000,86350000,940000,9690000,1793230000,2.5e+09,37,25,69,131,609610000,86340000,1100000,9690000,1793260000,2.5e+09,14,29,50,93,-23,4,-19
"1_542",1154460000,431960000,182640000,507380000,223560000,2.5e+09,36,34,73,143,1168520000,416040000,206470000,497780000,211190000,2.5e+09,24,19,60,103,-12,-15,-13
"1_543",698210000,270610000,74460000,4410000,1452310000,2.5e+09,35,27,68,130,695800000,269280000,79280000,4360000,1451280000,2.5e+09,12,29,62,103,-23,2,-6
"1_544",193330000,88850000,5260000,4240000,2208320000,2.5e+09,43,32,77,152,193230000,88850000,5670000,4240000,2208010000,2.5e+09,12,21,51,84,-31,-11,-26
"1_545",554400000,127030000,9260000,440000,1808870000,2.5e+09,38,27,73,138,553710000,127030000,9510000,440000,1809310000,2.5e+09,9,28,55,92,-29,1,-18
"1_546",640000,19720000,550000,2260000,1739640000,1762810000,42,33,78,153,640000,19720000,550000,2260000,1739640000,1762810000,13,24,49,86,-29,-9,-29
"1_547",428420000,252430000,130960000,4470000,1683720000,2.5e+09,32,26,63,121,414420000,238640000,149250000,4740000,1692950000,2.5e+09,23,19,62,104,-9,-7,-1
"1_548",985620000,500350000,27600000,241130000,745300000,2.5e+09,39,39,80,158,1040180000,493340000,39320000,238870000,688290000,2.5e+09,29,17,67,113,-10,-22,-13
"1_549",1297450000,574060000,97640000,99390000,431460000,2.5e+09,37,29,74,140,1238490000,549960000,141510000,109440000,460600000,2.5e+09,23,16,58,97,-14,-13,-16
"1_550",403780000,91210000,11430000,592050000,1401530000,2.5e+09,31,37,66,134,425610000,90270000,14990000,576050000,1393080000,2.5e+09,17,14,51,82,-14,-23,-15
"1_551",885740000,441360000,36110000,421220000,715570000,2.5e+09,32,38,71,141,907330000,440130000,42190000,414850000,695500000,2.5e+09,25,19,59,103,-7,-19,-12
"1_552",975480000,236230000,72140000,645120000,571030000,2.5e+09,29,32,62,123,1014620000,225930000,87220000,623310000,548920000,2.5e+09,24,17,61,102,-5,-15,-1
"1_553",1228220000,71980000,4480000,535770000,659550000,2.5e+09,34,35,69,138,1310080000,64310000,6170000,523360000,596080000,2.5e+09,20,19,52,91,-14,-16,-17
"1_554",802800000,214440000,307660000,154190000,1020910000,2.5e+09,34,35,72,141,751150000,186960000,352150000,154500000,1055240000,2.5e+09,23,17,62,102,-11,-18,-10
"1_555",1150230000,123590000,39300000,482890000,703990000,2.5e+09,32,36,68,136,1155640000,124580000,44390000,324250000,851140000,2.5e+09,18,17,53,88,-14,-19,-15
"1_556",68270000,37900000,133720000,11850000,1648080000,1899820000,30,21,49,100,69600000,25090000,147830000,11300000,1.646e+09,1899820000,21,16,52,89,-9,-5,3
"1_557",811470000,34750000,28190000,678790000,946800000,2.5e+09,35,33,66,134,832480000,39240000,34400000,451850000,1142030000,2.5e+09,15,15,51,81,-20,-18,-15
"1_558",607580000,63370000,16370000,688110000,1124570000,2.5e+09,33,32,66,131,636190000,58860000,18780000,492570000,1293600000,2.5e+09,17,15,46,78,-16,-17,-20
"1_559",674390000,1239160000,271710000,181430000,133310000,2.5e+09,36,38,79,153,660220000,1211800000,305020000,63510000,259450000,2.5e+09,23,19,63,105,-13,-19,-16
"1_560",924310000,1016870000,69120000,276760000,212940000,2.5e+09,33,34,63,130,913430000,998440000,89230000,81010000,417890000,2.5e+09,23,18,58,99,-10,-16,-5
"1_561",658470000,68480000,70830000,638230000,1063990000,2.5e+09,34,35,68,137,679890000,72440000,77770000,555090000,1114810000,2.5e+09,21,16,56,93,-13,-19,-12
"1_562",547130000,51070000,37770000,769260000,1094770000,2.5e+09,29,33,61,123,573650000,56500000,40870000,718080000,1110900000,2.5e+09,18,14,52,84,-11,-19,-9
"1_563",566490000,110760000,35600000,495670000,1291480000,2.5e+09,31,33,66,130,560470000,129780000,37640000,241310000,1530800000,2.5e+09,20,15,51,86,-11,-18,-15
"1_564",658250000,307660000,58580000,581940000,893570000,2.5e+09,36,39,72,147,641600000,281420000,70710000,210930000,1295340000,2.5e+09,20,13,52,85,-16,-26,-20
"1_565",648910000,1282890000,191460000,148290000,228450000,2.5e+09,46,40,86,172,640210000,1210870000,210020000,209350000,229550000,2.5e+09,28,23,76,127,-18,-17,-10
"1_566",979300000,219240000,168680000,479930000,652850000,2.5e+09,41,39,85,165,980110000,217910000,182550000,478370000,641060000,2.5e+09,26,21,71,118,-15,-18,-14
"1_567",702720000,729960000,167500000,725070000,174750000,2.5e+09,38,36,77,151,646080000,670430000,177910000,711180000,294400000,2.5e+09,22,19,68,109,-16,-17,-9
"1_568",730830000,166630000,111220000,705470000,785850000,2.5e+09,38,38,79,155,595110000,174580000,117290000,602870000,1010150000,2.5e+09,25,17,56,98,-13,-21,-23
"1_569",1213880000,658020000,197610000,386700000,43790000,2.5e+09,37,37,77,151,1209080000,606010000,236980000,396160000,51770000,2.5e+09,20,21,66,107,-17,-16,-11
"1_570",974330000,654020000,91540000,679530000,100580000,2.5e+09,42,36,76,154,983190000,579200000,100330000,747040000,90240000,2.5e+09,22,17,60,99,-20,-19,-16
"1_571",836480000,1177890000,321130000,99290000,65210000,2.5e+09,42,35,77,154,846320000,1118110000,377750000,104030000,53790000,2.5e+09,22,26,78,126,-20,-9,1
"1_572",966290000,993740000,239050000,228240000,72680000,2.5e+09,41,35,80,156,933110000,992900000,249030000,240080000,84880000,2.5e+09,24,24,72,120,-17,-11,-8
"1_573",945450000,242290000,53140000,159340000,1099780000,2.5e+09,34,31,64,129,944110000,269240000,55180000,101930000,1129540000,2.5e+09,19,16,52,87,-15,-15,-12
"1_574",540690000,1794640000,107610000,44170000,12890000,2.5e+09,30,26,60,116,517880000,1795080000,130910000,41300000,14830000,2.5e+09,22,15,53,90,-8,-11,-7
"1_575",1071490000,1169080000,58510000,112840000,88080000,2.5e+09,34,26,63,123,1064310000,1190360000,69110000,94390000,81830000,2.5e+09,18,13,50,81,-16,-13,-13
"1_576",208420000,2096040000,109450000,8300000,77790000,2.5e+09,32,30,70,132,190850000,2074520000,133470000,5330000,95830000,2.5e+09,23,20,61,104,-9,-10,-9
"1_577",935500000,470460000,114120000,78790000,901130000,2.5e+09,32,24,58,114,935320000,478700000,118770000,63370000,903840000,2.5e+09,16,11,50,77,-16,-13,-8
"1_578",1063900000,86870000,38180000,396340000,914710000,2.5e+09,31,34,68,133,1041540000,82170000,60100000,180050000,1136140000,2.5e+09,19,15,46,80,-12,-19,-22
"1_579",397640000,1747120000,148820000,80390000,126030000,2.5e+09,36,38,80,154,396060000,1708930000,174090000,59150000,161770000,2.5e+09,24,21,72,117,-12,-17,-8
"1_580",1136500000,491590000,503140000,46020000,322750000,2.5e+09,34,34,75,143,1110260000,485770000,545500000,30970000,327500000,2.5e+09,27,21,66,114,-7,-13,-9
"1_581",194110000,1986570000,247820000,7430000,64070000,2.5e+09,32,27,64,123,183600000,1961030000,272590000,4360000,78420000,2.5e+09,25,20,64,109,-7,-7,0
"1_582",787970000,60590000,46720000,850550000,754170000,2.5e+09,33,31,66,130,724880000,182280000,47990000,650160000,894690000,2.5e+09,20,20,57,97,-13,-11,-9
"1_583",662560000,70860000,43990000,477650000,1244940000,2.5e+09,32,36,69,137,594390000,61630000,58730000,362350000,1422900000,2.5e+09,21,16,51,88,-11,-20,-18
"1_584",413860000,11880000,24180000,769640000,1280440000,2.5e+09,29,31,63,123,402410000,27610000,25530000,707570000,1336880000,2.5e+09,19,15,55,89,-10,-16,-8
"1_585",1290410000,59780000,69790000,389520000,690500000,2.5e+09,33,35,70,138,1270130000,78660000,71810000,2.03e+08,876400000,2.5e+09,21,20,62,103,-12,-15,-8
"1_586",1322210000,644120000,218350000,278410000,36910000,2.5e+09,41,28,76,145,1301920000,503400000,236430000,413480000,44770000,2.5e+09,20,20,68,108,-21,-8,-8
"1_587",802090000,1107680000,286630000,226320000,77280000,2.5e+09,41,31,76,148,794460000,1120330000,297100000,207770000,80340000,2.5e+09,22,19,67,108,-19,-12,-9
"1_588",833730000,1194070000,301570000,115830000,54800000,2.5e+09,42,26,73,141,842490000,1061330000,324970000,223770000,47440000,2.5e+09,20,22,70,112,-22,-4,-3
"1_589",718900000,642860000,317270000,453870000,367100000,2.5e+09,44,36,85,165,714450000,680780000,325300000,409320000,370150000,2.5e+09,26,22,73,121,-18,-14,-12
"1_590",633040000,239710000,134950000,10020000,1439280000,2.457e+09,31,27,50,108,6.29e+08,238150000,142810000,13610000,1433430000,2.457e+09,25,15,57,97,-6,-12,7
"1_591",616460000,1637090000,73670000,31130000,141650000,2.5e+09,34,34,75,143,597670000,1616530000,86150000,19730000,179920000,2.5e+09,26,22,69,117,-8,-12,-6
"1_592",1559230000,279470000,42980000,110600000,507720000,2.5e+09,29,28,65,122,1550980000,281200000,42230000,90970000,534620000,2.5e+09,16,12,49,77,-13,-16,-16
"1_593",285200000,1986480000,119940000,2800000,105580000,2.5e+09,31,28,55,114,243830000,1966070000,144260000,5060000,140780000,2.5e+09,25,20,64,109,-6,-8,9
"1_594",1590510000,654800000,21390000,61820000,171480000,2.5e+09,29,28,56,113,1606910000,654120000,22760000,58620000,157590000,2.5e+09,14,12,50,76,-15,-16,-6
"1_595",1053170000,552140000,469520000,179350000,245820000,2.5e+09,40,40,78,158,1024410000,578300000,506500000,111330000,279460000,2.5e+09,25,21,68,114,-15,-19,-10
"1_596",52900000,1770730000,573630000,69870000,32870000,2.5e+09,35,26,59,120,34550000,1713660000,627560000,67520000,56710000,2.5e+09,24,15,62,101,-11,-11,3
"1_597",1277210000,399820000,208430000,283270000,331270000,2.5e+09,38,36,74,148,1239530000,447660000,231950000,208350000,372510000,2.5e+09,28,21,61,110,-10,-15,-13
"1_598",49690000,2154720000,255460000,18360000,21770000,2.5e+09,36,28,60,124,37280000,2119880000,290270000,17970000,34600000,2.5e+09,23,16,57,96,-13,-12,-3
"1_599",759180000,39900000,42400000,941510000,717010000,2.5e+09,31,32,64,127,690020000,57130000,51870000,790670000,910310000,2.5e+09,19,16,55,90,-12,-16,-9
"1_600",1053810000,92010000,54550000,453220000,846410000,2.5e+09,36,35,71,142,1031840000,98560000,62750000,309060000,997790000,2.5e+09,21,15,61,97,-15,-20,-10
"1_601",479580000,2e+06,23900000,729190000,1265330000,2.5e+09,27,32,55,114,400140000,8950000,27680000,615840000,1447390000,2.5e+09,18,15,47,80,-9,-17,-8
"1_602",789380000,105240000,30790000,455420000,1119170000,2.5e+09,29,31,64,124,783390000,121970000,39750000,312080000,1242810000,2.5e+09,24,16,58,98,-5,-15,-6
"1_603",485610000,1.082e+09,272580000,152800000,507010000,2.5e+09,43,30,77,150,480140000,921750000,293630000,298340000,506140000,2.5e+09,19,27,75,121,-24,-3,-2
"1_604",909120000,226340000,167600000,946490000,250450000,2.5e+09,35,36,70,141,878650000,236710000,177340000,878080000,329220000,2.5e+09,22,18,64,104,-13,-18,-6
"1_605",802060000,192800000,134710000,1283540000,86890000,2.5e+09,42,36,77,155,798640000,60840000,166370000,1402310000,71840000,2.5e+09,22,21,72,115,-20,-15,-5
"1_606",861340000,24890000,84550000,954720000,574500000,2.5e+09,33,31,66,130,853310000,27900000,105900000,949500000,563390000,2.5e+09,19,13,58,90,-14,-18,-8
"1_607",494860000,538850000,40330000,37940000,1388020000,2.5e+09,33,23,50,106,501390000,542470000,48050000,35740000,1372350000,2.5e+09,22,13,48,83,-11,-10,-2
"1_608",1207500000,964320000,25190000,124280000,178710000,2.5e+09,28,23,49,100,1216750000,996140000,34010000,125340000,127760000,2.5e+09,20,12,44,76,-8,-11,-5
"1_609",394610000,1067080000,29860000,43750000,964700000,2.5e+09,33,23,59,115,409460000,1089130000,34230000,41680000,925500000,2.5e+09,25,16,56,97,-8,-7,-3
"1_610",1557750000,601810000,127200000,83360000,129880000,2.5e+09,34,33,61,128,1541900000,612110000,143750000,70700000,131540000,2.5e+09,25,18,72,115,-9,-15,11
"1_611",569700000,1305830000,153040000,23180000,448250000,2.5e+09,33,23,61,117,536460000,1284280000,192190000,18610000,468460000,2.5e+09,26,18,60,104,-7,-5,-1
"1_612",1351520000,835750000,159920000,62960000,89850000,2.5e+09,31,28,57,116,1343560000,826630000,179890000,50340000,99580000,2.5e+09,22,19,56,97,-9,-9,-1
"1_613",886470000,1406740000,107920000,26070000,72800000,2.5e+09,31,23,55,109,893740000,1404890000,127550000,20650000,53170000,2.5e+09,22,16,44,82,-9,-7,-11
"1_614",114490000,2142240000,198840000,2340000,42090000,2.5e+09,32,28,65,125,44820000,2109150000,230960000,1980000,113090000,2.5e+09,23,19,63,105,-9,-9,-2
"1_615",803950000,1406940000,107440000,44660000,137010000,2.5e+09,28,29,62,119,803680000,1391890000,117390000,36230000,150810000,2.5e+09,22,15,59,96,-6,-14,-3
"1_616",35610000,2312270000,102360000,980000,48780000,2.5e+09,29,21,54,104,18500000,2292360000,123270000,290000,65580000,2.5e+09,24,18,56,98,-5,-3,2
"1_617",484980000,1650710000,202040000,44470000,117800000,2.5e+09,35,33,71,139,483710000,1619160000,226820000,40020000,130290000,2.5e+09,24,22,64,110,-11,-11,-7
"1_618",1449110000,232330000,62100000,261430000,495030000,2.5e+09,32,34,70,136,1428450000,266610000,66760000,194930000,543250000,2.5e+09,19,16,56,91,-13,-18,-14
"1_619",90820000,1850150000,246260000,67500000,245270000,2.5e+09,37,30,71,138,94710000,1807480000,287090000,66250000,244470000,2.5e+09,23,19,66,108,-14,-11,-5
"1_620",1405460000,492890000,132270000,310490000,158890000,2.5e+09,34,33,71,138,1412780000,471920000,150930000,308240000,156130000,2.5e+09,21,17,57,95,-13,-16,-14
"1_621",216260000,1934910000,253200000,31240000,64390000,2.5e+09,31,26,56,113,216350000,1928740000,293880000,32100000,28930000,2.5e+09,22,15,51,88,-9,-11,-5
"1_622",564340000,81130000,10870000,555430000,1288230000,2.5e+09,31,32,66,129,551600000,83850000,17380000,380760000,1466410000,2.5e+09,21,17,51,89,-10,-15,-15
"1_623",1084080000,204220000,41230000,538500000,631970000,2.5e+09,33,30,63,126,1087540000,200940000,46720000,388230000,776570000,2.5e+09,23,17,54,94,-10,-13,-9
"1_624",1522080000,409200000,102550000,162170000,3.04e+08,2.5e+09,33,31,67,131,1528790000,402640000,104810000,117480000,346280000,2.5e+09,23,18,57,98,-10,-13,-10
"1_625",935430000,158390000,75930000,983170000,347080000,2.5e+09,37,33,72,142,986300000,3360000,98690000,1140540000,271110000,2.5e+09,19,19,65,103,-18,-14,-7
"1_626",837530000,27260000,57730000,684210000,893270000,2.5e+09,25,28,48,101,841060000,2.1e+07,79390000,684330000,874220000,2.5e+09,18,12,49,79,-7,-16,1
"1_627",1238390000,101830000,74880000,541750000,543150000,2.5e+09,39,37,72,148,1280930000,11660000,78960000,668090000,460360000,2.5e+09,20,20,67,107,-19,-17,-5
"1_628",852720000,69940000,103130000,584380000,889830000,2.5e+09,31,27,60,118,850970000,74050000,122150000,562270000,890560000,2.5e+09,21,16,53,90,-10,-11,-7
"1_629",200090000,888320000,30830000,78760000,1217160000,2415160000,30,23,47,100,204720000,872360000,38150000,43350000,1256580000,2415160000,24,17,55,96,-6,-6,8
"1_630",561490000,1606090000,47940000,114640000,169840000,2.5e+09,31,25,57,113,575720000,1643750000,53900000,102440000,124190000,2.5e+09,20,15,53,88,-11,-10,-4
"1_631",682090000,1413310000,20150000,160580000,223870000,2.5e+09,31,22,51,104,728890000,1435370000,23080000,150140000,162520000,2.5e+09,22,13,54,89,-9,-9,3
"1_632",1472740000,819490000,29770000,41280000,136720000,2.5e+09,30,25,53,108,1473480000,824930000,32540000,38630000,130420000,2.5e+09,14,13,47,74,-16,-12,-6
"1_633",1292030000,918490000,68790000,61690000,1.59e+08,2.5e+09,32,26,57,115,1292470000,924620000,81160000,65730000,136020000,2.5e+09,22,16,56,94,-10,-10,-1
"1_634",11460000,2318450000,119960000,1040000,49090000,2.5e+09,26,19,41,86,9930000,2292730000,143100000,60000,54180000,2.5e+09,22,14,52,88,-4,-5,11
"1_635",72590000,2212650000,94010000,25100000,95650000,2.5e+09,35,29,73,137,67570000,2184610000,119070000,21630000,107120000,2.5e+09,25,18,65,108,-10,-11,-8
"1_636",807140000,1238870000,211170000,182540000,60280000,2.5e+09,35,37,75,147,828810000,1162140000,271950000,186950000,50150000,2.5e+09,23,17,57,97,-12,-20,-18
"1_637",104700000,2081430000,283030000,1330000,29510000,2.5e+09,28,19,44,91,116080000,2033440000,333240000,1010000,16230000,2.5e+09,20,13,44,77,-8,-6,0
"1_638",1172300000,82050000,28490000,482010000,735150000,2.5e+09,32,31,68,131,1175420000,81250000,31650000,404920000,806760000,2.5e+09,17,15,54,86,-15,-16,-14
"1_639",1371270000,265140000,49900000,259120000,554570000,2.5e+09,33,34,78,145,1394590000,207740000,59530000,267080000,571060000,2.5e+09,21,19,58,98,-12,-15,-20
"1_640",1475620000,42920000,106270000,704790000,170400000,2.5e+09,36,27,63,126,1415590000,43110000,135640000,717110000,188550000,2.5e+09,20,21,67,108,-16,-6,4
"1_641",703450000,14270000,30940000,806990000,944350000,2.5e+09,28,29,59,116,680840000,14600000,58560000,783460000,962540000,2.5e+09,15,10,43,68,-13,-19,-16
"1_642",1035150000,343460000,83610000,963090000,74690000,2.5e+09,35,24,64,123,1074340000,252850000,106630000,1006450000,59730000,2.5e+09,18,18,57,93,-17,-6,-7
"1_643",898490000,973760000,148960000,443640000,35150000,2.5e+09,34,27,64,125,969480000,745490000,192550000,563080000,29400000,2.5e+09,17,16,55,88,-17,-11,-9
"1_644",1120720000,1023250000,163270000,148500000,44260000,2.5e+09,37,25,65,127,1156350000,752920000,208610000,324090000,58030000,2.5e+09,18,16,60,94,-19,-9,-5
"1_645",1169780000,838360000,95180000,337090000,59590000,2.5e+09,34,23,61,118,1264620000,588790000,125410000,478070000,43110000,2.5e+09,15,16,54,85,-19,-7,-7
"1_646",255060000,1471790000,557680000,126600000,88870000,2.5e+09,40,24,69,133,276810000,1327810000,654140000,142820000,98420000,2.5e+09,22,23,75,120,-18,-1,6
"1_647",630120000,1133510000,315970000,283680000,136720000,2.5e+09,37,27,71,135,640730000,958310000,390170000,351510000,159280000,2.5e+09,24,21,72,117,-13,-6,1
"1_648",659260000,693590000,640300000,458560000,48290000,2.5e+09,33,19,63,115,692870000,252330000,745040000,740290000,69470000,2.5e+09,19,19,64,102,-14,0,1
"1_649",768660000,735560000,525830000,418820000,51130000,2.5e+09,35,23,67,125,793160000,413980000,606950000,631350000,54560000,2.5e+09,21,18,66,105,-14,-5,-1
"1_650",213850000,1154890000,180540000,920040000,30680000,2.5e+09,45,28,80,153,214440000,1127880000,217020000,903460000,37200000,2.5e+09,24,36,81,141,-21,8,1
"1_651",260290000,1301050000,318230000,516890000,103540000,2.5e+09,42,26,70,138,283850000,1175320000,380810000,538030000,121990000,2.5e+09,17,28,78,123,-25,2,8
"1_652",244690000,1860950000,222810000,157080000,14470000,2.5e+09,39,24,66,129,255720000,1658200000,295060000,271940000,19080000,2.5e+09,14,24,70,108,-25,0,4
"1_653",374290000,1137200000,779450000,151800000,57260000,2.5e+09,36,22,61,119,446520000,934250000,845020000,232050000,42160000,2.5e+09,15,19,69,103,-21,-3,8
"1_654",256100000,713140000,175430000,1231960000,123370000,2.5e+09,42,32,78,152,263940000,715570000,218310000,1138680000,163500000,2.5e+09,26,34,84,144,-16,2,6
"1_655",205380000,617290000,190180000,1379870000,107280000,2.5e+09,44,28,80,152,205840000,610980000,229380000,1333910000,119890000,2.5e+09,24,35,83,142,-20,7,3
"1_656",146680000,1822910000,176630000,297190000,56590000,2.5e+09,41,30,78,149,166910000,1707590000,2.24e+08,327800000,73700000,2.5e+09,20,33,74,127,-21,3,-4
"1_657",336700000,1754690000,130670000,161110000,116830000,2.5e+09,40,28,73,141,365600000,1534670000,191840000,298550000,109340000,2.5e+09,17,26,74,117,-23,-2,1
"1_658",14340000,4.42e+08,56970000,567130000,1419560000,2.5e+09,40,30,70,140,15230000,436570000,71790000,567370000,1409040000,2.5e+09,25,31,83,139,-15,1,13
"1_659",21410000,684620000,134940000,698440000,960590000,2.5e+09,41,27,74,142,22180000,601810000,157140000,759490000,959380000,2.5e+09,20,31,74,125,-21,4,0
"1_660",979240000,809170000,108230000,542800000,60560000,2.5e+09,39,31,74,144,964370000,806040000,130130000,532050000,67410000,2.5e+09,21,25,69,115,-18,-6,-5
"1_661",1468660000,434310000,127410000,413410000,56210000,2.5e+09,34,32,67,133,1468510000,411360000,163830000,407130000,49170000,2.5e+09,16,16,57,89,-18,-16,-10
"1_662",1346700000,775110000,151160000,180140000,46890000,2.5e+09,39,32,76,147,1327370000,752710000,184180000,180160000,55580000,2.5e+09,21,20,59,100,-18,-12,-17
"1_663",1054230000,1030350000,193480000,156420000,65520000,2.5e+09,43,37,78,158,1067810000,1.002e+09,217170000,159120000,53900000,2.5e+09,21,23,74,118,-22,-14,-4
"1_664",751020000,1047250000,245400000,379030000,77300000,2.5e+09,40,33,71,144,806860000,855670000,302640000,455840000,78990000,2.5e+09,19,22,69,110,-21,-11,-2
"1_665",458810000,1247540000,176960000,554250000,62440000,2.5e+09,41,30,76,147,467430000,1280980000,202040000,499250000,50300000,2.5e+09,18,24,74,116,-23,-6,-2
"1_666",845030000,967420000,296750000,370950000,19850000,2.5e+09,35,26,63,124,956170000,459100000,368280000,695720000,20730000,2.5e+09,17,13,57,87,-18,-13,-6
"1_667",975840000,835210000,166120000,492340000,30490000,2.5e+09,39,29,72,140,922820000,792310000,201790000,563810000,19270000,2.5e+09,18,21,64,103,-21,-8,-8
"1_668",1105220000,909850000,177790000,273790000,33350000,2.5e+09,37,25,70,132,1136900000,647150000,220770000,450160000,45020000,2.5e+09,17,18,56,91,-20,-7,-14
"1_669",622670000,1521290000,228660000,60950000,66430000,2.5e+09,36,28,73,137,683540000,1293670000,275910000,190220000,56660000,2.5e+09,21,22,63,106,-15,-6,-10
"1_670",841310000,1085870000,365060000,192850000,14910000,2.5e+09,40,26,76,142,859130000,905500000,428680000,288310000,18380000,2.5e+09,18,29,75,122,-22,3,-1
"1_671",778450000,1093490000,417020000,148890000,62150000,2.5e+09,39,26,74,139,789370000,822960000,483990000,338400000,65280000,2.5e+09,24,23,71,118,-15,-3,-3
"1_672",1432060000,515910000,226820000,295960000,29250000,2.5e+09,33,21,64,118,1288110000,140890000,265990000,562300000,242710000,2.5e+09,14,16,59,89,-19,-5,-5
"1_673",1233960000,308930000,255550000,670320000,31240000,2.5e+09,31,22,63,116,1264570000,62770000,303670000,796880000,72110000,2.5e+09,17,18,59,94,-14,-4,-4
"1_674",1270860000,760970000,97370000,340880000,29920000,2.5e+09,33,20,61,114,1222410000,375670000,119380000,653880000,128660000,2.5e+09,15,16,59,90,-18,-4,-2
"1_675",1109370000,798120000,191330000,384900000,16280000,2.5e+09,36,22,65,123,1125080000,523750000,224270000,585820000,41080000,2.5e+09,17,22,66,105,-19,0,1
"1_676",293310000,1884650000,246410000,63310000,12320000,2.5e+09,37,28,68,133,318550000,1485600000,331360000,343360000,21130000,2.5e+09,19,22,68,109,-18,-6,0
"1_677",244440000,1.787e+09,278920000,164930000,24710000,2.5e+09,38,22,67,127,264370000,1628380000,342490000,236660000,28100000,2.5e+09,17,24,67,108,-21,2,0
"1_678",339810000,1667660000,401990000,70960000,19580000,2.5e+09,39,27,73,139,354230000,1293010000,527320000,299370000,26070000,2.5e+09,16,23,71,110,-23,-4,-2
"1_679",648670000,1368260000,197700000,244580000,40790000,2.5e+09,36,26,73,135,661100000,1125350000,259300000,390500000,63750000,2.5e+09,17,22,68,107,-19,-4,-5
"1_680",230750000,1513510000,175470000,475670000,104600000,2.5e+09,40,28,73,141,269150000,1348830000,247130000,533400000,101490000,2.5e+09,17,29,71,117,-23,1,-2
"1_681",286230000,2028670000,77480000,86600000,21020000,2.5e+09,38,26,68,132,303880000,1820060000,129390000,220410000,26260000,2.5e+09,19,29,72,120,-19,3,4
"1_682",206640000,1233890000,321410000,696660000,41400000,2.5e+09,44,28,72,144,232610000,1069780000,392860000,765310000,39440000,2.5e+09,20,29,69,118,-24,1,-3
"1_683",169820000,1838430000,78100000,252440000,161210000,2.5e+09,42,27,72,141,212030000,1713210000,112200000,335260000,127300000,2.5e+09,17,28,72,117,-25,1,0
"1_684",112550000,521400000,150580000,1358980000,356490000,2.5e+09,39,29,76,144,127890000,505330000,191240000,1326470000,349070000,2.5e+09,19,25,73,117,-20,-4,-3
"1_685",23150000,294870000,50330000,280890000,1850760000,2.5e+09,38,28,76,142,28320000,298730000,56270000,264680000,1.852e+09,2.5e+09,20,30,75,125,-18,2,-1
"1_686",158280000,399440000,141050000,1400530000,400700000,2.5e+09,45,28,82,155,204620000,470980000,159850000,1287030000,377520000,2.5e+09,18,32,73,123,-27,4,-9
"1_687",29990000,659080000,59810000,335470000,1415650000,2.5e+09,42,33,81,156,35070000,631080000,76390000,335360000,1422100000,2.5e+09,21,34,79,134,-21,1,-2
"1_688",33090000,4960000,17870000,14990000,1436380000,1507290000,35,22,47,104,32010000,4790000,18570000,14850000,1437070000,1507290000,14,18,58,90,-21,-4,11
"1_689",174560000,1808910000,82210000,53170000,381150000,2.5e+09,42,31,72,145,180130000,1746720000,95580000,57850000,419720000,2.5e+09,19,33,74,126,-23,2,2
"1_690",29450000,961180000,71190000,76520000,1361660000,2.5e+09,43,33,81,157,39690000,967930000,79390000,51850000,1361140000,2.5e+09,18,32,70,120,-25,-1,-11
"1_691",967660000,9.34e+08,283110000,163270000,151960000,2.5e+09,43,35,78,156,1029850000,810560000,321840000,224810000,112940000,2.5e+09,23,24,72,119,-20,-11,-6
"1_692",1346090000,539680000,141320000,457410000,15500000,2.5e+09,36,27,69,132,1351690000,405250000,170490000,557340000,15230000,2.5e+09,18,20,65,103,-18,-7,-4
"1_693",1169920000,912170000,173060000,174550000,70300000,2.5e+09,33,22,59,114,1238160000,675910000,205930000,339360000,40640000,2.5e+09,17,17,62,96,-16,-5,3
"1_694",1057760000,815930000,192730000,417430000,16150000,2.5e+09,38,23,65,126,1080860000,450890000,227300000,717820000,23130000,2.5e+09,15,18,60,93,-23,-5,-5
"1_695",1275230000,919680000,190310000,103220000,11560000,2.5e+09,35,23,63,121,1300710000,713230000,2.2e+08,253590000,12470000,2.5e+09,19,16,60,95,-16,-7,-3
"1_696",1094300000,976420000,222990000,118270000,88020000,2.5e+09,41,29,75,145,1127600000,877270000,261180000,157040000,76910000,2.5e+09,24,24,70,118,-17,-5,-5
"1_697",857340000,990300000,453830000,134840000,63690000,2.5e+09,42,30,76,148,883170000,812090000,492860000,237460000,74420000,2.5e+09,21,26,76,123,-21,-4,0
"1_698",904080000,1080010000,321500000,105660000,88750000,2.5e+09,36,25,65,126,1004760000,918320000,367050000,178260000,31610000,2.5e+09,19,22,66,107,-17,-3,1
"1_699",1191280000,6.31e+08,115550000,525530000,36640000,2.5e+09,36,26,70,132,1211980000,368600000,148410000,737320000,33690000,2.5e+09,14,18,63,95,-22,-8,-7
"1_700",1378510000,766010000,180380000,125110000,49990000,2.5e+09,38,27,74,139,1407410000,542010000,217560000,302100000,30920000,2.5e+09,15,18,60,93,-23,-9,-14
"1_701",1063980000,992740000,86980000,3.39e+08,17300000,2.5e+09,37,22,70,129,1085970000,742850000,117660000,539460000,14060000,2.5e+09,19,17,61,97,-18,-5,-9
"1_702",541680000,1691070000,189640000,49710000,27900000,2.5e+09,39,29,78,146,566870000,1534910000,234390000,139690000,24140000,2.5e+09,18,25,62,105,-21,-4,-16
"1_703",947420000,1151850000,219070000,156020000,25640000,2.5e+09,33,20,63,116,955100000,922870000,270380000,305810000,45840000,2.5e+09,18,21,65,104,-15,1,2
"1_704",1064460000,869980000,98980000,450570000,16010000,2.5e+09,35,19,53,107,1059450000,707110000,122080000,576890000,34470000,2.5e+09,14,17,57,88,-21,-2,4
"1_705",9.66e+08,1278350000,102620000,142820000,10210000,2.5e+09,35,27,73,135,974220000,963370000,124890000,420620000,16900000,2.5e+09,21,21,63,105,-14,-6,-10
"1_706",983990000,908950000,138780000,451630000,16650000,2.5e+09,37,27,76,140,1001140000,600140000,164640000,715380000,18700000,2.5e+09,19,23,64,106,-18,-4,-12
"1_707",746580000,1463550000,198490000,76520000,14860000,2.5e+09,35,24,68,127,749020000,1307250000,241040000,178630000,24060000,2.5e+09,15,26,64,105,-20,2,-4
"1_708",977570000,1213720000,107670000,190170000,10870000,2.5e+09,34,26,69,129,984680000,1010610000,139350000,341820000,23540000,2.5e+09,17,19,61,97,-17,-7,-8
"1_709",520090000,1597020000,270080000,80890000,31920000,2.5e+09,42,30,78,150,532150000,1502560000,312100000,114920000,38270000,2.5e+09,20,26,70,116,-22,-4,-8
"1_710",887370000,1267930000,172500000,144540000,27660000,2.5e+09,38,27,74,139,908530000,1112960000,194900000,253160000,30450000,2.5e+09,19,24,63,106,-19,-3,-11
"1_711",413780000,1277330000,137630000,627200000,44060000,2.5e+09,43,24,73,140,476110000,1209880000,168500000,626410000,19100000,2.5e+09,16,26,70,112,-27,2,-3
"1_712",479550000,1432540000,205680000,271080000,111150000,2.5e+09,44,27,80,151,530840000,1250530000,246550000,382440000,89640000,2.5e+09,19,30,75,124,-25,3,-5
"1_713",1177440000,895180000,95970000,159780000,171630000,2.5e+09,41,26,72,139,1231720000,754020000,125310000,231510000,157440000,2.5e+09,19,24,68,111,-22,-2,-4
"1_714",835050000,1134070000,240130000,220880000,69870000,2.5e+09,40,27,79,146,887240000,1007720000,265220000,286990000,52830000,2.5e+09,20,27,76,123,-20,0,-3
"1_715",142940000,942050000,128840000,1110380000,175790000,2.5e+09,41,32,79,152,160830000,942900000,156250000,1050920000,189100000,2.5e+09,20,30,72,122,-21,-2,-7
"1_716",219810000,1118490000,154810000,9.09e+08,97880000,2499990000,47,27,81,155,257620000,1150380000,197980000,799670000,94350000,2.5e+09,17,30,77,124,-30,3,-4
"1_717",287800000,1417270000,169650000,549360000,75920000,2.5e+09,45,28,77,150,340200000,1237640000,229590000,619450000,73120000,2.5e+09,18,26,73,117,-27,-2,-4
"1_718",438130000,1034210000,652690000,291340000,83630000,2.5e+09,45,30,91,166,456670000,738670000,752670000,461030000,90960000,2.5e+09,20,31,75,126,-25,1,-16
"1_719",132260000,1432780000,115770000,573650000,245540000,2.5e+09,41,30,78,149,147200000,1516480000,140270000,439530000,256520000,2.5e+09,14,28,73,115,-27,-2,-5
"1_720",141430000,694400000,125500000,1402560000,136110000,2.5e+09,42,26,67,135,152640000,1039260000,167320000,1012260000,128520000,2.5e+09,19,32,77,128,-23,6,10
"1_721",28540000,538160000,39030000,28480000,1865790000,2.5e+09,41,30,75,146,31540000,505340000,45350000,51810000,1865960000,2.5e+09,19,31,68,118,-22,1,-7
"1_722",158360000,1146350000,152880000,269550000,772860000,2.5e+09,48,26,80,154,172310000,980360000,179390000,392610000,775330000,2.5e+09,17,31,77,125,-31,5,-3
"1_723",194500000,1885860000,154530000,29930000,235180000,2.5e+09,39,26,68,133,198830000,1818670000,196930000,33910000,251660000,2.5e+09,16,26,68,110,-23,0,0
"1_724",49460000,1721830000,113110000,19280000,596320000,2.5e+09,36,27,71,134,90200000,1672980000,132900000,20120000,583800000,2.5e+09,16,31,69,116,-20,4,-2
"1_725",63860000,781160000,57560000,9940000,1587480000,2.5e+09,38,26,71,135,71080000,758850000,74570000,10100000,1585400000,2.5e+09,18,30,65,113,-20,4,-6
"1_726",881520000,1019990000,324560000,257820000,16110000,2.5e+09,34,20,63,117,924050000,726400000,366640000,474530000,8380000,2.5e+09,16,18,61,95,-18,-2,-2
"1_727",902030000,1108710000,112240000,335470000,41550000,2.5e+09,37,26,66,129,894270000,895140000,133560000,519870000,57160000,2.5e+09,18,23,67,108,-19,-3,1
"1_728",755640000,1285760000,226500000,183510000,48590000,2.5e+09,40,25,71,136,794200000,1063030000,262100000,346240000,34430000,2.5e+09,18,25,70,113,-22,0,-1
"1_729",643510000,907530000,155250000,712980000,80730000,2.5e+09,38,24,68,130,674350000,822520000,189990000,757470000,55670000,2.5e+09,17,22,67,106,-21,-2,-1
"1_730",919680000,1310580000,122630000,112570000,34540000,2.5e+09,32,19,60,111,990520000,1126850000,149040000,219840000,13750000,2.5e+09,15,16,57,88,-17,-3,-3
"1_731",752510000,1198790000,373760000,144540000,30400000,2.5e+09,33,19,60,112,796390000,1030520000,420250000,229580000,23260000,2.5e+09,17,17,65,99,-16,-2,5
"1_732",513570000,1784010000,56640000,132310000,13470000,2.5e+09,35,24,66,125,556370000,1586080000,83140000,260290000,14120000,2.5e+09,15,16,58,89,-20,-8,-8
"1_733",851290000,995160000,151350000,462670000,39530000,2.5e+09,33,21,68,122,923410000,705260000,187450000,668230000,15650000,2.5e+09,14,18,64,96,-19,-3,-4
"1_734",950030000,1235890000,93980000,207560000,12540000,2.5e+09,37,27,75,139,987320000,972950000,128820000,402230000,8680000,2.5e+09,20,25,65,110,-17,-2,-10
"1_735",980960000,1258630000,122380000,115200000,22830000,2.5e+09,40,29,78,147,1003420000,974470000,167250000,337830000,17030000,2.5e+09,20,26,73,119,-20,-3,-5
"1_736",1076710000,1035460000,99890000,263030000,24910000,2.5e+09,33,26,74,133,1110350000,680680000,133220000,518950000,56800000,2.5e+09,17,20,60,97,-16,-6,-14
"1_737",1016560000,1022850000,80010000,327180000,53400000,2.5e+09,36,28,77,141,1104810000,694970000,104220000,575650000,20350000,2.5e+09,15,25,68,108,-21,-3,-9
"1_738",389080000,1868290000,159290000,57550000,25790000,2.5e+09,40,26,71,137,397850000,1757560000,165610000,149610000,29370000,2.5e+09,21,27,66,114,-19,1,-5
"1_739",1171940000,879710000,223490000,213780000,11080000,2.5e+09,36,31,76,143,1170090000,648810000,237330000,412740000,31030000,2.5e+09,18,22,65,105,-18,-9,-11
"1_740",309900000,1938340000,161700000,40920000,49140000,2.5e+09,37,27,73,137,327990000,1832170000,156090000,137870000,45880000,2.5e+09,21,26,75,122,-16,-1,2
"1_741",1046930000,1165400000,140740000,120400000,26530000,2.5e+09,36,26,73,135,1052370000,896820000,159100000,363010000,28700000,2.5e+09,20,23,64,107,-16,-3,-9
"1_742",372180000,1780540000,211270000,98400000,37610000,2.5e+09,42,28,78,148,387090000,1676860000,232130000,166010000,37910000,2.5e+09,20,23,68,111,-22,-5,-10
"1_743",1331540000,883590000,1.35e+08,103150000,46720000,2.5e+09,37,30,78,145,1304160000,748530000,153380000,220870000,73060000,2.5e+09,22,24,67,113,-15,-6,-11
"1_744",234180000,1852650000,253970000,106370000,52830000,2.5e+09,41,27,81,149,248220000,1736240000,268990000,181130000,65420000,2.5e+09,23,28,73,124,-18,1,-8
"1_745",232550000,1994020000,205530000,30450000,37450000,2.5e+09,44,35,82,161,261390000,1836180000,224500000,115410000,62520000,2.5e+09,24,31,73,128,-20,-4,-9
"1_746",752360000,1461770000,73080000,199370000,13420000,2.5e+09,42,27,82,151,777340000,1308020000,92100000,306860000,15680000,2.5e+09,21,29,67,117,-21,2,-15
"1_747",646420000,1391810000,134230000,303840000,23700000,2.5e+09,43,30,90,163,676480000,1190880000,161200000,445360000,26080000,2.5e+09,21,27,71,119,-22,-3,-19
"1_748",663810000,1255600000,72370000,4.65e+08,43220000,2.5e+09,46,30,83,159,682640000,1116580000,75310000,578670000,46800000,2.5e+09,21,33,72,126,-25,3,-11
"1_749",676350000,1258740000,96880000,381320000,86710000,2.5e+09,42,31,85,158,733430000,1157540000,85840000,405310000,117880000,2.5e+09,22,32,74,128,-20,1,-11
"1_750",191790000,1416260000,165320000,156030000,570600000,2.5e+09,44,29,78,151,214660000,1254410000,173850000,284510000,572570000,2.5e+09,20,30,74,124,-24,1,-4
"1_751",619570000,1375910000,83660000,368550000,52310000,2.5e+09,45,29,90,164,642520000,1178310000,97820000,514300000,67050000,2.5e+09,21,31,74,126,-24,2,-16
"1_752",309510000,1456060000,96980000,203410000,434040000,2.5e+09,46,33,90,169,323390000,1351510000,83310000,301590000,440200000,2.5e+09,23,32,75,130,-23,-1,-15
"1_753",665640000,1283240000,118220000,367340000,65560000,2.5e+09,38,23,69,130,694180000,1147540000,127850000,451490000,78940000,2.5e+09,18,29,69,116,-20,6,0
"1_754",85290000,764910000,45340000,74160000,1530300000,2.5e+09,43,29,78,150,98180000,671680000,53850000,152110000,1524180000,2.5e+09,18,30,73,121,-25,1,-5
"1_755",12250000,80870000,9900000,18110000,2378870000,2.5e+09,34,24,59,117,13100000,72780000,13820000,20370000,2379930000,2.5e+09,16,18,56,90,-18,-6,-3
"1_756",644390000,1376570000,220280000,195930000,62830000,2.5e+09,41,26,75,142,649260000,1215730000,263580000,309080000,62350000,2.5e+09,16,19,66,101,-25,-7,-9
"1_757",621630000,779030000,147700000,908380000,43260000,2.5e+09,37,23,74,134,620120000,678750000,190940000,959390000,50800000,2.5e+09,18,24,72,114,-19,1,-2
"1_758",507150000,1691080000,127640000,160600000,13530000,2.5e+09,38,24,69,131,507820000,1505190000,166580000,301020000,19390000,2.5e+09,16,23,60,99,-22,-1,-9
"1_759",733990000,739820000,454120000,378650000,193420000,2.5e+09,42,28,76,146,777180000,541720000,491770000,534260000,155070000,2.5e+09,19,26,77,122,-23,-2,1
"1_760",696440000,1340210000,218520000,217570000,27260000,2.5e+09,36,23,73,132,752940000,1057330000,260910000,421650000,7170000,2.5e+09,17,22,59,98,-19,-1,-14
"1_761",708500000,1321960000,94620000,327100000,47820000,2.5e+09,40,30,79,149,747380000,1133410000,121080000,451250000,46880000,2.5e+09,18,26,73,117,-22,-4,-6
"1_762",1076330000,1006730000,129630000,270680000,16630000,2.5e+09,38,26,73,137,1098130000,715280000,153030000,519700000,13860000,2.5e+09,15,24,68,107,-23,-2,-5
"1_763",860230000,1379490000,128600000,109150000,22530000,2.5e+09,42,31,80,153,907070000,1189870000,161340000,211980000,29740000,2.5e+09,17,28,71,116,-25,-3,-9
"1_764",413070000,1822890000,141130000,112730000,10180000,2.5e+09,40,23,74,137,416480000,1641940000,175160000,243050000,23370000,2.5e+09,19,24,67,110,-21,1,-7
"1_765",722130000,831580000,147670000,697450000,101170000,2.5e+09,39,24,75,138,762960000,633690000,189110000,864560000,49680000,2.5e+09,18,22,73,113,-21,-2,-2
"1_766",1268330000,118920000,9750000,210000,1102790000,2.5e+09,36,32,76,144,1262090000,118760000,10770000,210000,1108170000,2.5e+09,18,23,57,98,-18,-9,-19
"1_767",313450000,63830000,13440000,0,1723880000,2114600000,39,35,82,156,308070000,63710000,15930000,0,1726890000,2114600000,16,24,68,108,-23,-11,-14
"1_768",211710000,25770000,5800000,590000,2256130000,2.5e+09,30,25,61,116,210500000,26710000,7900000,590000,2254300000,2.5e+09,12,20,47,79,-18,-5,-14
"1_769",265740000,30500000,4160000,3e+05,2199300000,2.5e+09,31,23,61,115,265160000,30460000,4220000,3e+05,2199860000,2.5e+09,10,14,42,66,-21,-9,-19
"1_770",385040000,1.9e+07,4910000,0,2091050000,2.5e+09,30,26,58,114,383690000,1.9e+07,5950000,0,2091360000,2.5e+09,8,15,44,67,-22,-11,-14
"1_771",607490000,70410000,6e+06,0,1816100000,2.5e+09,33,22,63,118,606570000,70190000,6670000,0,1816570000,2.5e+09,16,22,51,89,-17,0,-12
"1_772",672600000,110440000,11810000,970000,1704180000,2.5e+09,32,25,65,122,670290000,110220000,13100000,970000,1705420000,2.5e+09,8,18,45,71,-24,-7,-20
"1_773",720630000,129260000,7550000,0,1642560000,2.5e+09,35,21,63,119,718380000,129570000,8820000,0,1643230000,2.5e+09,9,20,41,70,-26,-1,-22
"1_774",43040000,85050000,2410000,0,2175410000,2305910000,33,25,63,121,43040000,83950000,4180000,0,2174740000,2305910000,11,17,38,66,-22,-8,-25
"1_775",655260000,146810000,46560000,1530000,1649840000,2.5e+09,35,29,78,142,652630000,147160000,48140000,1530000,1650540000,2.5e+09,13,20,48,81,-22,-9,-30
"1_776",9210000,68240000,22080000,18980000,1394190000,1512700000,28,23,51,102,8020000,68250000,24080000,15620000,1396730000,1512700000,13,24,57,94,-15,1,6
"1_777",111180000,1462330000,76420000,22190000,827880000,2.5e+09,40,26,72,138,105770000,1436530000,84230000,25020000,848450000,2.5e+09,18,30,68,116,-22,4,-4
"1_778",241270000,1854450000,89760000,2660000,311860000,2.5e+09,39,24,69,132,222050000,1818210000,110470000,10710000,338560000,2.5e+09,14,28,63,105,-25,4,-6
"1_779",2011630000,135500000,19430000,0,333440000,2.5e+09,36,30,71,137,1968860000,135570000,23380000,0,372190000,2.5e+09,15,25,59,99,-21,-5,-12
"1_780",575250000,52410000,54360000,0,1582760000,2264780000,41,31,74,146,566180000,51510000,61260000,0,1585830000,2264780000,14,23,65,102,-27,-8,-9
"1_781",1438550000,116900000,50070000,0,894480000,2.5e+09,40,30,74,144,1381980000,114950000,56420000,0,946650000,2.5e+09,19,29,65,113,-21,-1,-9
"1_782",38960000,5160000,840000,0,1053990000,1098950000,28,19,49,96,38630000,5380000,880000,0,1054060000,1098950000,8,14,37,59,-20,-5,-12
"1_783",1149330000,35780000,3400000,0,1311490000,2.5e+09,34,26,71,131,1128660000,35670000,7160000,0,1328510000,2.5e+09,13,15,41,69,-21,-11,-30
"1_784",1088300000,23810000,3500000,0,1384390000,2.5e+09,33,26,66,125,1078440000,23910000,5880000,0,1391770000,2.5e+09,10,13,42,65,-23,-13,-24
"1_785",1731270000,57200000,3050000,0,708480000,2.5e+09,32,26,64,122,1724200000,57340000,7140000,0,711320000,2.5e+09,13,20,53,86,-19,-6,-11
"1_786",2032020000,28910000,3470000,0,435600000,2.5e+09,34,25,63,122,1982860000,30920000,9490000,0,476730000,2.5e+09,14,16,51,81,-20,-9,-12
"1_787",572300000,21830000,8830000,0,1897040000,2.5e+09,34,27,67,128,567120000,22190000,13320000,0,1897370000,2.5e+09,12,21,39,72,-22,-6,-28
"1_788",1169340000,51710000,12210000,0,1266740000,2.5e+09,33,30,70,133,1146720000,51540000,20790000,0,1280950000,2.5e+09,16,21,50,87,-17,-9,-20
"1_789",585020000,46890000,6020000,270000,1861800000,2.5e+09,28,23,58,109,583630000,46890000,6620000,270000,1862590000,2.5e+09,9,19,44,72,-19,-4,-14
"1_790",412060000,82080000,12420000,0,1993440000,2.5e+09,32,28,76,136,400680000,82100000,15480000,0,2001740000,2.5e+09,11,20,42,73,-21,-8,-34
"1_791",1110360000,127600000,28770000,3900000,1229370000,2.5e+09,33,29,74,136,1077190000,127230000,33570000,3900000,1258110000,2.5e+09,15,22,54,91,-18,-7,-20
"1_792",433660000,98060000,2370000,1810000,1964100000,2.5e+09,40,27,74,141,429670000,98220000,2750000,1810000,1967550000,2.5e+09,9,21,44,74,-31,-6,-30
"1_793",690410000,271270000,26320000,0,1.512e+09,2.5e+09,40,30,76,146,688480000,271630000,28330000,0,1511560000,2.5e+09,12,28,57,97,-28,-2,-19
"1_794",619180000,99070000,7800000,450000,1773500000,2.5e+09,35,28,66,129,617480000,99070000,8050000,450000,1774950000,2.5e+09,15,20,51,86,-20,-8,-15
"1_795",810170000,146080000,5240000,3e+05,1538210000,2.5e+09,40,27,76,143,826390000,146600000,5240000,3e+05,1521470000,2.5e+09,14,31,57,102,-26,4,-19
"1_796",273170000,50900000,6070000,0,2169860000,2.5e+09,35,26,69,130,272410000,50790000,7450000,0,2169350000,2.5e+09,11,14,40,65,-24,-12,-29
"1_797",549150000,95740000,1130000,0,1853980000,2.5e+09,35,26,74,135,551760000,95740000,1220000,0,1851280000,2.5e+09,16,28,56,100,-19,2,-18
"1_798",159940000,1805690000,94460000,125260000,314650000,2.5e+09,34,25,65,124,152900000,1703390000,1.11e+08,115890000,416820000,2.5e+09,16,28,68,112,-18,3,3
"1_799",449800000,1680670000,113390000,19710000,236430000,2.5e+09,36,25,61,122,4.34e+08,1621480000,139720000,26720000,278080000,2.5e+09,13,28,66,107,-23,3,5
"1_800",218090000,1363860000,92120000,21600000,804330000,2.5e+09,37,25,66,128,200640000,1324940000,107960000,23150000,843310000,2.5e+09,15,27,69,111,-22,2,3
"1_801",184510000,1380580000,196490000,27300000,711120000,2.5e+09,38,26,69,133,192750000,1326190000,227250000,30820000,722990000,2.5e+09,16,28,66,110,-22,2,-3
"1_802",110990000,1194890000,69360000,53160000,1071600000,2.5e+09,40,27,73,140,100920000,1144010000,79320000,62250000,1113500000,2.5e+09,21,30,70,121,-19,3,-3
"1_803",102910000,1316530000,139140000,31920000,909500000,2.5e+09,38,25,67,130,109420000,1193370000,152640000,64070000,980500000,2.5e+09,19,28,69,116,-19,3,2
"1_804",24990000,910000,220000,0,1034170000,1060290000,18,11,31,60,24420000,910000,220000,0,1034740000,1060290000,9,8,27,44,-9,-3,-4
"1_805",1855630000,221910000,65200000,2170000,355090000,2.5e+09,42,33,79,154,1842920000,221370000,68390000,1060000,366260000,2.5e+09,17,27,63,107,-25,-6,-16
"1_806",1176130000,61870000,35920000,0,1213890000,2487810000,41,31,75,147,1145350000,61760000,38070000,0,1242630000,2487810000,18,30,65,113,-23,-1,-10
"1_807",785700000,554830000,140310000,0,1019160000,2.5e+09,45,37,85,167,776810000,552920000,147630000,0,1022640000,2.5e+09,20,31,72,123,-25,-6,-13
"1_808",82740000,71320000,33180000,0,1674400000,1861640000,35,24,63,122,76930000,72320000,33750000,0,1678640000,1861640000,14,21,55,90,-21,-3,-8
"1_809",1706260000,95650000,12690000,440000,684960000,2.5e+09,37,26,68,131,1705560000,96110000,19090000,440000,678800000,2.5e+09,14,18,42,74,-23,-8,-26
"1_810",1877630000,176150000,36970000,0,409250000,2.5e+09,43,28,79,150,1823960000,176220000,42540000,0,457280000,2.5e+09,17,25,66,108,-26,-3,-13
"1_811",1578250000,329080000,35390000,0,557280000,2.5e+09,41,28,75,144,1576720000,328880000,40700000,0,553700000,2.5e+09,17,32,61,110,-24,4,-14
"1_812",1312090000,385010000,269280000,420000,533200000,2.5e+09,41,27,79,147,1293810000,383590000,277430000,420000,544750000,2.5e+09,18,32,64,114,-23,5,-15
"1_813",1053120000,138540000,15890000,0,1292450000,2.5e+09,37,25,75,137,985690000,138840000,19650000,0,1355820000,2.5e+09,14,19,50,83,-23,-6,-25
"1_814",1535340000,94140000,10520000,0,8.6e+08,2.5e+09,34,26,71,131,1466770000,93490000,16950000,0,922790000,2.5e+09,12,16,47,75,-22,-10,-24
"1_815",1293550000,361330000,4.9e+07,2870000,793250000,2.5e+09,37,29,83,149,1186140000,360780000,60470000,2820000,889790000,2.5e+09,19,28,69,116,-18,-1,-14
"1_816",1399750000,360550000,28650000,960000,710090000,2.5e+09,41,31,78,150,1270100000,361550000,30720000,1030000,836600000,2.5e+09,16,25,61,102,-25,-6,-17
"1_817",566170000,115730000,7470000,1e+06,1809630000,2.5e+09,39,30,76,145,562990000,116090000,7950000,1e+06,1811970000,2.5e+09,13,25,52,90,-26,-5,-24
"1_818",1141650000,137060000,10710000,1750000,1208830000,2.5e+09,36,31,85,152,1105580000,138590000,16210000,1750000,1237870000,2.5e+09,17,29,58,104,-19,-2,-27
"1_819",1085970000,116910000,17770000,870000,1278480000,2.5e+09,40,31,83,154,1054430000,116720000,24840000,870000,1303140000,2.5e+09,14,23,50,87,-26,-8,-33
"1_820",650890000,153010000,4490000,0,1691610000,2.5e+09,37,27,73,137,650470000,152580000,5290000,0,1691660000,2.5e+09,18,29,56,103,-19,2,-17
"1_821",372150000,86710000,6440000,610000,2034090000,2.5e+09,31,29,60,120,367460000,87210000,7660000,610000,2037060000,2.5e+09,17,26,54,97,-14,-3,-6
"1_822",755270000,150440000,3710000,0,1590580000,2.5e+09,27,26,63,116,769750000,151120000,3890000,0,1575240000,2.5e+09,18,26,55,99,-9,0,-8
"1_823",716500000,99690000,2980000,0,1680830000,2.5e+09,35,24,65,124,708870000,102100000,3420000,0,1685610000,2.5e+09,15,27,55,97,-20,3,-10
"1_824",168180000,182210000,8520000,0,2141090000,2.5e+09,29,24,60,113,169700000,181010000,10090000,0,2139200000,2.5e+09,14,27,59,100,-15,3,-1
"1_825",881070000,236120000,10590000,0,1372220000,2.5e+09,37,30,74,141,884890000,234800000,11720000,0,1368590000,2.5e+09,20,32,65,117,-17,2,-9
"1_826",784490000,196080000,3140000,0,1516290000,2.5e+09,40,22,67,129,803980000,194620000,3140000,0,1498260000,2.5e+09,16,25,56,97,-24,3,-11
"1_827",731730000,375600000,90160000,0,1302510000,2.5e+09,37,26,76,139,802550000,370130000,97770000,0,1229550000,2.5e+09,20,31,68,119,-17,5,-8
"1_828",47840000,221750000,17720000,5790000,1931130000,2224230000,32,24,60,116,47800000,212970000,20040000,3980000,1939440000,2224230000,12,20,52,84,-20,-4,-8
"1_829",55250000,212250000,26660000,6760000,2162790000,2463710000,35,27,65,127,56380000,196370000,29440000,6790000,2174730000,2463710000,13,26,58,97,-22,-1,-7
"1_830",1129600000,408510000,70330000,23050000,868510000,2.5e+09,44,35,83,162,1106740000,416820000,70640000,22740000,883060000,2.5e+09,22,33,75,130,-22,-2,-8
"1_831",496090000,269210000,92330000,42220000,1586980000,2486830000,41,34,81,156,497720000,269980000,102170000,36570000,1580390000,2486830000,21,33,71,125,-20,-1,-10
"1_832",1362860000,600150000,125060000,0,411930000,2.5e+09,39,34,90,163,1310580000,600840000,129060000,0,459520000,2.5e+09,20,32,71,123,-19,-2,-19
"1_833",911910000,197120000,21940000,13230000,1355800000,2.5e+09,37,29,75,141,892930000,204960000,26980000,12950000,1362180000,2.5e+09,18,31,67,116,-19,2,-8
"1_834",1881600000,148060000,8850000,2e+06,459490000,2.5e+09,37,23,68,128,1827770000,156840000,10080000,2e+06,503310000,2.5e+09,17,22,59,98,-20,-1,-9
"1_835",1774540000,329790000,18640000,3890000,373140000,2.5e+09,35,27,65,127,1792380000,3.44e+08,19090000,3910000,340620000,2.5e+09,15,26,60,101,-20,-1,-5
"1_836",1380440000,704200000,75060000,1020000,339280000,2.5e+09,42,25,72,139,1.282e+09,702750000,83350000,1020000,430880000,2.5e+09,15,26,64,105,-27,1,-8
"1_837",1553380000,572680000,57420000,0,316520000,2.5e+09,42,29,82,153,1485930000,572130000,62300000,0,379640000,2.5e+09,18,31,68,117,-24,2,-14
"1_838",1489450000,115140000,20680000,1350000,873380000,2.5e+09,33,32,77,142,1403140000,115130000,24880000,1350000,955500000,2.5e+09,18,27,60,105,-15,-5,-17
"1_839",1362850000,404240000,31260000,0,701650000,2.5e+09,44,32,78,154,1273730000,404060000,31780000,0,790430000,2.5e+09,15,32,70,117,-29,0,-8
"1_840",985140000,39260000,1030000,0,1474570000,2.5e+09,35,24,67,126,984550000,39410000,1030000,0,1475010000,2.5e+09,18,21,53,92,-17,-3,-14
"1_841",1493380000,29810000,7670000,0,969140000,2.5e+09,34,26,65,125,1484930000,29750000,10240000,0,975080000,2.5e+09,16,23,49,88,-18,-3,-16
"1_842",547770000,93740000,1070000,0,1857420000,2.5e+09,33,26,64,123,552550000,90260000,1820000,0,1855370000,2.5e+09,17,24,48,89,-16,-2,-16
"1_843",956190000,115510000,7310000,0,1420990000,2.5e+09,31,23,67,121,950920000,115990000,7810000,0,1425280000,2.5e+09,14,27,54,95,-17,4,-13
"1_844",579040000,488130000,19080000,0,1413750000,2.5e+09,42,29,78,149,629070000,489730000,19630000,0,1361570000,2.5e+09,22,31,66,119,-20,2,-12
"1_845",587990000,146840000,5650000,420000,1759100000,2.5e+09,36,25,68,129,624900000,147020000,6550000,420000,1721110000,2.5e+09,20,27,58,105,-16,2,-10
"1_846",53310000,14980000,0,0,2377420000,2445710000,21,12,39,72,53310000,14980000,0,0,2377420000,2445710000,10,15,35,60,-11,3,-4
"1_847",443900000,49290000,0,0,2006810000,2.5e+09,29,19,64,112,448360000,49270000,0,0,2002370000,2.5e+09,19,26,45,90,-10,7,-19
"1_848",722750000,184070000,10140000,0,1583040000,2.5e+09,38,25,68,131,734460000,173720000,11020000,0,1580800000,2.5e+09,11,23,47,81,-27,-2,-21
"1_849",1052420000,233750000,10680000,0,1203150000,2.5e+09,36,22,63,121,1089910000,229300000,10880000,0,1169910000,2.5e+09,15,27,55,97,-21,5,-8
"1_850",242230000,53230000,0,0,2204540000,2.5e+09,31,22,60,113,242530000,53230000,0,0,2204240000,2.5e+09,10,16,41,67,-21,-6,-19
"1_851",338740000,430840000,34990000,114850000,1579310000,2498730000,30,15,42,87,340980000,414640000,54310000,45180000,1643620000,2498730000,13,10,50,73,-17,-5,8
"1_852",558710000,338280000,25200000,53330000,1358280000,2333800000,24,13,36,73,541710000,336020000,29580000,22640000,1403850000,2333800000,12,8,38,58,-12,-5,2
"1_853",264100000,252860000,12800000,32800000,1673200000,2235760000,31,22,50,103,265500000,255450000,15930000,11450000,1687430000,2235760000,11,9,37,57,-20,-13,-13
"1_854",1064400000,429150000,26720000,2.25e+08,754730000,2.5e+09,31,22,48,101,1045640000,415830000,37670000,100630000,900230000,2.5e+09,14,10,49,73,-17,-12,1
"1_855",794990000,809590000,42540000,17510000,835370000,2.5e+09,31,12,47,90,784890000,791750000,51330000,20620000,851410000,2.5e+09,9,9,33,51,-22,-3,-14
"1_856",833900000,1211450000,55220000,50870000,348560000,2.5e+09,33,24,54,111,827240000,1193430000,71370000,19080000,388880000,2.5e+09,18,13,55,86,-15,-11,1
"1_857",1350550000,836960000,78890000,65400000,168200000,2.5e+09,32,23,56,111,1353660000,783320000,99070000,20700000,243250000,2.5e+09,16,11,48,75,-16,-12,-8
"1_858",191690000,1072380000,43070000,25520000,1167340000,2.5e+09,28,22,45,95,193080000,1060360000,52140000,14350000,1180070000,2.5e+09,16,9,50,75,-12,-13,5
"1_859",451330000,1775850000,99800000,33700000,139320000,2.5e+09,32,27,53,112,451610000,1765220000,111150000,1.8e+07,154020000,2.5e+09,21,15,50,86,-11,-12,-3
"1_860",68380000,733310000,371070000,9480000,1276850000,2459090000,34,24,49,107,69130000,700600000,393590000,12720000,1283050000,2459090000,22,16,49,87,-12,-8,0
"1_861",666930000,1424240000,115030000,15230000,278570000,2.5e+09,31,25,50,106,705190000,1410250000,129390000,9080000,246090000,2.5e+09,20,15,48,83,-11,-10,-2
"1_862",704870000,1613740000,49900000,20830000,110660000,2.5e+09,32,28,54,114,725910000,1592440000,58020000,17420000,106210000,2.5e+09,18,14,46,78,-14,-14,-8
"1_863",480060000,1582430000,111700000,35010000,290800000,2.5e+09,32,24,58,114,481230000,1564240000,129520000,35880000,289130000,2.5e+09,19,16,59,94,-13,-8,1
"1_864",1221240000,879470000,34400000,152900000,211990000,2.5e+09,31,25,50,106,1238460000,892460000,39070000,125720000,204290000,2.5e+09,17,11,45,73,-14,-14,-5
"1_865",18720000,346510000,20830000,0,1914720000,2300780000,34,25,61,120,18440000,345760000,21200000,320000,1915060000,2300780000,23,20,65,108,-11,-5,4
"1_866",36890000,1217400000,81260000,0,1164450000,2.5e+09,36,23,70,129,36860000,1199530000,94920000,0,1168690000,2.5e+09,25,21,64,110,-11,-2,-6
"1_867",344090000,1809060000,256460000,36310000,54080000,2.5e+09,36,40,79,155,348410000,1740180000,315900000,37500000,58010000,2.5e+09,22,19,56,97,-14,-21,-23
"1_868",6e+06,1147850000,222120000,1460000,1122570000,2.5e+09,32,20,52,104,8390000,1114030000,258070000,1880000,1117630000,2.5e+09,25,19,56,100,-7,-1,4
"1_869",73940000,767340000,74190000,1.5e+07,1484120000,2414590000,30,23,48,101,74290000,764520000,77670000,14070000,1484040000,2414590000,15,9,41,65,-15,-14,-7
"1_870",326580000,748190000,48010000,34060000,1343160000,2.5e+09,31,22,41,94,352620000,745790000,51070000,9750000,1340770000,2.5e+09,15,10,38,63,-16,-12,-3
"1_871",1122880000,994850000,54180000,104060000,224030000,2.5e+09,36,36,61,133,1163150000,997550000,58890000,48820000,231590000,2.5e+09,19,14,48,81,-17,-22,-13
"1_872",573730000,1505110000,183460000,60440000,177260000,2.5e+09,35,32,55,122,584210000,1469330000,210950000,17120000,218390000,2.5e+09,15,13,47,75,-20,-19,-8
"1_873",613740000,699040000,55610000,704440000,427170000,2.5e+09,31,32,57,120,616170000,694140000,70500000,633840000,485350000,2.5e+09,17,11,48,76,-14,-21,-9
"1_874",990120000,980020000,78320000,214130000,237410000,2.5e+09,33,34,66,133,1004160000,977020000,80360000,91600000,346860000,2.5e+09,17,11,47,75,-16,-23,-19
"1_875",899910000,1175470000,63950000,206890000,153780000,2.5e+09,32,32,48,112,907690000,1164570000,73230000,147880000,206630000,2.5e+09,18,14,51,83,-14,-18,3
"1_876",1185460000,792410000,51420000,264270000,206440000,2.5e+09,35,33,62,130,1231250000,798090000,55670000,159460000,255530000,2.5e+09,18,11,50,79,-17,-22,-12
"1_877",318660000,1831790000,75440000,99460000,174650000,2.5e+09,29,27,49,105,337490000,1799530000,96990000,85730000,180260000,2.5e+09,19,13,46,78,-10,-14,-3
"1_878",1126370000,693520000,35980000,366780000,277350000,2.5e+09,31,33,60,124,1137290000,689480000,43030000,297440000,332760000,2.5e+09,16,8,49,73,-15,-25,-11
"1_879",45470000,733090000,98310000,1970000,1402900000,2281740000,28,21,49,98,41310000,724320000,110560000,1530000,1404020000,2281740000,17,15,45,77,-11,-6,-4
"1_880",642320000,1508500000,62780000,90040000,196360000,2.5e+09,32,33,59,124,648860000,1510710000,75150000,69990000,195290000,2.5e+09,17,13,51,81,-15,-20,-8
"1_881",32410000,2080950000,226990000,9940000,149710000,2.5e+09,37,29,71,137,35690000,2026440000,276270000,7530000,154070000,2.5e+09,26,21,68,115,-11,-8,-3
"1_882",269080000,1.125e+09,177500000,10530000,917890000,2.5e+09,38,36,85,159,267740000,1101210000,200230000,9870000,920950000,2.5e+09,27,25,82,134,-11,-11,-3
"1_883",163320000,294860000,35750000,5160000,1665400000,2164490000,33,28,57,118,159640000,282030000,49660000,7450000,1665710000,2164490000,23,20,59,102,-10,-8,2
"1_884",1384340000,61130000,39740000,554310000,460480000,2.5e+09,25,27,57,109,1344560000,71200000,51680000,535560000,4.97e+08,2.5e+09,17,13,49,79,-8,-14,-8
"1_885",1326560000,528250000,71180000,171290000,402720000,2.5e+09,33,33,69,135,1329850000,515690000,79200000,112730000,462530000,2.5e+09,25,20,65,110,-8,-13,-4
"1_886",1556350000,133570000,64460000,464090000,281530000,2.5e+09,29,31,61,121,1524580000,183190000,88550000,406870000,296810000,2.5e+09,21,16,57,94,-8,-15,-4
"1_887",1320670000,561140000,111630000,116050000,390510000,2.5e+09,35,35,69,139,1332070000,547030000,121230000,98150000,401520000,2.5e+09,24,18,65,107,-11,-17,-4
"1_888",1435280000,27850000,93900000,589640000,353330000,2.5e+09,33,33,65,131,1447230000,15280000,135340000,598970000,303180000,2.5e+09,19,14,59,92,-14,-19,-6
"1_889",790910000,18640000,37520000,893980000,758950000,2.5e+09,32,29,59,120,720170000,10860000,61610000,946830000,760530000,2.5e+09,18,14,51,83,-14,-15,-8
"1_890",1440540000,15140000,97950000,460920000,485450000,2.5e+09,37,30,65,132,1413060000,16730000,141730000,465140000,463340000,2.5e+09,18,15,63,96,-19,-15,-2
"1_891",1029010000,7900000,59820000,765940000,637330000,2.5e+09,27,25,50,102,991320000,7930000,91670000,795100000,613980000,2.5e+09,15,12,51,78,-12,-13,1
"1_892",47090000,221370000,30710000,11240000,1863440000,2173850000,28,14,31,73,45920000,220230000,35270000,5250000,1867180000,2173850000,14,8,39,61,-14,-6,8
"1_893",742610000,1296450000,75640000,141040000,244260000,2.5e+09,33,28,59,120,750580000,1299360000,87460000,101500000,261100000,2.5e+09,21,15,53,89,-12,-13,-6
"1_894",782390000,1180500000,275950000,61430000,199730000,2.5e+09,31,23,52,106,762160000,1177710000,297320000,44430000,218380000,2.5e+09,15,10,47,72,-16,-13,-5
"1_895",475190000,1434510000,78970000,168860000,342470000,2.5e+09,34,36,70,140,473080000,1431420000,86440000,111540000,397520000,2.5e+09,19,11,53,83,-15,-25,-17
"1_896",1189600000,525870000,20720000,407400000,356410000,2.5e+09,36,36,70,142,1219970000,496620000,24570000,402750000,356090000,2.5e+09,15,10,48,73,-21,-26,-22
"1_897",52710000,720500000,36260000,9830000,1464020000,2283320000,30,19,43,92,52680000,710660000,44890000,9320000,1465770000,2283320000,16,12,44,72,-14,-7,1
"1_898",444480000,1770640000,24130000,56590000,204160000,2.5e+09,31,29,48,108,505630000,1741450000,34510000,56080000,162330000,2.5e+09,17,13,52,82,-14,-16,4
"1_899",11790000,182630000,23750000,0,1332290000,1550460000,23,14,31,68,13540000,180320000,25780000,0,1330820000,1550460000,11,11,34,56,-12,-3,3
"1_900",57420000,899590000,79170000,0,1271210000,2307390000,28,29,46,103,57550000,890800000,87610000,0,1271430000,2307390000,16,7,36,59,-12,-22,-10
"1_901",388400000,131720000,28800000,177790000,1773290000,2.5e+09,32,29,60,121,418830000,125340000,36500000,178100000,1741230000,2.5e+09,20,14,50,84,-12,-15,-10
"1_902",1580920000,483830000,75710000,171240000,188300000,2.5e+09,36,37,82,155,1532740000,485950000,89130000,162760000,229420000,2.5e+09,27,25,75,127,-9,-12,-7
"1_903",1369790000,540300000,41880000,162420000,385610000,2.5e+09,35,34,78,147,1369870000,543220000,57640000,146540000,382730000,2.5e+09,27,27,77,131,-8,-7,-1
"1_904",1647020000,496550000,61560000,236040000,58830000,2.5e+09,41,37,87,165,1635300000,494930000,71910000,214790000,83070000,2.5e+09,25,29,78,132,-16,-8,-9
"1_905",1817530000,71630000,75580000,96460000,438800000,2.5e+09,37,33,74,144,1801770000,80300000,86930000,89350000,441650000,2.5e+09,22,15,59,96,-15,-18,-15
"1_906",1484560000,336610000,141510000,351700000,185620000,2.5e+09,36,34,67,137,1465620000,333710000,166610000,345690000,188370000,2.5e+09,21,18,63,102,-15,-16,-4
"1_907",1661640000,321400000,37740000,138140000,341080000,2.5e+09,37,34,69,140,1675880000,317490000,49340000,132090000,325200000,2.5e+09,23,15,60,98,-14,-19,-9
"1_908",1396820000,644850000,81860000,314180000,62290000,2.5e+09,36,33,68,137,1373870000,623800000,110880000,313620000,77830000,2.5e+09,21,18,63,102,-15,-15,-5
"1_909",1599750000,477510000,92590000,169770000,160380000,2.5e+09,34,33,71,138,1585150000,477370000,107310000,166300000,163870000,2.5e+09,23,24,72,119,-11,-9,1
"1_910",1467270000,20930000,48490000,300890000,662420000,2.5e+09,36,30,60,126,1411150000,18600000,71150000,329450000,669650000,2.5e+09,18,15,55,88,-18,-15,-5
"1_911",1342730000,58450000,26240000,729260000,343320000,2.5e+09,27,30,54,111,1251960000,53590000,43800000,788480000,362170000,2.5e+09,16,14,45,75,-11,-16,-9
"1_912",1828320000,6700000,34730000,296690000,333560000,2.5e+09,33,31,59,123,1759600000,10470000,45840000,317860000,366230000,2.5e+09,18,16,58,92,-15,-15,-1
"1_913",1582320000,216890000,66410000,472980000,161400000,2.5e+09,34,30,56,120,1535670000,154350000,78890000,536020000,195070000,2.5e+09,19,17,59,95,-15,-13,3
"1_914",961620000,1077960000,43970000,201220000,215230000,2.5e+09,33,32,61,126,980560000,1079210000,53530000,122880000,263820000,2.5e+09,18,12,56,86,-15,-20,-5
"1_915",1135760000,877040000,33800000,208700000,244700000,2.5e+09,34,27,60,121,1121870000,911160000,41370000,152830000,272770000,2.5e+09,18,14,52,84,-16,-13,-8
"1_916",224830000,2106940000,41260000,65640000,61330000,2.5e+09,32,21,46,99,236810000,2124850000,52930000,38050000,47360000,2.5e+09,17,9,37,63,-15,-12,-9
"1_917",782150000,1364950000,37470000,165450000,149980000,2.5e+09,33,33,61,127,771090000,1371290000,50660000,109410000,197550000,2.5e+09,18,12,53,83,-15,-21,-8
"1_918",7720000,2010190000,44560000,36580000,400950000,2.5e+09,24,18,43,85,8550000,1999790000,49610000,40410000,401640000,2.5e+09,17,12,52,81,-7,-6,9
"1_919",403880000,1936990000,33300000,64970000,60860000,2.5e+09,33,24,53,110,379330000,1964080000,37640000,40600000,78350000,2.5e+09,16,11,39,66,-17,-13,-14
"1_920",51410000,1741410000,27170000,86980000,593030000,2.5e+09,34,27,58,119,65220000,1748290000,28860000,41830000,615800000,2.5e+09,19,14,45,78,-15,-13,-13
"1_921",426820000,582430000,29660000,226070000,1235020000,2.5e+09,38,35,70,143,546460000,560720000,38990000,163820000,1190010000,2.5e+09,18,10,50,78,-20,-25,-20
"1_922",1.21e+08,458690000,122790000,198440000,1599080000,2.5e+09,33,28,57,118,113990000,485980000,130800000,228190000,1541040000,2.5e+09,19,17,56,92,-14,-11,-1
"1_923",4.33e+08,551640000,24110000,670300000,820950000,2.5e+09,31,29,58,118,380550000,545860000,31230000,661690000,880670000,2.5e+09,19,16,56,91,-12,-13,-2
"1_924",1663290000,2.83e+08,10420000,224710000,318580000,2.5e+09,28,25,52,105,1661730000,334760000,15690000,174290000,313530000,2.5e+09,15,14,45,74,-13,-11,-7
"1_925",1378660000,910360000,39410000,110220000,61350000,2.5e+09,33,27,69,129,1368060000,903600000,53030000,101050000,74260000,2.5e+09,21,27,65,113,-12,0,-4
"1_926",1462770000,623880000,38960000,109190000,265200000,2.5e+09,33,27,73,133,1461750000,628480000,45470000,101590000,262710000,2.5e+09,18,19,63,100,-15,-8,-10
"1_927",715600000,1149360000,266300000,201790000,166950000,2.5e+09,36,29,76,141,699520000,1130120000,305550000,167510000,197300000,2.5e+09,20,20,64,104,-16,-9,-12
"1_928",1019260000,949540000,19470000,190080000,321650000,2.5e+09,29,21,56,106,1.002e+09,939930000,21770000,167630000,368670000,2.5e+09,18,16,55,89,-11,-5,-1
"1_929",1384560000,661670000,109170000,279190000,65410000,2.5e+09,33,27,71,131,1406180000,660310000,119620000,271220000,42670000,2.5e+09,22,21,64,107,-11,-6,-7
"1_930",1260210000,908490000,71560000,239940000,19800000,2.5e+09,35,31,70,136,1269430000,894900000,81810000,221820000,32040000,2.5e+09,23,24,69,116,-12,-7,-1
"1_931",795630000,1507300000,103860000,69560000,23650000,2.5e+09,39,31,78,148,784740000,1514270000,112630000,54830000,33530000,2.5e+09,22,25,70,117,-17,-6,-8
"1_932",835040000,1272270000,58080000,192930000,141680000,2.5e+09,40,35,82,157,854970000,1263790000,79340000,174720000,127180000,2.5e+09,24,29,76,129,-16,-6,-6
"1_933",1906750000,42220000,59600000,232370000,259060000,2.5e+09,34,29,61,124,1879650000,44750000,69890000,276700000,229010000,2.5e+09,18,13,53,84,-16,-16,-8
"1_934",1500950000,373980000,226090000,380630000,18350000,2.5e+09,32,27,62,121,1481500000,364600000,235820000,383290000,34790000,2.5e+09,18,19,63,100,-14,-8,1
"1_935",1529900000,520150000,132710000,244960000,72280000,2.5e+09,34,28,60,122,1536440000,544800000,145670000,220140000,52950000,2.5e+09,18,16,60,94,-16,-12,0
"1_936",997770000,1292530000,135020000,69100000,5580000,2.5e+09,36,27,76,139,996100000,1290410000,142480000,62460000,8550000,2.5e+09,20,23,65,108,-16,-4,-11
"1_937",386210000,1733650000,25860000,50320000,303960000,2.5e+09,31,21,48,100,378680000,1706240000,3e+07,40190000,344890000,2.5e+09,20,14,55,89,-11,-7,7
"1_938",67380000,810720000,84170000,40150000,1482220000,2484640000,26,23,39,88,62630000,780800000,102810000,42720000,1495680000,2484640000,13,11,42,66,-13,-12,3
"1_939",152490000,1969450000,50330000,298280000,29450000,2.5e+09,25,19,37,81,132650000,1940250000,59080000,287680000,80340000,2.5e+09,15,11,45,71,-10,-8,8
"1_940",189410000,1900740000,83310000,35920000,290620000,2.5e+09,23,15,32,70,195530000,1873440000,115170000,18810000,297050000,2.5e+09,13,10,41,64,-10,-5,9
"1_941",445680000,289630000,25740000,57320000,1681630000,2.5e+09,25,20,41,86,406370000,248240000,29870000,30680000,1784840000,2.5e+09,16,13,49,78,-9,-7,8
"1_942",634780000,448820000,80410000,289910000,1046080000,2.5e+09,32,29,57,118,558110000,457040000,114500000,301710000,1068640000,2.5e+09,18,13,56,87,-14,-16,-1
"1_943",1079590000,1087590000,24120000,202500000,106200000,2.5e+09,28,19,58,105,1199030000,954200000,28800000,193230000,124740000,2.5e+09,15,17,52,84,-13,-2,-6
"1_944",1629980000,328970000,6990000,425790000,108270000,2.5e+09,25,19,36,80,1677690000,270440000,7880000,379890000,164100000,2.5e+09,15,11,37,63,-10,-8,1
"1_945",893110000,1476290000,36760000,31870000,61970000,2.5e+09,31,25,69,125,978130000,1363680000,51840000,33150000,73200000,2.5e+09,19,20,60,99,-12,-5,-9
"1_946",691840000,1386110000,58820000,120880000,242350000,2.5e+09,31,24,56,111,704170000,1361440000,74070000,110240000,250080000,2.5e+09,21,18,54,93,-10,-6,-2
"1_947",7.98e+08,1039400000,71680000,211720000,379200000,2.5e+09,28,29,71,128,796040000,983290000,76750000,220410000,423510000,2.5e+09,21,21,62,104,-7,-8,-9
"1_948",891540000,1242970000,60520000,149730000,155240000,2.5e+09,37,31,80,148,857100000,1228190000,71400000,145310000,1.98e+08,2.5e+09,20,20,65,105,-17,-11,-15
"1_949",1152230000,919150000,41310000,161100000,226210000,2.5e+09,35,27,74,136,1102070000,888360000,51180000,150590000,307800000,2.5e+09,21,18,61,100,-14,-9,-13
"1_950",1026270000,1097670000,107340000,177010000,91710000,2.5e+09,37,30,73,140,1001090000,1081520000,116560000,163230000,137600000,2.5e+09,20,23,68,111,-17,-7,-5
"1_951",641340000,1366070000,118780000,174700000,199110000,2.5e+09,33,24,67,124,656820000,1352140000,144250000,152160000,194630000,2.5e+09,21,20,65,106,-12,-4,-2
"1_952",620770000,1009200000,125320000,323200000,421510000,2.5e+09,38,32,81,151,648140000,964160000,139750000,313980000,433970000,2.5e+09,21,29,80,130,-17,-3,-1
"1_953",889520000,1256440000,76780000,114580000,162680000,2.5e+09,35,28,68,131,834930000,1123650000,80810000,110460000,350150000,2.5e+09,21,21,66,108,-14,-7,-2
"1_954",630480000,1345450000,145090000,131410000,247570000,2.5e+09,43,33,87,163,634850000,1333050000,163870000,114080000,254150000,2.5e+09,23,28,86,137,-20,-5,-1
"1_955",735330000,1485160000,130030000,96380000,53100000,2.5e+09,33,24,68,125,737350000,1478290000,139870000,77180000,67310000,2.5e+09,18,22,66,106,-15,-2,-2
"1_956",307740000,1714920000,162720000,197450000,117170000,2.5e+09,37,28,63,128,355140000,1678380000,172830000,162930000,130720000,2.5e+09,22,26,76,124,-15,-2,13
"1_957",639070000,1398610000,116460000,224670000,121190000,2.5e+09,32,25,57,114,627450000,1.349e+09,121990000,215160000,186400000,2.5e+09,18,21,64,103,-14,-4,7
"1_958",560870000,1416850000,206130000,164120000,152030000,2.5e+09,45,30,80,155,628980000,1251470000,223850000,274390000,121310000,2.5e+09,23,32,78,133,-22,2,-2
"1_959",327360000,600320000,40070000,150720000,1381530000,2.5e+09,29,27,63,119,276940000,579830000,50820000,114860000,1477550000,2.5e+09,21,21,67,109,-8,-6,4
"1_960",955290000,320260000,29090000,328540000,866820000,2.5e+09,28,30,57,115,1013320000,310780000,34580000,267030000,874290000,2.5e+09,17,18,58,93,-11,-12,1
"1_961",805290000,1455850000,1.7e+07,159570000,62290000,2.5e+09,30,24,55,109,967500000,1308240000,25430000,116150000,82680000,2.5e+09,13,13,45,71,-17,-11,-10
"1_962",1476570000,564260000,19710000,344800000,94660000,2.5e+09,23,20,42,85,1521030000,537750000,27820000,319280000,94120000,2.5e+09,14,8,36,58,-9,-12,-6
"1_963",668050000,1506210000,43210000,124720000,157810000,2.5e+09,33,23,59,115,643310000,1448220000,52280000,110750000,245440000,2.5e+09,20,20,64,104,-13,-3,5
"1_964",1101400000,1090920000,53960000,70790000,182930000,2.5e+09,32,26,72,130,1077270000,1059650000,78300000,73830000,210950000,2.5e+09,21,21,64,106,-11,-5,-8
"1_965",429420000,1624920000,107260000,68770000,269630000,2.5e+09,37,29,72,138,440600000,1598380000,113580000,68450000,278990000,2.5e+09,21,21,73,115,-16,-8,1
"1_966",770370000,1301200000,146210000,152170000,130050000,2.5e+09,31,30,68,129,780220000,1278020000,151170000,139890000,150700000,2.5e+09,19,18,63,100,-12,-12,-5
"1_967",400910000,1755300000,161380000,76410000,1.06e+08,2.5e+09,39,31,82,152,402720000,1702470000,173320000,94070000,127420000,2.5e+09,23,26,74,123,-16,-5,-8
"1_968",740630000,962160000,150550000,328210000,318450000,2.5e+09,40,30,78,148,727620000,924260000,161810000,337010000,349300000,2.5e+09,19,25,72,116,-21,-5,-6
"1_969",287830000,4.51e+08,75510000,166490000,1519170000,2.5e+09,43,31,76,150,291110000,426020000,78160000,181760000,1522950000,2.5e+09,20,30,64,114,-23,-1,-12
"1_970",238330000,1041340000,67400000,245960000,906970000,2.5e+09,47,32,89,168,234220000,1016020000,66980000,251550000,931230000,2.5e+09,27,33,75,135,-20,1,-14
"1_971",78040000,1141280000,241150000,68090000,971440000,2.5e+09,43,30,76,149,77750000,1121030000,276850000,69060000,955310000,2.5e+09,20,33,75,128,-23,3,-1
"1_972",2500000,347710000,41620000,15630000,1695820000,2103280000,40,30,69,139,2570000,343850000,46670000,15600000,1694590000,2103280000,14,26,56,96,-26,-4,-13
"1_973",462810000,1839250000,67200000,118740000,1.2e+07,2.5e+09,37,21,70,128,481590000,1598240000,97330000,309780000,13060000,2.5e+09,14,20,64,98,-23,-1,-6
"1_974",630830000,1011090000,116300000,602030000,139750000,2.5e+09,40,26,76,142,644060000,840360000,158080000,715590000,141910000,2.5e+09,18,25,76,119,-22,-1,0
"1_975",551650000,1623700000,99990000,184220000,40440000,2.5e+09,37,27,72,136,563470000,1282630000,155610000,450880000,47410000,2.5e+09,19,21,70,110,-18,-6,-2
"1_976",802430000,709150000,128100000,792530000,67790000,2.5e+09,35,28,69,132,783720000,910570000,196660000,529440000,79610000,2.5e+09,17,21,70,108,-18,-7,1
"1_977",1096310000,1015470000,71040000,281310000,35870000,2.5e+09,42,29,85,156,1124670000,677650000,90300000,579560000,27820000,2.5e+09,21,27,78,126,-21,-2,-7
"1_978",647160000,1515040000,107890000,198530000,31380000,2.5e+09,40,31,78,149,651060000,1225110000,132490000,448250000,43090000,2.5e+09,19,29,73,121,-21,-2,-5
"1_979",820950000,1173220000,73590000,409300000,22940000,2.5e+09,41,32,89,162,824080000,1070640000,76490000,506610000,22180000,2.5e+09,19,26,66,111,-22,-6,-23
"1_980",1529540000,216080000,62570000,582770000,109040000,2.5e+09,40,32,84,156,1414200000,109140000,78290000,708420000,189950000,2.5e+09,18,19,61,98,-22,-13,-23
"1_981",1233960000,607760000,147350000,3.62e+08,148930000,2.5e+09,39,31,82,152,1249270000,505120000,160970000,437120000,147520000,2.5e+09,22,30,71,123,-17,-1,-11
"1_982",1105570000,870890000,82920000,3.83e+08,57620000,2.5e+09,39,30,87,156,1130730000,681330000,97800000,535140000,5.5e+07,2.5e+09,21,29,71,121,-18,-1,-16
"1_983",684710000,972890000,94040000,397410000,350950000,2.5e+09,39,31,87,157,739140000,909360000,103810000,4.51e+08,296690000,2.5e+09,25,29,74,128,-14,-2,-13
"1_984",917230000,1281200000,125200000,139850000,36520000,2.5e+09,39,31,86,156,921180000,1188830000,137800000,206930000,45260000,2.5e+09,18,28,67,113,-21,-3,-19
"1_985",421060000,1669120000,305900000,71110000,32810000,2.5e+09,36,27,79,142,449400000,1293200000,345270000,380320000,31810000,2.5e+09,19,26,71,116,-17,-1,-8
"1_986",270660000,1960760000,1.67e+08,46030000,55550000,2.5e+09,37,27,75,139,309600000,1728750000,188070000,230870000,42710000,2.5e+09,20,27,71,118,-17,0,-4
"1_987",685850000,1216160000,240860000,222830000,134300000,2.5e+09,37,28,73,138,745250000,855620000,269260000,520750000,109120000,2.5e+09,20,24,63,107,-17,-4,-10
"1_988",1048590000,1083770000,104110000,203830000,59700000,2.5e+09,40,27,77,144,1084270000,932670000,95150000,317540000,70370000,2.5e+09,19,25,69,113,-21,-2,-8
"1_989",960260000,1035590000,138960000,247520000,117670000,2.5e+09,42,26,74,142,1032440000,852640000,157070000,347950000,109900000,2.5e+09,20,31,68,119,-22,5,-6
"1_990",798090000,1330970000,106470000,206390000,58080000,2.5e+09,41,24,72,137,849860000,1131160000,114940000,355210000,48830000,2.5e+09,25,28,72,125,-16,4,0
"1_991",1135490000,833530000,86490000,323580000,120910000,2.5e+09,41,29,82,152,1182250000,680050000,105180000,389880000,142640000,2.5e+09,21,31,67,119,-20,2,-15
"1_992",577550000,802270000,762100000,233010000,125070000,2.5e+09,41,30,85,156,582900000,587070000,840320000,359670000,130040000,2.5e+09,20,30,76,126,-21,0,-9
"1_993",367360000,1532350000,133540000,405570000,61180000,2.5e+09,42,30,75,147,369660000,1428180000,124160000,501650000,76350000,2.5e+09,19,30,67,116,-23,0,-8
"1_994",623710000,1281760000,68480000,245190000,280860000,2.5e+09,45,30,85,160,643140000,1134480000,66900000,367080000,288400000,2.5e+09,21,29,68,118,-24,-1,-17
"1_995",323810000,1627330000,97510000,395660000,55690000,2.5e+09,42,31,81,154,309990000,1563920000,86290000,429220000,110580000,2.5e+09,24,31,70,125,-18,0,-11
"1_996",780930000,1225410000,84770000,242330000,166560000,2.5e+09,42,26,78,146,807070000,1081140000,84810000,350790000,176190000,2.5e+09,21,30,71,122,-21,4,-7
"1_997",89860000,122690000,21440000,52460000,2022750000,2309200000,43,28,74,145,90440000,105480000,25620000,63860000,2023800000,2309200000,17,25,62,104,-26,-3,-12
"1_998",424040000,838960000,46470000,105050000,1085480000,2.5e+09,45,34,82,161,435700000,836690000,51520000,104720000,1071370000,2.5e+09,21,32,75,128,-24,-2,-7
"1_999",17340000,402440000,26730000,23590000,1371580000,1841680000,38,28,59,125,18410000,399790000,28680000,23750000,1371050000,1841680000,13,24,58,95,-25,-4,-1
"1_1000",984990000,847490000,103080000,496460000,67980000,2.5e+09,32,23,68,123,975490000,722320000,125220000,600110000,76860000,2.5e+09,22,21,60,103,-10,-2,-8
"1_1001",579430000,1431470000,226210000,229990000,32900000,2.5e+09,38,21,75,134,582280000,1428500000,286750000,162980000,39490000,2.5e+09,22,19,70,111,-16,-2,-5
"1_1002",1233250000,908710000,61390000,282450000,14200000,2.5e+09,38,25,71,134,1211520000,864940000,84330000,310830000,28380000,2.5e+09,16,24,58,98,-22,-1,-13
"1_1003",877040000,1055840000,138470000,387220000,41430000,2.5e+09,35,26,72,133,839790000,1068090000,171150000,377720000,43250000,2.5e+09,21,22,67,110,-14,-4,-5
"1_1004",748530000,1358980000,82550000,232340000,77600000,2.5e+09,42,33,84,159,766350000,1287300000,85420000,299080000,61850000,2.5e+09,26,31,77,134,-16,-2,-7
"1_1005",1159600000,675490000,39410000,492360000,133140000,2.5e+09,41,38,91,170,1156960000,594180000,42400000,563440000,143020000,2.5e+09,27,32,82,141,-14,-6,-9
"1_1006",721890000,1501070000,90720000,159340000,26980000,2.5e+09,40,29,87,156,707480000,1432960000,95860000,221670000,42030000,2.5e+09,21,29,70,120,-19,0,-17
"1_1007",952120000,1071670000,121300000,226230000,128680000,2.5e+09,46,39,94,179,948640000,915730000,135360000,364810000,135460000,2.5e+09,31,31,80,142,-15,-8,-14
"1_1008",401740000,1808710000,177170000,39070000,73310000,2.5e+09,38,32,84,154,416980000,1791730000,188510000,49900000,52880000,2.5e+09,22,29,74,125,-16,-3,-10
"1_1009",1131070000,1028600000,151340000,138510000,50480000,2.5e+09,39,30,79,148,1144790000,968020000,171190000,177370000,38630000,2.5e+09,23,29,68,120,-16,-1,-11
"1_1010",514880000,1659470000,232530000,33570000,59550000,2.5e+09,39,30,78,147,525890000,1606570000,267310000,44140000,56090000,2.5e+09,22,31,67,120,-17,1,-11
"1_1011",686550000,1364310000,326320000,80950000,41870000,2.5e+09,40,29,83,152,687550000,1273670000,367290000,128200000,43290000,2.5e+09,24,25,67,116,-16,-4,-16
"1_1012",759730000,1253020000,300100000,98150000,8.9e+07,2.5e+09,41,27,82,150,816030000,933170000,323680000,363760000,63360000,2.5e+09,20,30,70,120,-21,3,-12
"1_1013",975520000,826410000,202890000,337310000,157870000,2.5e+09,38,33,85,156,1021450000,637360000,221760000,493080000,126350000,2.5e+09,21,28,71,120,-17,-5,-14
"1_1014",713860000,1272320000,151230000,142520000,220070000,2.5e+09,42,29,89,160,802790000,983060000,176370000,344620000,193160000,2.5e+09,23,32,73,128,-19,3,-16
"1_1015",1044210000,792180000,168560000,392920000,102130000,2.5e+09,39,32,84,155,1075150000,676130000,174190000,494340000,80190000,2.5e+09,21,28,66,115,-18,-4,-18
"1_1016",1245900000,768780000,136400000,228350000,120570000,2.5e+09,43,28,84,155,1297360000,570550000,153270000,363170000,115650000,2.5e+09,21,30,67,118,-22,2,-17
"1_1017",844830000,1011590000,166410000,201210000,275960000,2.5e+09,39,25,76,140,946720000,7.29e+08,193690000,376980000,253610000,2.5e+09,21,32,77,130,-18,7,1
"1_1018",1417930000,728060000,101230000,144870000,107910000,2.5e+09,39,28,77,144,1490040000,594250000,122780000,196990000,95940000,2.5e+09,19,32,72,123,-20,4,-5
"1_1019",1166060000,742350000,156950000,177700000,256940000,2.5e+09,42,29,82,153,1.241e+09,584560000,176810000,242080000,255550000,2.5e+09,20,31,73,124,-22,2,-9
"1_1020",954360000,1083980000,102410000,236810000,122440000,2.5e+09,44,30,86,160,968050000,954140000,120860000,328510000,128440000,2.5e+09,24,33,76,133,-20,3,-10
"1_1021",902660000,1085680000,349530000,102040000,60090000,2.5e+09,40,30,83,153,913740000,964270000,377780000,177770000,66440000,2.5e+09,22,31,74,127,-18,1,-9
"1_1022",707290000,1409890000,57360000,236190000,89270000,2.5e+09,46,35,90,171,708290000,1325780000,88350000,249310000,128270000,2.5e+09,19,33,71,123,-27,-2,-19
"1_1023",771820000,1320860000,70490000,299910000,36920000,2.5e+09,47,35,90,172,791520000,1245420000,96870000,305920000,60270000,2.5e+09,24,34,79,137,-23,-1,-11
"1_1024",396810000,798920000,77110000,389590000,837570000,2.5e+09,40,31,77,148,393540000,737660000,78010000,423750000,867040000,2.5e+09,23,33,78,134,-17,2,1
"1_1025",470720000,1504650000,78370000,380160000,66100000,2.5e+09,45,32,84,161,482550000,1426630000,79780000,421880000,89160000,2.5e+09,22,32,71,125,-23,0,-13
"1_1026",481450000,414930000,32600000,237280000,1333740000,2.5e+09,47,39,88,174,487020000,375540000,57720000,235300000,1344420000,2.5e+09,20,32,71,123,-27,-7,-17
"1_1027",940360000,802930000,146790000,382650000,227270000,2.5e+09,48,37,88,173,949280000,701200000,209560000,387120000,252840000,2.5e+09,22,32,74,128,-26,-5,-14
"1_1028",26910000,48260000,18610000,24240000,1262500000,1380520000,37,27,71,135,27890000,40310000,26170000,19850000,1266300000,1380520000,18,26,60,104,-19,-1,-11
"1_1029",303340000,547180000,50950000,113160000,1273390000,2288020000,42,35,82,159,306260000,485620000,85390000,130250000,1280500000,2288020000,17,31,68,116,-25,-4,-14
"1_1030",1175990000,1144690000,74990000,86610000,17720000,2.5e+09,37,27,73,137,1184390000,1114920000,101050000,67890000,31750000,2.5e+09,21,24,67,112,-16,-3,-6
"1_1031",1219550000,875910000,96130000,287930000,20480000,2.5e+09,33,29,70,132,1165950000,879770000,141640000,287920000,24720000,2.5e+09,20,19,65,104,-13,-10,-5
"1_1032",508650000,1785710000,173250000,1190000,31200000,2.5e+09,39,24,70,133,514690000,1751810000,195970000,2430000,35100000,2.5e+09,22,23,68,113,-17,-1,-2
"1_1033",1347340000,594400000,331510000,212150000,14600000,2.5e+09,37,28,73,138,1360620000,586090000,347890000,184940000,20460000,2.5e+09,22,21,66,109,-15,-7,-7
"1_1034",744350000,1508520000,91670000,137380000,18080000,2.5e+09,38,30,77,145,740190000,1454290000,97630000,183910000,23980000,2.5e+09,22,30,64,116,-16,0,-13
"1_1035",846560000,1434700000,77620000,106950000,34170000,2.5e+09,39,32,86,157,846850000,1394420000,97600000,130300000,30830000,2.5e+09,20,28,66,114,-19,-4,-20
"1_1036",778450000,1453120000,102580000,134790000,31060000,2.5e+09,39,30,73,142,777900000,1414100000,107130000,165990000,34880000,2.5e+09,24,31,67,122,-15,1,-6
"1_1037",645430000,1686730000,114130000,9540000,44170000,2.5e+09,40,31,83,154,648100000,1671860000,120660000,15290000,44090000,2.5e+09,24,30,76,130,-16,-1,-7
"1_1038",552820000,1673560000,141960000,108290000,23370000,2.5e+09,40,30,87,157,552410000,1648970000,149690000,121360000,27570000,2.5e+09,24,30,76,130,-16,0,-11
"1_1039",625080000,1659810000,133670000,42290000,39150000,2.5e+09,39,34,86,159,598910000,1593680000,146690000,93540000,67180000,2.5e+09,23,31,71,125,-16,-3,-15
"1_1040",736290000,1346200000,185260000,191540000,40710000,2.5e+09,43,35,91,169,727690000,1274720000,203100000,228230000,66260000,2.5e+09,21,31,73,125,-22,-4,-18
"1_1041",649810000,1464810000,164710000,174420000,46250000,2.5e+09,40,32,89,161,661330000,1424610000,175730000,203480000,34850000,2.5e+09,24,29,73,126,-16,-3,-16
"1_1042",1085010000,1115300000,100370000,96660000,102660000,2.5e+09,39,28,81,148,1141720000,998910000,185320000,85370000,88680000,2.5e+09,18,30,66,114,-21,2,-15
"1_1043",905390000,842290000,144710000,305430000,302180000,2.5e+09,39,34,83,156,1045930000,724970000,201160000,353420000,174520000,2.5e+09,23,26,66,115,-16,-8,-17
"1_1044",606260000,1598190000,137560000,111190000,46800000,2.5e+09,39,31,86,156,596970000,1502470000,208720000,113530000,78310000,2.5e+09,20,30,69,119,-19,-1,-17
"1_1045",913200000,1129700000,135220000,252830000,69050000,2.5e+09,36,37,82,155,926920000,881280000,213580000,379250000,98970000,2.5e+09,24,28,66,118,-12,-9,-16
"1_1046",1393090000,820680000,70240000,1.51e+08,64990000,2.5e+09,40,28,80,148,1422860000,739120000,111730000,156040000,70250000,2.5e+09,19,29,66,114,-21,1,-14
"1_1047",1151740000,1010470000,94580000,156370000,86840000,2.5e+09,39,31,81,151,1230820000,898100000,134860000,133770000,102450000,2.5e+09,18,28,63,109,-21,-3,-18
"1_1048",902510000,1176980000,63640000,286660000,70210000,2.5e+09,41,33,85,159,918880000,1105290000,111240000,295280000,69310000,2.5e+09,19,27,65,111,-22,-6,-20
"1_1049",846610000,1254360000,93120000,197530000,108380000,2.5e+09,42,32,85,159,885510000,1153930000,1.25e+08,215430000,120130000,2.5e+09,20,30,70,120,-22,-2,-15
"1_1050",945420000,1242350000,34090000,212300000,65840000,2.5e+09,44,34,82,160,965230000,1187530000,58760000,202330000,86150000,2.5e+09,20,30,68,118,-24,-4,-14
"1_1051",1232260000,850810000,61900000,287940000,67090000,2.5e+09,39,31,86,156,1257440000,778310000,107340000,275900000,81010000,2.5e+09,22,31,72,125,-17,0,-14
"1_1052",1491740000,638410000,22700000,217200000,129950000,2.5e+09,43,35,84,162,1588450000,559260000,42820000,232750000,76720000,2.5e+09,22,29,67,118,-21,-6,-17
"1_1053",1191390000,1104440000,27410000,108040000,68720000,2.5e+09,39,31,85,155,1199320000,1051280000,52600000,113710000,83090000,2.5e+09,19,30,68,117,-20,-1,-17
"1_1054",748540000,1274120000,31660000,340170000,105510000,2.5e+09,38,29,76,143,773560000,1206140000,81570000,310600000,128130000,2.5e+09,19,33,68,120,-19,4,-8
"1_1055",711220000,1414790000,42450000,247920000,83620000,2.5e+09,42,33,82,157,741960000,1309430000,93160000,235090000,120360000,2.5e+09,20,31,68,119,-22,-2,-14
"1_1056",1061200000,1163840000,39700000,204630000,30630000,2.5e+09,36,29,73,138,1087640000,1054870000,75120000,206860000,75510000,2.5e+09,18,28,65,111,-18,-1,-8
"1_1057",1221180000,927480000,38390000,131140000,181810000,2.5e+09,38,29,76,143,1244340000,807730000,69250000,146590000,232090000,2.5e+09,20,32,69,121,-18,3,-7
"1_1058",1036530000,1126700000,53910000,199650000,83210000,2.5e+09,41,32,80,153,1062840000,1021350000,88840000,209260000,117710000,2.5e+09,20,33,67,120,-21,1,-13
"1_1059",447120000,467760000,16540000,166480000,1317640000,2415540000,41,35,78,154,455470000,392940000,31590000,197280000,1338260000,2415540000,19,32,70,121,-22,-3,-8
"1_1060",1116890000,1135980000,38400000,139480000,69250000,2.5e+09,38,33,77,148,1103760000,1033810000,76800000,153510000,132120000,2.5e+09,17,31,62,110,-21,-2,-15
"1_1061",440050000,1820730000,173930000,34710000,30580000,2.5e+09,38,30,76,144,446640000,1789840000,189860000,31900000,41760000,2.5e+09,25,30,73,128,-13,0,-3
"1_1062",358990000,1586850000,331690000,37540000,184930000,2.5e+09,42,32,87,161,361850000,1544410000,368850000,35060000,189830000,2.5e+09,25,27,82,134,-17,-5,-5
"1_1063",920690000,1328590000,140460000,30530000,79730000,2.5e+09,45,36,91,172,941890000,1266640000,165010000,61150000,65310000,2.5e+09,21,27,72,120,-24,-9,-19
"1_1064",282480000,1784560000,263270000,22740000,146950000,2.5e+09,43,34,90,167,307580000,1730770000,312790000,18630000,130230000,2.5e+09,25,28,81,134,-18,-6,-9
"1_1065",1047340000,1145170000,186330000,47660000,73500000,2.5e+09,38,29,78,145,1045110000,1094210000,198050000,85360000,77270000,2.5e+09,20,27,66,113,-18,-2,-12
"1_1066",335840000,1891350000,195580000,12320000,64910000,2.5e+09,47,36,93,176,326190000,1870520000,210360000,14100000,78830000,2.5e+09,26,30,83,139,-21,-6,-10
"1_1067",604300000,1546570000,240410000,50210000,58510000,2.5e+09,41,37,88,166,592680000,1480780000,253560000,95440000,77540000,2.5e+09,27,31,82,140,-14,-6,-6
"1_1068",788690000,1370670000,172920000,139530000,28190000,2.5e+09,45,39,90,174,786430000,1295070000,182830000,198010000,37660000,2.5e+09,26,30,81,137,-19,-9,-9
"1_1069",987820000,1037720000,69920000,273120000,131420000,2.5e+09,39,35,78,152,1045930000,904470000,97230000,322440000,129930000,2.5e+09,22,29,71,122,-17,-6,-7
"1_1070",901640000,1197400000,152310000,202350000,46300000,2.5e+09,40,31,81,152,921180000,1106970000,159680000,282980000,29190000,2.5e+09,23,31,68,122,-17,0,-13
"1_1071",609910000,1508790000,147880000,155090000,78330000,2.5e+09,40,33,81,154,602910000,1469760000,1.66e+08,161320000,100010000,2.5e+09,28,30,71,129,-12,-3,-10
"1_1072",835290000,974730000,108030000,465660000,116290000,2.5e+09,40,39,91,170,700630000,863180000,110900000,569810000,255480000,2.5e+09,26,29,70,125,-14,-10,-21
"1_1073",489270000,1579190000,261770000,124760000,45010000,2.5e+09,43,32,85,160,513130000,1454970000,321090000,140850000,69960000,2.5e+09,21,30,70,121,-22,-2,-15
"1_1074",397580000,1915600000,130830000,32810000,23180000,2.5e+09,37,28,72,137,408770000,1834220000,170220000,50070000,36720000,2.5e+09,22,30,72,124,-15,2,0
"1_1075",736620000,1396260000,116710000,218110000,32300000,2.5e+09,41,34,85,160,754660000,1310440000,151290000,194950000,88660000,2.5e+09,21,32,70,123,-20,-2,-15
"1_1076",671700000,1501820000,130550000,127640000,68290000,2.5e+09,40,34,83,157,733390000,1418370000,165560000,113980000,68700000,2.5e+09,22,30,68,120,-18,-4,-15
"1_1077",473430000,1678280000,92880000,216220000,39190000,2.5e+09,43,36,90,169,472420000,1600660000,149970000,218070000,58880000,2.5e+09,21,32,73,126,-22,-4,-17
"1_1078",559710000,1607430000,99510000,191900000,41450000,2.5e+09,41,32,85,158,591120000,1523580000,141890000,196690000,46720000,2.5e+09,22,31,71,124,-19,-1,-14
"1_1079",434450000,1771360000,88620000,189430000,16140000,2.5e+09,39,34,87,160,437790000,1726200000,113660000,193850000,28500000,2.5e+09,18,33,69,120,-21,-1,-18
"1_1080",722570000,1387060000,112720000,212880000,64770000,2.5e+09,42,33,88,163,734250000,1350080000,133520000,212780000,69370000,2.5e+09,22,31,71,124,-20,-2,-17
"1_1081",810550000,1250830000,57430000,344070000,37120000,2.5e+09,41,35,85,161,818650000,1191460000,105200000,325710000,58980000,2.5e+09,21,32,70,123,-20,-3,-15
"1_1082",684970000,1426680000,222430000,112440000,53480000,2.5e+09,40,31,83,154,686500000,1294130000,315960000,104060000,99350000,2.5e+09,20,29,68,117,-20,-2,-15
"1_1083",498470000,1552870000,84390000,294530000,69740000,2.5e+09,38,33,82,153,489850000,1503870000,126820000,271950000,107510000,2.5e+09,20,30,65,115,-18,-3,-17
"1_1084",431960000,1870130000,65420000,65920000,66570000,2.5e+09,36,27,76,139,423180000,1797640000,108630000,69310000,101240000,2.5e+09,18,31,65,114,-18,4,-11
"1_1085",1347760000,891710000,25850000,128340000,106340000,2.5e+09,37,29,75,141,1381970000,733660000,53510000,162050000,168810000,2.5e+09,16,31,65,112,-21,2,-10
"1_1086",1121690000,1088930000,31740000,153050000,104590000,2.5e+09,39,30,81,150,1146400000,1004440000,70420000,140590000,138150000,2.5e+09,21,27,68,116,-18,-3,-13
"1_1087",1473270000,712420000,26630000,169500000,118180000,2.5e+09,42,32,83,157,1308090000,659170000,53330000,168930000,310480000,2.5e+09,19,29,70,118,-23,-3,-13
"1_1088",653100000,1627380000,37190000,117800000,64530000,2.5e+09,43,37,81,161,614750000,1577220000,66420000,112090000,129520000,2.5e+09,19,31,63,113,-24,-6,-18
"1_1089",506120000,1707090000,223070000,10360000,53360000,2.5e+09,36,30,77,143,531840000,1676900000,248480000,9730000,33050000,2.5e+09,22,23,70,115,-14,-7,-7
"1_1090",63070000,2200120000,189240000,7330000,40240000,2.5e+09,37,31,76,144,86830000,2162830000,201460000,7260000,41620000,2.5e+09,23,27,75,125,-14,-4,-1
"1_1091",155710000,508210000,168170000,9380000,1647820000,2489290000,38,29,63,130,156190000,482620000,181380000,15270000,1653830000,2489290000,15,28,69,112,-23,-1,6
"1_1092",939720000,672550000,99320000,48650000,739760000,2.5e+09,43,33,77,153,891460000,677120000,109800000,46930000,774690000,2.5e+09,23,33,75,131,-20,0,-2
"1_1093",810540000,1058520000,145860000,75850000,409230000,2.5e+09,45,36,78,159,823970000,1057310000,160410000,75110000,383200000,2.5e+09,18,30,72,120,-27,-6,-6
"1_1094",789060000,240560000,202430000,28040000,1239910000,2.5e+09,41,35,76,152,754140000,249480000,217420000,29530000,1249430000,2.5e+09,21,32,69,122,-20,-3,-7
"1_1095",69880000,224830000,33070000,26410000,1839350000,2193540000,43,36,73,152,68680000,223550000,37470000,26320000,1837520000,2193540000,19,32,74,125,-24,-4,1
"1_1096",1942520000,275580000,64950000,16790000,200160000,2.5e+09,36,29,74,139,1827970000,279210000,73780000,15630000,303410000,2.5e+09,17,27,68,112,-19,-2,-6
"1_1097",1903880000,394760000,28920000,9930000,162510000,2.5e+09,39,30,73,142,1723890000,416410000,30930000,10600000,318170000,2.5e+09,16,27,67,110,-23,-3,-6
"1_1098",525120000,1269920000,40100000,12750000,652110000,2.5e+09,41,31,74,146,512640000,1264250000,47170000,12470000,663470000,2.5e+09,19,35,74,128,-22,4,0
"1_1099",1669220000,560640000,57080000,29200000,183860000,2.5e+09,39,30,69,138,1606720000,559140000,64580000,28930000,240630000,2.5e+09,16,30,67,113,-23,0,-2
"1_1100",1654110000,323370000,25640000,7820000,489060000,2.5e+09,36,28,71,135,1678520000,327990000,24950000,8090000,460450000,2.5e+09,18,30,70,118,-18,2,-1
"1_1101",578970000,216530000,13930000,1840000,1688730000,2.5e+09,38,30,65,133,573350000,216250000,14810000,1690000,1693900000,2.5e+09,17,30,69,116,-21,0,4
"1_1102",2048220000,7.4e+07,9040000,0,368740000,2.5e+09,35,23,63,121,2031290000,80010000,10580000,0,378120000,2.5e+09,16,22,56,94,-19,-1,-7
"1_1103",1823980000,201250000,24110000,2680000,447980000,2.5e+09,36,25,70,131,1849520000,206140000,26430000,2680000,415230000,2.5e+09,17,25,67,109,-19,0,-3
"1_1104",1599500000,12450000,14240000,540000,873270000,2.5e+09,34,24,66,124,1584710000,13050000,18700000,490000,883050000,2.5e+09,19,25,54,98,-15,1,-12
"1_1105",1756030000,20230000,3480000,0,720260000,2.5e+09,35,24,62,121,1941870000,21010000,3980000,0,533140000,2.5e+09,17,26,57,100,-18,2,-5
"1_1106",1157870000,15480000,8540000,690000,1317420000,2.5e+09,39,29,78,146,1341380000,15480000,10960000,690000,1131490000,2.5e+09,20,25,57,102,-19,-4,-21
"1_1107",613260000,10970000,1320000,21070000,1853380000,2.5e+09,32,27,62,121,674990000,11210000,1320000,21770000,1790710000,2.5e+09,16,21,44,81,-16,-6,-18
"1_1108",827840000,7620000,7530000,4.2e+07,1615010000,2.5e+09,35,27,66,128,861590000,7660000,8210000,42390000,1580150000,2.5e+09,16,25,55,96,-19,-2,-11
"1_1109",1936070000,233170000,33420000,20260000,277080000,2.5e+09,39,30,74,143,1749780000,243850000,37110000,19590000,449670000,2.5e+09,15,29,69,113,-24,-1,-5
"1_1110",1563460000,598690000,89480000,114040000,134330000,2.5e+09,45,35,77,157,1553200000,602760000,92860000,112870000,138310000,2.5e+09,16,32,76,124,-29,-3,-1
"1_1111",1815990000,232420000,19710000,24460000,407420000,2.5e+09,38,31,74,143,1553780000,249390000,21170000,24470000,651190000,2.5e+09,16,28,71,115,-22,-3,-3
"1_1112",1233130000,380890000,76150000,67360000,742470000,2.5e+09,45,36,88,169,1215810000,384870000,79260000,67390000,752670000,2.5e+09,22,36,80,138,-23,0,-8
"1_1113",1974630000,209110000,49120000,10010000,257130000,2.5e+09,36,32,74,142,1927420000,211260000,53630000,9860000,297830000,2.5e+09,15,29,67,111,-21,-3,-7
"1_1114",1711250000,241290000,45710000,16190000,485560000,2.5e+09,39,33,76,148,1631100000,243060000,52330000,15620000,557890000,2.5e+09,15,29,71,115,-24,-4,-5
"1_1115",1812470000,355850000,46920000,35120000,249640000,2.5e+09,37,29,66,132,1811430000,360630000,50800000,35130000,242010000,2.5e+09,16,28,71,115,-21,-1,5
"1_1116",1848180000,238120000,52010000,16110000,345580000,2.5e+09,37,31,71,139,1738250000,237720000,58190000,16520000,449320000,2.5e+09,16,29,69,114,-21,-2,-2
"1_1117",1062240000,1111890000,61110000,90380000,174380000,2.5e+09,38,35,76,149,1062820000,1111470000,64070000,90200000,171440000,2.5e+09,21,32,74,127,-17,-3,-2
"1_1118",1498710000,653540000,49130000,62020000,236600000,2.5e+09,40,29,69,138,1484920000,648640000,56440000,61510000,248490000,2.5e+09,19,31,72,122,-21,2,3
"1_1119",703010000,518140000,38440000,19620000,1220790000,2.5e+09,41,33,78,152,692870000,518010000,39660000,20420000,1229040000,2.5e+09,21,32,72,125,-20,-1,-6
"1_1120",1258270000,365710000,52250000,41750000,782020000,2.5e+09,40,28,66,134,1257050000,374710000,56610000,42160000,769470000,2.5e+09,18,32,74,124,-22,4,8
"1_1121",673120000,290640000,75710000,6500000,1454030000,2.5e+09,38,29,74,141,676320000,294220000,81480000,6540000,1441440000,2.5e+09,20,31,73,124,-18,2,-1
"1_1122",425450000,230580000,18300000,3280000,1822390000,2.5e+09,37,30,71,138,396340000,230140000,19370000,3650000,1850500000,2.5e+09,18,26,72,116,-19,-4,1
"1_1123",1670410000,317630000,5.8e+07,8460000,445500000,2.5e+09,38,29,75,142,1734910000,322920000,61900000,8520000,371750000,2.5e+09,21,31,75,127,-17,2,0
"1_1124",1515300000,280200000,22380000,8170000,673950000,2.5e+09,39,30,75,144,1494110000,291730000,25290000,8250000,680620000,2.5e+09,21,31,72,124,-18,1,-3
"1_1125",1836590000,60790000,13880000,8e+05,587940000,2.5e+09,37,23,62,122,1821420000,60310000,14150000,8e+05,603320000,2.5e+09,15,22,55,92,-22,-1,-7
"1_1126",1791100000,192840000,17110000,5510000,493440000,2.5e+09,35,28,69,132,1869170000,195800000,17960000,4950000,412120000,2.5e+09,15,26,67,108,-20,-2,-2
"1_1127",1839410000,13260000,8020000,990000,638320000,2.5e+09,34,24,66,124,1876480000,14440000,10590000,530000,597960000,2.5e+09,17,26,62,105,-17,2,-4
"1_1128",1799030000,39780000,27310000,1810000,632070000,2.5e+09,34,26,64,124,1930770000,40240000,27550000,1810000,499630000,2.5e+09,17,22,65,104,-17,-4,1
"1_1129",1658500000,32800000,20240000,3590000,784870000,2.5e+09,36,24,64,124,1802420000,26820000,23020000,2760000,644980000,2.5e+09,15,21,59,95,-21,-3,-5
"1_1130",1402390000,33120000,16210000,2880000,1045400000,2.5e+09,35,25,62,122,1763600000,28360000,16710000,3360000,687970000,2.5e+09,18,26,59,103,-17,1,-3
"1_1131",1691520000,64370000,40490000,8330000,695290000,2.5e+09,38,30,72,140,1863240000,63130000,43140000,9600000,520890000,2.5e+09,18,30,68,116,-20,0,-4
"1_1132",1197130000,4840000,4270000,1170000,1292590000,2.5e+09,34,26,63,123,1493640000,3090000,5220000,1500000,996550000,2.5e+09,13,21,44,78,-21,-5,-19
"1_1133",1390800000,1700000,3790000,310000,1103400000,2.5e+09,33,26,61,120,1658450000,930000,3790000,310000,836520000,2.5e+09,14,21,45,80,-19,-5,-16
"1_1134",1466380000,23720000,8960000,1930000,999010000,2.5e+09,33,26,64,123,1687400000,16970000,9840000,2520000,783270000,2.5e+09,14,21,50,85,-19,-5,-14
"1_1135",1511140000,650000,8e+05,0,987410000,2.5e+09,33,26,61,120,1717430000,280000,1510000,0,780780000,2.5e+09,12,18,45,75,-21,-8,-16
"1_1136",1051080000,2090000,810000,30940000,1415080000,2.5e+09,34,28,64,126,1200820000,2760000,6940000,30950000,1258530000,2.5e+09,14,21,46,81,-20,-7,-18
"1_1137",1480860000,10690000,8570000,2550000,997330000,2.5e+09,34,26,68,128,1587340000,8750000,12430000,4640000,886840000,2.5e+09,15,24,52,91,-19,-2,-16
"1_1138",1464460000,161120000,7300000,740000,866380000,2.5e+09,34,27,69,130,1675540000,163180000,7600000,740000,652940000,2.5e+09,14,23,59,96,-20,-4,-10
"1_1139",1414800000,22910000,7300000,2360000,1052630000,2.5e+09,33,26,62,121,1704180000,23550000,10740000,2360000,759170000,2.5e+09,17,25,50,92,-16,-1,-12
"1_1140",1510190000,57460000,11360000,10200000,910790000,2.5e+09,35,27,74,136,1650980000,65240000,13610000,10070000,760100000,2.5e+09,21,27,57,105,-14,0,-17
"1_1141",2087810000,139460000,24110000,12460000,236160000,2.5e+09,38,30,72,140,2009820000,158960000,26680000,12120000,292420000,2.5e+09,14,25,62,101,-24,-5,-10
"1_1142",738990000,174080000,44400000,31980000,1510480000,2499930000,43,35,84,162,778870000,175930000,49010000,30700000,1465420000,2499930000,26,38,77,141,-17,3,-7
"1_1143",183480000,396900000,50310000,154120000,1713760000,2498570000,46,36,88,170,204290000,393420000,58350000,153520000,1688990000,2498570000,24,40,78,142,-22,4,-10
"1_1144",1904130000,262440000,37400000,23180000,272850000,2.5e+09,37,28,66,131,1973960000,264810000,40260000,22690000,198280000,2.5e+09,16,28,65,109,-21,0,-1
"1_1145",2094550000,105140000,18030000,17500000,264780000,2.5e+09,36,29,71,136,2.055e+09,122390000,18780000,17210000,286620000,2.5e+09,15,27,69,111,-21,-2,-2
"1_1146",1813840000,180980000,24500000,17260000,463420000,2.5e+09,41,32,81,154,1976500000,180640000,26300000,17320000,299240000,2.5e+09,17,33,73,123,-24,1,-8
"1_1147",1504440000,194180000,36490000,12580000,752310000,2.5e+09,42,34,78,154,1669970000,193220000,41200000,9880000,585730000,2.5e+09,17,33,70,120,-25,-1,-8
"1_1148",1000500000,1078880000,98400000,53320000,268900000,2.5e+09,42,31,71,144,1009490000,1076010000,115390000,52470000,246640000,2.5e+09,19,33,75,127,-23,2,4
"1_1149",1764510000,207740000,15870000,41250000,470630000,2.5e+09,38,30,65,133,1869470000,211590000,18140000,41740000,359060000,2.5e+09,17,29,69,115,-21,-1,4
"1_1150",908960000,479080000,14930000,21290000,1075740000,2.5e+09,43,32,84,159,818750000,477560000,18570000,21100000,1164020000,2.5e+09,20,35,74,129,-23,3,-10
"1_1151",999790000,890860000,84020000,18720000,506610000,2.5e+09,43,30,75,148,1023020000,888930000,105450000,18490000,464110000,2.5e+09,22,34,73,129,-21,4,-2
"1_1152",1785880000,340310000,33770000,2.3e+07,317040000,2.5e+09,37,30,70,137,1842220000,337160000,37770000,22790000,260060000,2.5e+09,16,30,69,115,-21,0,-1
"1_1153",1134820000,761400000,80570000,21760000,501450000,2.5e+09,39,28,72,139,1134200000,769820000,91350000,21340000,483290000,2.5e+09,22,29,74,125,-17,1,2
"1_1154",1514610000,493190000,42670000,18560000,430970000,2.5e+09,39,30,70,139,1499220000,499680000,47860000,18760000,434480000,2.5e+09,20,31,73,124,-19,1,3
"1_1155",1720050000,198690000,53390000,2100000,525770000,2.5e+09,37,30,71,138,1850240000,200880000,59920000,2100000,386860000,2.5e+09,18,31,72,121,-19,1,1
"1_1156",1759840000,207740000,23290000,2930000,506200000,2.5e+09,38,30,71,139,1837730000,220080000,27780000,2810000,411600000,2.5e+09,16,29,68,113,-22,-1,-3
"1_1157",1627540000,422160000,33940000,8890000,407470000,2.5e+09,38,30,71,139,1666110000,428600000,39960000,9080000,356250000,2.5e+09,19,32,68,119,-19,2,-3
"1_1158",1301830000,733580000,99120000,17820000,347650000,2.5e+09,41,33,77,151,1208750000,735010000,108830000,17060000,430350000,2.5e+09,23,34,74,131,-18,1,-3
"1_1159",1795700000,43210000,9600000,4910000,646580000,2.5e+09,37,24,69,130,1893960000,43760000,10850000,4910000,546520000,2.5e+09,17,28,57,102,-20,4,-12
"1_1160",1820550000,155420000,20260000,1940000,501830000,2.5e+09,38,31,67,136,1790190000,158690000,21080000,2070000,527970000,2.5e+09,19,28,66,113,-19,-3,-1
"1_1161",1865070000,154500000,39700000,4770000,435960000,2.5e+09,35,26,68,129,1818020000,154460000,44610000,5600000,477310000,2.5e+09,20,28,66,114,-15,2,-2
"1_1162",1772620000,36530000,5590000,590000,684670000,2.5e+09,37,27,69,133,1763640000,38700000,5600000,590000,691470000,2.5e+09,16,21,56,93,-21,-6,-13
"1_1163",1788690000,37080000,8740000,1100000,664390000,2.5e+09,40,30,72,142,1800840000,36250000,9200000,1100000,652610000,2.5e+09,18,28,62,108,-22,-2,-10
"1_1164",1621970000,95290000,17230000,3110000,762400000,2.5e+09,38,27,73,138,1868380000,102600000,17920000,3320000,507780000,2.5e+09,19,30,62,111,-19,3,-11
"1_1165",1803090000,212870000,25530000,2180000,456330000,2.5e+09,39,30,72,141,1908060000,223160000,25080000,2500000,341200000,2.5e+09,20,30,65,115,-19,0,-7
"1_1166",1704720000,25060000,4350000,820000,765050000,2.5e+09,34,26,63,123,1805820000,27070000,4240000,820000,662050000,2.5e+09,13,19,50,82,-21,-7,-13
"1_1167",1533930000,31010000,5860000,1950000,927250000,2.5e+09,38,27,65,130,1798940000,32660000,6100000,1760000,660540000,2.5e+09,16,22,55,93,-22,-5,-10
"1_1168",1655810000,51550000,6530000,3710000,782400000,2.5e+09,35,28,64,127,1888550000,56420000,6530000,3710000,544790000,2.5e+09,13,20,55,88,-22,-8,-9
"1_1169",1736580000,83900000,8900000,1010000,669610000,2.5e+09,37,25,67,129,1767690000,93450000,9740000,720000,628400000,2.5e+09,16,20,61,97,-21,-5,-6
"1_1170",1353770000,39850000,7120000,16670000,1082590000,2.5e+09,34,27,63,124,1447050000,39990000,7470000,16650000,988840000,2.5e+09,18,27,54,99,-16,0,-9
"1_1171",1566190000,45420000,3050000,4470000,880870000,2.5e+09,35,26,65,126,1735330000,47470000,3710000,4420000,709070000,2.5e+09,18,21,54,93,-17,-5,-11
"1_1172",1597610000,36130000,5400000,4370000,856490000,2.5e+09,37,27,67,131,1611180000,36330000,5880000,4370000,842240000,2.5e+09,11,18,40,69,-26,-9,-27
"1_1173",1621320000,64840000,3590000,3140000,807110000,2.5e+09,37,27,71,135,1962160000,71470000,3860000,3240000,459270000,2.5e+09,14,20,49,83,-23,-7,-22
"1_1174",104540000,80390000,4660000,32040000,2263010000,2484640000,40,33,76,149,109630000,81420000,5180000,32250000,2256160000,2484640000,18,34,74,126,-22,1,-2
"1_1175",1171320000,510830000,48690000,24260000,744900000,2.5e+09,38,29,72,139,1167480000,513680000,71030000,24070000,723740000,2.5e+09,21,32,71,124,-17,3,-1
"1_1176",1138680000,583190000,55730000,14060000,708340000,2.5e+09,40,31,81,152,1114620000,590400000,68030000,14220000,712730000,2.5e+09,22,34,78,134,-18,3,-3
"1_1177",932960000,314560000,611670000,21830000,618980000,2.5e+09,42,33,76,151,925470000,314030000,648890000,17100000,594510000,2.5e+09,19,32,69,120,-23,-1,-7
"1_1178",364040000,114280000,21400000,6990000,1922770000,2429480000,39,32,80,151,357170000,111220000,32300000,7590000,1921200000,2429480000,22,34,69,125,-17,2,-11
"1_1179",1466160000,537450000,25780000,16300000,454310000,2.5e+09,42,32,76,150,1490020000,5.43e+08,28820000,14680000,423480000,2.5e+09,22,34,76,132,-20,2,0
"1_1180",967870000,1086690000,99250000,44110000,302080000,2.5e+09,41,30,75,146,1031920000,1069900000,128710000,43730000,225740000,2.5e+09,22,33,75,130,-19,3,0
"1_1181",452690000,14490000,32120000,1340000,1727720000,2228360000,39,33,80,152,456260000,14490000,33770000,1470000,1722370000,2228360000,19,31,64,114,-20,-2,-16
"1_1182",1150010000,104200000,73650000,12720000,1159420000,2.5e+09,41,36,84,161,1123560000,101460000,89820000,13050000,1172110000,2.5e+09,23,37,79,139,-18,1,-5
"1_1183",845850000,89510000,10660000,320000,1553660000,2.5e+09,37,29,77,143,891540000,93950000,13530000,320000,1500660000,2.5e+09,22,36,69,127,-15,7,-8
"1_1184",473020000,43130000,22320000,5840000,1916220000,2460530000,37,31,78,146,522640000,45560000,25780000,5840000,1860710000,2460530000,20,32,70,122,-17,1,-8
"1_1185",1739860000,94600000,30620000,1200000,633720000,2.5e+09,39,28,74,141,1929070000,111940000,32600000,1200000,425190000,2.5e+09,20,33,63,116,-19,5,-11
"1_1186",1234750000,180650000,87910000,5580000,991110000,2.5e+09,44,35,87,166,1292110000,185460000,92090000,5980000,924360000,2.5e+09,24,36,72,132,-20,1,-15
"1_1187",1524840000,18740000,1870000,3510000,951040000,2.5e+09,37,27,67,131,1691890000,18800000,2190000,1990000,785130000,2.5e+09,12,15,42,69,-25,-12,-25
"1_1188",1784670000,105810000,14900000,2450000,592170000,2.5e+09,36,29,67,132,1872590000,110160000,15430000,2440000,499380000,2.5e+09,18,26,59,103,-18,-3,-8
"1_1189",773040000,105850000,2520000,0,1618590000,2.5e+09,31,19,53,103,772070000,102910000,2520000,0,1622500000,2.5e+09,12,20,45,77,-19,1,-8
"1_1190",769470000,80910000,1140000,0,1648480000,2.5e+09,33,22,60,115,778310000,74540000,1590000,0,1645560000,2.5e+09,14,21,45,80,-19,-1,-15
"1_1191",315160000,120480000,6860000,0,2057500000,2.5e+09,30,24,53,107,314120000,120450000,6860000,0,2058570000,2.5e+09,9,21,42,72,-21,-3,-11
"1_1192",648070000,70510000,1280000,0,1780140000,2.5e+09,28,18,56,102,647960000,70510000,1280000,0,1780250000,2.5e+09,9,20,40,69,-19,2,-16
"1_1193",171640000,112140000,6450000,640000,2209130000,2.5e+09,34,22,55,111,171540000,112860000,6450000,640000,2208510000,2.5e+09,11,25,54,90,-23,3,-1
"1_1194",764820000,22700000,1470000,2900000,1708110000,2.5e+09,35,27,55,117,777570000,22560000,1470000,2680000,1695720000,2.5e+09,13,23,46,82,-22,-4,-9
"1_1195",511310000,13540000,310000,6240000,1968600000,2.5e+09,34,24,61,119,499010000,13540000,310000,6210000,1980930000,2.5e+09,16,22,46,84,-18,-2,-15
"1_1196",1052880000,5260000,1600000,58930000,1381330000,2.5e+09,32,25,62,119,1118180000,5570000,1600000,58960000,1315690000,2.5e+09,13,22,40,75,-19,-3,-22
"1_1197",1220820000,4500000,50000,6120000,1268510000,2.5e+09,33,26,65,124,1306910000,4370000,50000,6030000,1182640000,2.5e+09,18,25,52,95,-15,-1,-13
"1_1198",787050000,31470000,890000,0,1680590000,2.5e+09,24,14,42,80,782120000,31470000,890000,0,1685520000,2.5e+09,7,19,35,61,-17,5,-7
"1_1199",821970000,21260000,1410000,26450000,1628910000,2.5e+09,27,23,56,106,813150000,21290000,1410000,26770000,1637380000,2.5e+09,10,19,36,65,-17,-4,-20
"1_1200",499160000,6270000,1340000,59200000,1934030000,2.5e+09,29,24,60,113,501700000,6350000,1340000,59310000,1931300000,2.5e+09,11,25,42,78,-18,1,-18
"1_1201",317080000,46520000,0,0,2136400000,2.5e+09,28,18,54,100,317120000,46320000,0,0,2136560000,2.5e+09,11,23,42,76,-17,5,-12
"1_1202",784940000,143330000,11880000,0,1559850000,2.5e+09,39,25,67,131,776980000,144070000,11950000,0,1.567e+09,2.5e+09,19,28,50,97,-20,3,-17
"1_1203",643610000,29570000,16630000,0,1810190000,2.5e+09,39,29,74,142,640110000,29650000,16700000,0,1813540000,2.5e+09,18,23,46,87,-21,-6,-28
"1_1204",171270000,32040000,1850000,0,2116380000,2321540000,31,21,63,115,171440000,32040000,1880000,0,2116180000,2321540000,16,23,50,89,-15,2,-13
"1_1205",268340000,56470000,20420000,460000,2154310000,2.5e+09,32,23,64,119,268210000,56210000,20800000,460000,2154320000,2.5e+09,16,25,45,86,-16,2,-19
"1_1206",562980000,54830000,1990000,0,1880200000,2.5e+09,30,19,63,112,561970000,54830000,2380000,0,1880820000,2.5e+09,17,24,41,82,-13,5,-22
"1_1207",1356410000,8100000,560000,6750000,1128180000,2.5e+09,34,28,67,129,1459470000,8160000,560000,6690000,1025120000,2.5e+09,12,23,46,81,-22,-5,-21
"1_1208",1413540000,30410000,1390000,8340000,1046320000,2.5e+09,33,25,61,119,1686400000,30700000,1390000,8380000,773130000,2.5e+09,15,18,49,82,-18,-7,-12
"1_1209",1274440000,23140000,4200000,9340000,1188880000,2.5e+09,36,26,67,129,1369560000,27100000,5060000,4610000,1093670000,2.5e+09,17,25,58,100,-19,-1,-9
"1_1210",1429480000,24440000,3730000,7080000,1035270000,2.5e+09,36,27,68,131,1559760000,24210000,3730000,7110000,905190000,2.5e+09,18,19,51,88,-18,-8,-17
"1_1211",1258690000,3950000,4610000,23600000,1209150000,2.5e+09,35,28,65,128,1270680000,3950000,4800000,23450000,1197120000,2.5e+09,11,20,41,72,-24,-8,-24
"1_1212",1426130000,3350000,2470000,20980000,1047070000,2.5e+09,34,27,66,127,1435920000,3330000,5410000,20920000,1034420000,2.5e+09,12,23,47,82,-22,-4,-19
"1_1213",1690200000,6840000,910000,1130000,800920000,2.5e+09,35,29,67,131,1828470000,6820000,910000,1120000,662680000,2.5e+09,12,19,43,74,-23,-10,-24
"1_1214",1399610000,4280000,2340000,0,1093770000,2.5e+09,35,27,68,130,1602790000,4980000,2560000,0,889670000,2.5e+09,13,24,50,87,-22,-3,-18
"1_1215",148460000,1660000,0,44620000,2305260000,2.5e+09,27,23,52,102,148930000,1660000,0,44510000,2304900000,2.5e+09,9,22,32,63,-18,-1,-20
"1_1216",354140000,470000,0,148960000,1996430000,2.5e+09,31,24,58,113,355280000,460000,0,148810000,1995450000,2.5e+09,11,24,46,81,-20,0,-12
"1_1217",1105960000,0,0,18660000,1375380000,2.5e+09,34,26,61,121,1120690000,0,0,18720000,1360590000,2.5e+09,11,21,34,66,-23,-5,-27
"1_1218",611390000,28410000,4800000,18480000,1836920000,2.5e+09,36,27,66,129,609670000,28740000,4800000,18540000,1838250000,2.5e+09,16,27,51,94,-20,0,-15
"1_1219",483610000,30130000,2650000,0,1983610000,2.5e+09,23,13,53,89,483770000,30130000,2650000,0,1983450000,2.5e+09,12,22,37,71,-11,9,-16
"1_1220",675420000,60090000,960000,0,1763530000,2.5e+09,28,22,56,106,675400000,60090000,960000,0,1763550000,2.5e+09,9,20,35,64,-19,-2,-21
"1_1221",622240000,48290000,13810000,5820000,1809840000,2.5e+09,30,21,56,107,622100000,48290000,13870000,5640000,1810100000,2.5e+09,14,23,43,80,-16,2,-13
"1_1222",453710000,37060000,1620000,0,2007610000,2.5e+09,29,18,57,104,453630000,37060000,1620000,0,2007690000,2.5e+09,11,22,33,66,-18,4,-24
"1_1223",762160000,127330000,15400000,0,1595110000,2.5e+09,27,25,56,108,761390000,127380000,15960000,0,1595270000,2.5e+09,14,26,47,87,-13,1,-9
"1_1224",1234010000,16100000,0,1490000,1248400000,2.5e+09,35,27,64,126,1457570000,15980000,520000,970000,1024960000,2.5e+09,14,22,44,80,-21,-5,-20
"1_1225",1414330000,19920000,4290000,850000,1060610000,2.5e+09,37,27,67,131,1592700000,19470000,4590000,850000,882390000,2.5e+09,17,22,47,86,-20,-5,-20
"1_1226",1359360000,1.9e+07,8330000,2390000,1110920000,2.5e+09,35,26,65,126,1434560000,19040000,8740000,2390000,1035270000,2.5e+09,13,17,49,79,-22,-9,-16
"1_1227",259890000,0,620000,67930000,2171560000,2.5e+09,25,22,54,101,263040000,0,570000,67920000,2168470000,2.5e+09,10,21,35,66,-15,-1,-19
"1_1228",982890000,3e+05,0,25850000,1490960000,2.5e+09,33,25,64,122,1006040000,3e+05,0,23960000,1469700000,2.5e+09,9,17,27,53,-24,-8,-37
"1_1229",795250000,71440000,7240000,27060000,1599010000,2.5e+09,20,13,47,80,792240000,71800000,7970000,27210000,1600780000,2.5e+09,7,17,31,55,-13,4,-16
"1_1230",34950000,283470000,6790000,68270000,2106520000,2.5e+09,23,16,35,74,119170000,250490000,21460000,66120000,2042760000,2.5e+09,12,9,42,63,-11,-7,7
"1_1231",100620000,493410000,30310000,196300000,1679360000,2.5e+09,33,29,65,127,130900000,438690000,49720000,201530000,1679160000,2.5e+09,23,16,64,103,-10,-13,-1
"1_1232",422240000,724990000,45620000,340550000,966600000,2.5e+09,34,36,68,138,477400000,681630000,53930000,299100000,987940000,2.5e+09,16,11,48,75,-18,-25,-20
"1_1233",39840000,691870000,37510000,141610000,1589170000,2.5e+09,33,34,79,146,105220000,618700000,55360000,95120000,1625600000,2.5e+09,20,18,56,94,-13,-16,-23
"1_1234",1196180000,286930000,9530000,250500000,756860000,2.5e+09,32,37,70,139,1183190000,281070000,11270000,237090000,787380000,2.5e+09,14,11,58,83,-18,-26,-12
"1_1235",56600000,570090000,6030000,14170000,1853110000,2.5e+09,23,15,45,83,56870000,557200000,10180000,5340000,1870410000,2.5e+09,7,8,38,53,-16,-7,-7
"1_1236",11900000,922240000,27500000,0,1538360000,2.5e+09,19,16,31,66,24260000,893750000,38190000,0,1543800000,2.5e+09,11,9,34,54,-8,-7,3
"1_1237",377580000,1116990000,7580000,152720000,845130000,2.5e+09,29,21,47,97,330770000,1033690000,14810000,165320000,955410000,2.5e+09,13,12,35,60,-16,-9,-12
"1_1238",298880000,1203720000,23020000,170350000,804030000,2.5e+09,22,15,45,82,221650000,1157330000,28450000,131030000,961540000,2.5e+09,8,7,30,45,-14,-8,-15
"1_1239",181920000,937670000,38540000,162050000,1179820000,2.5e+09,34,30,65,129,461250000,886360000,50590000,131020000,970780000,2.5e+09,20,15,59,94,-14,-15,-6
"1_1240",30660000,595930000,12060000,25380000,1835970000,2.5e+09,29,19,58,106,35260000,588260000,15310000,22680000,1838490000,2.5e+09,17,14,48,79,-12,-5,-10
"1_1241",883700000,359880000,8690000,44290000,1203440000,2.5e+09,32,29,55,116,1303310000,305530000,20620000,69660000,800880000,2.5e+09,11,7,40,58,-21,-22,-15
"1_1242",229470000,769150000,41080000,83630000,1376670000,2.5e+09,29,23,53,105,262930000,735460000,61660000,87710000,1352240000,2.5e+09,16,14,48,78,-13,-9,-5
"1_1243",376250000,558220000,8230000,137390000,1419910000,2.5e+09,30,29,72,131,616920000,513390000,16490000,123640000,1229560000,2.5e+09,14,19,46,79,-16,-10,-26
"1_1244",149010000,1422780000,85480000,429570000,413160000,2.5e+09,34,33,64,131,169070000,1400280000,103680000,387490000,439480000,2.5e+09,15,12,50,77,-19,-21,-14
"1_1245",408950000,905840000,11550000,389900000,783760000,2.5e+09,32,30,59,121,451330000,878040000,14020000,368090000,788520000,2.5e+09,16,9,38,63,-16,-21,-21
"1_1246",163610000,616830000,8930000,197970000,1512660000,2.5e+09,30,26,54,110,187880000,615780000,11790000,152610000,1531940000,2.5e+09,13,9,43,65,-17,-17,-11
"1_1247",0,51800000,260000,72420000,1932240000,2056720000,17,14,22,53,0,47470000,540000,17550000,1991160000,2056720000,4,4,28,36,-13,-10,6
"1_1248",44010000,457430000,6030000,87560000,1904970000,2.5e+09,22,19,35,76,50260000,439800000,12370000,62630000,1934940000,2.5e+09,7,5,33,45,-15,-14,-2
"1_1249",366990000,732820000,14510000,210270000,1175410000,2.5e+09,32,26,51,109,397970000,721050000,26160000,175570000,1179250000,2.5e+09,16,13,45,74,-16,-13,-6
"1_1250",561910000,683870000,1.2e+07,380290000,861930000,2.5e+09,30,23,53,106,530020000,640780000,24200000,292780000,1012220000,2.5e+09,15,8,43,66,-15,-15,-10
"1_1251",138940000,812830000,39490000,79800000,1428940000,2.5e+09,26,15,37,78,127700000,801320000,60600000,84530000,1425850000,2.5e+09,9,9,34,52,-17,-6,-3
"1_1252",77020000,250160000,7440000,175020000,1990360000,2.5e+09,28,18,33,79,83730000,239270000,20150000,137010000,2019840000,2.5e+09,10,5,41,56,-18,-13,8
"1_1253",558970000,564710000,18100000,238410000,1119810000,2.5e+09,36,32,69,137,725820000,541060000,35700000,219260000,978160000,2.5e+09,21,16,61,98,-15,-16,-8
"1_1254",289440000,408200000,10710000,96660000,1694990000,2.5e+09,28,22,42,92,245250000,389020000,18580000,84840000,1762310000,2.5e+09,13,11,47,71,-15,-11,5
"1_1255",107520000,1027640000,27280000,38710000,1298850000,2.5e+09,33,25,49,107,147220000,1008300000,44080000,37020000,1263380000,2.5e+09,11,10,38,59,-22,-15,-11
"1_1256",279290000,538380000,24020000,118540000,1539770000,2.5e+09,24,18,35,77,306530000,505730000,55530000,74540000,1557670000,2.5e+09,12,7,37,56,-12,-11,2
"1_1257",6150000,1977790000,74390000,181170000,260500000,2.5e+09,22,27,47,96,6180000,1937490000,99890000,179900000,276540000,2.5e+09,13,9,41,63,-9,-18,-6
"1_1258",141420000,1224570000,41220000,90040000,1002750000,2.5e+09,30,31,66,127,177070000,1199990000,62220000,88640000,972080000,2.5e+09,20,18,63,101,-10,-13,-3
"1_1259",366770000,464700000,47970000,54550000,1516770000,2450760000,28,25,50,103,374120000,405150000,55230000,51260000,1.565e+09,2450760000,19,21,58,98,-9,-4,8
"1_1260",327970000,513490000,32300000,53930000,1572310000,2.5e+09,24,22,36,82,382710000,485980000,46260000,55430000,1529620000,2.5e+09,11,9,31,51,-13,-13,-5
"1_1261",672140000,353890000,7650000,381610000,1084710000,2.5e+09,26,20,42,88,673700000,366980000,8630000,409420000,1041270000,2.5e+09,15,14,42,71,-11,-6,0
"1_1262",268580000,284550000,30910000,70400000,1845560000,2.5e+09,35,34,60,129,222490000,214280000,44190000,73620000,1945420000,2.5e+09,15,9,56,80,-20,-25,-4
"1_1263",700540000,1495230000,70870000,173370000,59990000,2.5e+09,30,23,66,119,830930000,1377630000,86230000,105780000,99430000,2.5e+09,20,19,54,93,-10,-4,-12
"1_1264",447160000,1736750000,78950000,91040000,146100000,2.5e+09,38,34,81,153,435160000,1712920000,85770000,78380000,187770000,2.5e+09,21,20,65,106,-17,-14,-16
"1_1265",673110000,1516710000,78630000,80100000,151450000,2.5e+09,31,28,58,117,6.36e+08,1498810000,91100000,81610000,192480000,2.5e+09,21,20,58,99,-10,-8,0
"1_1266",1198400000,502580000,5360000,303310000,490350000,2.5e+09,29,31,64,124,1202170000,512060000,9360000,277100000,499310000,2.5e+09,17,16,48,81,-12,-15,-16
"1_1267",333800000,1914430000,143990000,5630000,102150000,2.5e+09,33,24,67,124,314840000,1889230000,1.62e+08,6e+06,127930000,2.5e+09,22,19,64,105,-11,-5,-3
"1_1268",363420000,1666190000,85760000,78440000,306190000,2.5e+09,38,28,76,142,358670000,1647110000,92910000,82170000,319140000,2.5e+09,24,24,75,123,-14,-4,-1
"1_1269",340460000,1805110000,132360000,20290000,201780000,2.5e+09,29,20,49,98,313360000,1796120000,142110000,21050000,227360000,2.5e+09,20,16,60,96,-9,-4,11
"1_1270",7500000,2273400000,122380000,54990000,41730000,2.5e+09,34,28,67,129,5910000,2268320000,127110000,55560000,43100000,2.5e+09,21,20,56,97,-13,-8,-11
"1_1271",260860000,1939780000,114450000,49450000,135460000,2.5e+09,34,26,72,132,249670000,1937590000,118290000,42860000,151590000,2.5e+09,22,20,68,110,-12,-6,-4
"1_1272",286440000,1823370000,119760000,154230000,116200000,2.5e+09,34,30,73,137,305390000,1789600000,122090000,151460000,131460000,2.5e+09,22,26,77,125,-12,-4,4
"1_1273",501870000,1672630000,105610000,79940000,139950000,2.5e+09,33,29,70,132,534780000,1635340000,111310000,72230000,146340000,2.5e+09,21,21,66,108,-12,-8,-4
"1_1274",284460000,1311750000,79640000,523380000,300770000,2.5e+09,39,30,68,137,337350000,1218090000,87280000,506850000,350430000,2.5e+09,20,27,75,122,-19,-3,7
"1_1275",492600000,1521050000,90440000,216410000,179500000,2.5e+09,34,27,69,130,489750000,1445250000,94510000,199450000,271040000,2.5e+09,20,24,66,110,-14,-3,-3
"1_1276",813450000,1112470000,278410000,138860000,156810000,2.5e+09,38,34,84,156,768790000,1053190000,308960000,146240000,222820000,2.5e+09,23,25,74,122,-15,-9,-10
"1_1277",169420000,1769570000,243920000,155940000,161150000,2.5e+09,39,33,79,151,181310000,1736630000,260750000,159370000,161940000,2.5e+09,22,27,83,132,-17,-6,4
"1_1278",498510000,1229280000,547100000,101390000,123720000,2.5e+09,34,28,68,130,451520000,1128250000,5.94e+08,119690000,206540000,2.5e+09,20,25,71,116,-14,-3,3
"1_1279",455620000,1344500000,157140000,389210000,153530000,2.5e+09,37,27,69,133,444560000,1194570000,185360000,400330000,275180000,2.5e+09,21,28,76,125,-16,1,7
"1_1280",779960000,1555340000,62220000,70050000,32430000,2.5e+09,27,26,54,107,774510000,1548840000,69480000,4.9e+07,58170000,2.5e+09,14,12,51,77,-13,-14,-3
"1_1281",1214020000,772020000,33290000,81840000,398830000,2.5e+09,29,23,56,108,1280690000,732240000,37850000,85980000,363240000,2.5e+09,15,15,47,77,-14,-8,-9
"1_1282",245090000,1919640000,180780000,25670000,128820000,2.5e+09,34,30,75,139,231790000,1889420000,203100000,31470000,144220000,2.5e+09,22,23,67,112,-12,-7,-8
"1_1283",111300000,1878300000,277910000,57340000,175150000,2.5e+09,34,29,74,137,104510000,1814790000,301320000,49090000,230290000,2.5e+09,22,24,74,120,-12,-5,0
"1_1284",18280000,2031620000,108850000,232870000,108380000,2.5e+09,37,32,81,150,15560000,2.048e+09,111940000,218610000,105890000,2.5e+09,21,25,71,117,-16,-7,-10
"1_1285",118610000,1845840000,169330000,154310000,211910000,2.5e+09,43,36,88,167,118690000,1832470000,182600000,148320000,217920000,2.5e+09,25,29,81,135,-18,-7,-7
"1_1286",4420000,2205220000,132610000,103310000,54440000,2.5e+09,33,28,62,123,5650000,2276610000,112360000,74410000,30970000,2.5e+09,19,19,61,99,-14,-9,-1
"1_1287",13350000,1943900000,122860000,276610000,143280000,2.5e+09,42,34,88,164,14020000,1961030000,118010000,255750000,151190000,2.5e+09,21,23,62,106,-21,-11,-26
"1_1288",206050000,1753170000,98370000,327570000,114840000,2.5e+09,36,30,77,143,268700000,1623180000,107860000,360990000,139270000,2.5e+09,22,28,79,129,-14,-2,2
"1_1289",217600000,1715230000,167490000,268470000,131210000,2.5e+09,37,32,83,152,254650000,1618250000,176400000,294900000,155800000,2.5e+09,24,30,81,135,-13,-2,-2
"1_1290",30660000,2200640000,93030000,151910000,23760000,2.5e+09,30,27,63,120,35840000,2.187e+09,99400000,154970000,22790000,2.5e+09,21,17,65,103,-9,-10,2
"1_1291",33740000,2123600000,117100000,176800000,48760000,2.5e+09,32,26,66,124,33570000,2154280000,108850000,173390000,29910000,2.5e+09,23,25,74,122,-9,-1,8
"1_1292",183020000,1898240000,139590000,194140000,85010000,2.5e+09,30,28,70,128,169700000,1829550000,153980000,218760000,128010000,2.5e+09,22,22,66,110,-8,-6,-4
"1_1293",98670000,1627860000,120700000,449690000,203080000,2.5e+09,38,35,83,156,106090000,1566320000,128980000,475880000,222730000,2.5e+09,24,29,80,133,-14,-6,-3
"1_1294",557150000,1067240000,24750000,285390000,565470000,2.5e+09,38,40,83,161,612460000,994960000,30560000,280590000,581430000,2.5e+09,20,16,62,98,-18,-24,-21
"1_1295",771510000,897340000,25910000,228640000,576600000,2.5e+09,41,43,96,180,744960000,832580000,36840000,284620000,6.01e+08,2.5e+09,26,31,86,143,-15,-12,-10
"1_1296",904590000,523770000,12560000,455610000,603470000,2.5e+09,29,32,63,124,843330000,509850000,14850000,474020000,657950000,2.5e+09,22,13,67,102,-7,-19,4
"1_1297",803310000,798660000,30820000,350200000,517010000,2.5e+09,38,40,95,173,811520000,734850000,49750000,320840000,583040000,2.5e+09,22,18,59,99,-16,-22,-36
"1_1298",680050000,1547450000,108170000,32820000,131510000,2.5e+09,26,25,50,101,737680000,1480700000,116800000,22330000,142490000,2.5e+09,16,17,53,86,-10,-8,3
"1_1299",448790000,1535330000,77590000,163800000,274490000,2.5e+09,40,33,86,159,479230000,1465210000,79910000,199020000,276630000,2.5e+09,25,27,81,133,-15,-6,-5
"1_1300",1698430000,360480000,31410000,297380000,112300000,2.5e+09,28,25,61,114,1794860000,312840000,32580000,3.19e+08,40720000,2.5e+09,16,12,53,81,-12,-13,-8
"1_1301",1689470000,414450000,13860000,148940000,233280000,2.5e+09,26,24,59,109,1721180000,417870000,14300000,99510000,247140000,2.5e+09,18,13,59,90,-8,-11,0
"1_1302",222730000,1718550000,173830000,334670000,50220000,2.5e+09,27,27,61,115,220590000,1676420000,187930000,356580000,58480000,2.5e+09,20,19,60,99,-7,-8,-1
"1_1303",146580000,1935010000,109370000,272330000,36710000,2.5e+09,27,23,51,101,159970000,1895810000,99470000,301470000,43280000,2.5e+09,18,22,60,100,-9,-1,9
"1_1304",871980000,979670000,148540000,400110000,99700000,2.5e+09,27,25,56,108,881870000,1021920000,105500000,404440000,86270000,2.5e+09,17,14,53,84,-10,-11,-3
"1_1305",1213840000,703960000,89010000,381630000,111560000,2.5e+09,29,20,58,107,1268350000,696540000,70590000,416210000,48310000,2.5e+09,12,11,50,73,-17,-9,-8
"1_1306",134290000,1664970000,152550000,443510000,104680000,2.5e+09,34,32,70,136,134790000,1684670000,146590000,429770000,104180000,2.5e+09,22,28,75,125,-12,-4,5
"1_1307",89840000,1905540000,181350000,225660000,97610000,2.5e+09,28,26,60,114,86870000,2003600000,170990000,192940000,45600000,2.5e+09,20,20,62,102,-8,-6,2
"1_1308",707150000,1166510000,139150000,413840000,73350000,2.5e+09,32,27,68,127,701340000,1279800000,107340000,364740000,46780000,2.5e+09,19,21,64,104,-13,-6,-4
"1_1309",1181020000,802580000,119240000,284800000,112360000,2.5e+09,32,23,55,110,1199140000,868670000,88090000,293640000,50460000,2.5e+09,17,17,57,91,-15,-6,2
"1_1310",97510000,1451940000,126650000,661980000,161920000,2.5e+09,35,31,77,143,91580000,1392620000,148540000,690170000,177090000,2.5e+09,24,30,83,137,-11,-1,6
"1_1311",53070000,1811230000,87500000,490190000,58010000,2.5e+09,34,29,65,128,60010000,1760910000,91750000,521270000,66060000,2.5e+09,22,27,80,129,-12,-2,15
"1_1312",705900000,1323250000,141450000,186790000,142610000,2.5e+09,32,28,65,125,722230000,1203200000,154620000,199340000,220610000,2.5e+09,22,26,66,114,-10,-2,1
"1_1313",262660000,1634620000,197590000,319190000,85940000,2.5e+09,32,24,64,120,271730000,1658860000,195610000,306760000,67040000,2.5e+09,22,25,69,116,-10,1,5
"1_1314",440070000,1335980000,62010000,13490000,648450000,2.5e+09,39,41,93,173,441530000,1274430000,88580000,16860000,678600000,2.5e+09,23,24,63,110,-16,-17,-30
"1_1315",98020000,926560000,95720000,37040000,1342660000,2.5e+09,33,28,66,127,118710000,918090000,127630000,18930000,1316640000,2.5e+09,20,19,62,101,-13,-9,-4
"1_1316",840710000,767920000,33030000,202540000,655800000,2.5e+09,34,34,75,143,789160000,723550000,42380000,198920000,745990000,2.5e+09,24,17,69,110,-10,-17,-6
"1_1317",355020000,1830740000,65060000,96410000,152770000,2.5e+09,33,33,67,133,378760000,1775280000,92630000,91440000,161890000,2.5e+09,16,18,49,83,-17,-15,-18
"1_1318",902830000,980490000,54200000,179670000,382810000,2.5e+09,39,40,101,180,895120000,1002800000,6.4e+07,119320000,418760000,2.5e+09,28,26,90,144,-11,-14,-11
"1_1319",298380000,1402340000,93280000,227660000,478340000,2.5e+09,34,31,72,137,355380000,1352440000,135030000,183120000,474030000,2.5e+09,24,12,60,96,-10,-19,-12
"1_1320",1185440000,596370000,29760000,388850000,299580000,2.5e+09,27,33,68,128,1188270000,623260000,31810000,327010000,329650000,2.5e+09,22,19,68,109,-5,-14,0
"1_1321",893120000,799700000,73730000,349780000,383670000,2.5e+09,41,42,87,170,879890000,839650000,86690000,344190000,349580000,2.5e+09,25,21,74,120,-16,-21,-13
"1_1322",1224340000,527870000,30670000,318370000,398750000,2.5e+09,41,44,87,172,1182050000,592900000,36040000,286860000,402150000,2.5e+09,25,18,69,112,-16,-26,-18
"1_1323",996820000,577090000,71830000,369760000,484500000,2.5e+09,35,40,78,153,999170000,600020000,70850000,425280000,404680000,2.5e+09,24,27,76,127,-11,-13,-2
"1_1324",453890000,1171720000,3.37e+08,254160000,283230000,2.5e+09,38,40,90,168,441800000,1166930000,350290000,263870000,277110000,2.5e+09,24,25,77,126,-14,-15,-13
"1_1325",177350000,1800300000,166670000,108490000,247190000,2.5e+09,34,30,60,124,144730000,1867100000,145500000,136270000,206400000,2.5e+09,19,23,68,110,-15,-7,8
"1_1326",1351580000,471380000,57360000,450260000,169420000,2.5e+09,25,23,47,95,1434170000,368640000,53520000,549470000,94200000,2.5e+09,13,12,48,73,-12,-11,1
"1_1327",438380000,1612300000,148640000,217320000,83360000,2.5e+09,24,22,43,89,457890000,1646510000,100900000,272900000,21800000,2.5e+09,15,13,50,78,-9,-9,7
"1_1328",1531850000,247660000,33270000,428180000,259040000,2.5e+09,22,26,45,93,1584840000,221110000,25620000,422510000,245920000,2.5e+09,14,11,46,71,-8,-15,1
"1_1329",1468860000,429790000,65630000,440010000,95710000,2.5e+09,30,25,56,111,1481110000,402860000,53440000,475980000,86610000,2.5e+09,19,13,57,89,-11,-12,1
"1_1330",1593940000,428560000,133460000,294700000,49340000,2.5e+09,24,23,43,90,1640900000,438470000,63330000,300260000,57040000,2.5e+09,13,9,46,68,-11,-14,3
"1_1331",1263160000,337930000,58920000,735020000,104970000,2.5e+09,27,22,60,109,1279140000,418460000,55240000,669150000,78010000,2.5e+09,19,14,56,89,-8,-8,-4
"1_1332",229170000,1684820000,190430000,342230000,53350000,2.5e+09,28,24,60,112,231200000,1750720000,182720000,295840000,39520000,2.5e+09,20,19,59,98,-8,-5,-1
"1_1333",865330000,657180000,31350000,280100000,666040000,2.5e+09,32,34,74,140,892260000,606310000,37180000,298640000,665610000,2.5e+09,23,14,71,108,-9,-20,-3
"1_1334",372390000,1343980000,47250000,26530000,709850000,2.5e+09,34,34,72,140,396610000,1313360000,60670000,22760000,706600000,2.5e+09,17,13,55,85,-17,-21,-17
"1_1335",1589580000,433600000,35130000,149640000,292050000,2.5e+09,35,41,73,149,1585060000,438900000,45160000,133760000,297120000,2.5e+09,24,20,72,116,-11,-21,-1
"1_1336",906210000,864230000,97940000,275430000,356190000,2.5e+09,35,38,75,148,906630000,883910000,96050000,267650000,345760000,2.5e+09,20,17,64,101,-15,-21,-11
"1_1337",1190460000,721460000,100570000,160550000,326960000,2.5e+09,35,38,70,143,1216440000,727890000,104090000,175760000,275820000,2.5e+09,23,23,69,115,-12,-15,-1
"1_1338",248420000,1703620000,141780000,172980000,233200000,2.5e+09,33,24,62,119,237100000,1813140000,109240000,173860000,166660000,2.5e+09,23,26,73,122,-10,2,11
"1_1339",369140000,1312980000,150390000,554660000,112830000,2.5e+09,34,33,73,140,364850000,1281540000,148790000,643710000,61110000,2.5e+09,21,21,67,109,-13,-12,-6
"1_1340",1185710000,386310000,98400000,610300000,219280000,2.5e+09,32,25,66,123,1303630000,329190000,83100000,736290000,47790000,2.5e+09,14,16,49,79,-18,-9,-17
"1_1341",702430000,1202440000,307140000,101990000,1.86e+08,2.5e+09,37,30,84,151,751980000,1166730000,329210000,103190000,148890000,2.5e+09,20,30,71,121,-17,0,-13
"1_1342",370240000,1466240000,401880000,124290000,137350000,2.5e+09,41,36,94,171,393450000,1300640000,517020000,142450000,146440000,2.5e+09,25,33,79,137,-16,-3,-15
"1_1343",853930000,747360000,528480000,179110000,191120000,2.5e+09,40,33,90,163,897310000,524170000,620300000,283780000,174440000,2.5e+09,18,32,67,117,-22,-1,-23
"1_1344",746410000,1282040000,237930000,122650000,110970000,2.5e+09,42,35,94,171,825150000,958740000,421540000,151400000,143170000,2.5e+09,23,33,75,131,-19,-2,-19
"1_1345",533790000,1665820000,97980000,187600000,14810000,2.5e+09,38,32,80,150,547560000,1614550000,120650000,185590000,31650000,2.5e+09,16,23,62,101,-22,-9,-18
"1_1346",1231500000,919040000,84050000,185940000,79470000,2.5e+09,41,31,82,154,1253530000,897580000,104730000,183910000,60250000,2.5e+09,23,32,72,127,-18,1,-10
"1_1347",688300000,1245920000,107600000,328250000,129930000,2.5e+09,39,31,83,153,741120000,1120290000,1.44e+08,333670000,160920000,2.5e+09,16,29,61,106,-23,-2,-22
"1_1348",791850000,1187790000,186260000,272130000,61970000,2.5e+09,39,34,83,156,811110000,988330000,268560000,316340000,115660000,2.5e+09,16,29,66,111,-23,-5,-17
"1_1349",516050000,1473500000,84120000,339380000,86950000,2.5e+09,38,32,82,152,528890000,1334950000,130520000,378700000,126940000,2.5e+09,18,32,73,123,-20,0,-9
"1_1350",425550000,1691230000,111720000,198790000,72710000,2.5e+09,39,34,87,160,446370000,1613610000,144140000,218660000,77220000,2.5e+09,18,31,70,119,-21,-3,-17
"1_1351",226490000,1916270000,67760000,272090000,17390000,2.5e+09,43,34,84,161,217050000,1860520000,101090000,268680000,52660000,2.5e+09,15,30,68,113,-28,-4,-16
"1_1352",521870000,1476130000,286660000,181340000,3.4e+07,2.5e+09,38,35,85,158,542350000,1336420000,349360000,220280000,51590000,2.5e+09,18,29,67,114,-20,-6,-18
"1_1353",700690000,1409180000,128640000,149140000,112350000,2.5e+09,39,28,81,148,761390000,1.28e+09,212470000,158850000,87290000,2.5e+09,19,28,66,113,-20,0,-15
"1_1354",232120000,1996750000,36050000,86670000,148410000,2.5e+09,36,31,83,150,243690000,1909870000,72240000,95690000,178510000,2.5e+09,19,32,67,118,-17,1,-16
"1_1355",558640000,1757300000,28650000,90700000,64710000,2.5e+09,39,32,86,157,608100000,1664970000,68750000,93960000,64220000,2.5e+09,22,34,69,125,-17,2,-17
"1_1356",553380000,1685170000,53370000,89800000,118280000,2.5e+09,43,35,87,165,534220000,1636820000,77920000,88240000,162800000,2.5e+09,21,32,73,126,-22,-3,-14
"1_1357",1045030000,1216210000,41320000,140570000,56870000,2.5e+09,40,33,82,155,1058940000,1134270000,73920000,151690000,81180000,2.5e+09,16,28,66,110,-24,-5,-16
"1_1358",779930000,1469030000,39990000,124560000,86490000,2.5e+09,39,32,84,155,790250000,1.394e+09,72420000,137690000,105640000,2.5e+09,20,30,66,116,-19,-2,-18
"1_1359",350640000,1861170000,62120000,145250000,80820000,2.5e+09,39,32,84,155,379250000,1745790000,116710000,155920000,102330000,2.5e+09,24,30,70,124,-15,-2,-14
"1_1360",440010000,1833380000,40810000,111370000,74430000,2.5e+09,41,32,87,160,460950000,1741170000,89870000,98350000,109660000,2.5e+09,23,34,69,126,-18,2,-18
"1_1361",425100000,358770000,69310000,91800000,1526350000,2471330000,41,37,79,157,388230000,326410000,98540000,133830000,1524320000,2471330000,20,31,64,115,-21,-6,-15
"1_1362",727670000,1243680000,190190000,77160000,261300000,2.5e+09,40,33,81,154,746250000,1.097e+09,280670000,102370000,273710000,2.5e+09,21,33,71,125,-19,0,-10
"1_1363",74770000,918940000,5e+07,42780000,1413510000,2.5e+09,43,35,93,171,80980000,8.89e+08,82100000,30730000,1417190000,2.5e+09,21,31,71,123,-22,-4,-22
"1_1364",1319450000,802100000,119220000,147970000,111260000,2.5e+09,33,26,67,126,1387350000,780940000,131100000,152590000,48020000,2.5e+09,21,20,63,104,-12,-6,-4
"1_1365",487390000,1808690000,129270000,26660000,47990000,2.5e+09,41,37,91,169,519760000,1780750000,130730000,29800000,38960000,2.5e+09,21,24,76,121,-20,-13,-15
"1_1366",1226820000,765830000,83570000,286010000,137770000,2.5e+09,39,34,79,152,1353780000,744280000,95650000,251020000,55270000,2.5e+09,21,19,69,109,-18,-15,-10
"1_1367",904780000,1228320000,110810000,189280000,66810000,2.5e+09,38,36,84,158,904040000,1132080000,111340000,224230000,128310000,2.5e+09,23,25,71,119,-15,-11,-13
"1_1368",1530960000,568530000,133040000,184620000,82850000,2.5e+09,41,36,83,160,1505600000,522150000,150160000,208920000,113170000,2.5e+09,22,21,65,108,-19,-15,-18
"1_1369",911100000,1104210000,123870000,272890000,87930000,2.5e+09,38,33,89,160,993130000,901640000,188510000,294770000,121950000,2.5e+09,24,30,71,125,-14,-3,-18
"1_1370",1414160000,705360000,128030000,168350000,84100000,2.5e+09,40,40,85,165,1410670000,653960000,147250000,194700000,93420000,2.5e+09,24,28,73,125,-16,-12,-12
"1_1371",1289370000,557880000,84510000,363160000,205080000,2.5e+09,32,35,73,140,1310700000,486290000,108330000,330170000,264510000,2.5e+09,21,24,62,107,-11,-11,-11
"1_1372",1594340000,338710000,88640000,303440000,174870000,2.5e+09,39,40,84,163,1645580000,342950000,99940000,267130000,144400000,2.5e+09,22,21,67,110,-17,-19,-17
"1_1373",375680000,1910940000,110290000,93300000,9790000,2.5e+09,39,29,84,152,389630000,1796860000,201050000,99460000,1.3e+07,2.5e+09,16,26,60,102,-23,-3,-24
"1_1374",630020000,1528510000,200950000,104210000,36310000,2.5e+09,36,33,79,148,725120000,1158030000,395910000,141450000,79490000,2.5e+09,21,27,68,116,-15,-6,-11
"1_1375",199950000,1818670000,114630000,322860000,43890000,2.5e+09,37,33,89,159,222940000,1712480000,173220000,334660000,56700000,2.5e+09,20,31,74,125,-17,-2,-15
"1_1376",710840000,1517690000,107360000,103740000,60370000,2.5e+09,36,33,85,154,736190000,1398240000,172060000,101380000,92130000,2.5e+09,18,29,66,113,-18,-4,-19
"1_1377",816940000,1231790000,97250000,273980000,80040000,2.5e+09,37,32,83,152,820410000,1140610000,137860000,272270000,128850000,2.5e+09,18,33,66,117,-19,1,-17
"1_1378",843080000,1196760000,66740000,336640000,56780000,2.5e+09,37,34,83,154,847850000,1134050000,99900000,338160000,80040000,2.5e+09,19,31,67,117,-18,-3,-16
"1_1379",1079600000,955180000,96800000,225920000,142500000,2.5e+09,37,33,88,158,1180250000,780500000,157760000,217470000,164020000,2.5e+09,18,32,69,119,-19,-1,-19
"1_1380",737710000,1296230000,150040000,262220000,53800000,2.5e+09,37,36,91,164,774410000,1122960000,231460000,296520000,74650000,2.5e+09,22,31,67,120,-15,-5,-24
"1_1381",315240000,1850460000,97940000,207150000,29210000,2.5e+09,38,32,85,155,303530000,1792710000,157460000,184750000,61550000,2.5e+09,17,30,69,116,-21,-2,-16
"1_1382",633180000,1549430000,155920000,125110000,36360000,2.5e+09,39,34,86,159,612020000,1489560000,186750000,131140000,80530000,2.5e+09,16,32,65,113,-23,-2,-21
"1_1383",536630000,1415140000,335270000,157130000,55830000,2.5e+09,37,33,83,153,547260000,1254800000,423230000,156240000,118470000,2.5e+09,21,34,73,128,-16,1,-10
"1_1384",506880000,1707440000,65910000,188480000,31290000,2.5e+09,38,35,85,158,503400000,1664140000,79130000,187540000,65790000,2.5e+09,18,30,68,116,-20,-5,-17
"1_1385",605200000,1359610000,29340000,464190000,41660000,2.5e+09,36,32,78,146,634790000,1283280000,67090000,465960000,48880000,2.5e+09,19,32,70,121,-17,0,-8
"1_1386",382180000,1891170000,49980000,103010000,73660000,2.5e+09,40,34,88,162,355390000,1851060000,87610000,99800000,106140000,2.5e+09,19,31,68,118,-21,-3,-20
"1_1387",456110000,1679560000,42380000,293100000,28850000,2.5e+09,35,32,71,138,472500000,1591200000,86460000,298280000,51560000,2.5e+09,17,29,63,109,-18,-3,-8
"1_1388",471290000,1679530000,81720000,216260000,51200000,2.5e+09,39,33,88,160,497340000,1594400000,138140000,179370000,90750000,2.5e+09,20,33,69,122,-19,0,-19
"1_1389",730090000,1506290000,33650000,91340000,138630000,2.5e+09,40,32,81,153,774980000,1309730000,82450000,125430000,207410000,2.5e+09,20,30,70,120,-20,-2,-11
"1_1390",639830000,1566610000,33980000,170660000,88920000,2.5e+09,38,32,79,149,689060000,1424290000,97570000,157640000,131440000,2.5e+09,21,28,65,114,-17,-4,-14
"1_1391",703650000,1507490000,65060000,125700000,98100000,2.5e+09,42,38,86,166,747120000,1306660000,113380000,182730000,150110000,2.5e+09,21,32,70,123,-21,-6,-16
"1_1392",1267440000,825580000,29450000,240720000,136810000,2.5e+09,41,36,83,160,1302370000,700370000,73070000,251970000,172220000,2.5e+09,22,30,67,119,-19,-6,-16
"1_1393",0,0,0,0,2.24e+08,2.24e+08,42,35,88,165,0,0,0,0,2.24e+08,2.24e+08,22,33,68,123,-20,-2,-20
"1_1394",443040000,913790000,17370000,58360000,521890000,1954450000,42,32,84,158,469100000,847330000,37960000,50620000,556140000,1961150000,20,33,70,123,-22,1,-14
"1_1395",0,0,0,0,0,0,43,43,92,178,0,0,0,0,0,0,22,33,69,124,-21,-10,-23
"1_1396",313450000,922230000,13860000,63050000,16480000,1329070000,41,38,86,165,346770000,818750000,25230000,74730000,71100000,1336580000,22,32,70,124,-19,-6,-16
"1_1397",11570000,0,960000,0,918770000,931300000,32,29,58,119,10470000,0,880000,0,918630000,929980000,13,21,54,88,-19,-8,-4
"1_1398",1252450000,950200000,72480000,158390000,66480000,2.5e+09,39,37,87,163,1225890000,940640000,78100000,141790000,113580000,2.5e+09,23,23,67,113,-16,-14,-20
"1_1399",1319740000,671990000,125990000,263140000,119140000,2.5e+09,36,33,72,141,1293710000,594350000,128230000,283080000,200630000,2.5e+09,20,21,67,108,-16,-12,-5
"1_1400",1207450000,788870000,80990000,278450000,144240000,2.5e+09,38,38,87,163,1198500000,761530000,83860000,261980000,194130000,2.5e+09,23,24,66,113,-15,-14,-21
"1_1401",867190000,1146370000,190890000,189490000,106060000,2.5e+09,34,27,71,132,826770000,1056540000,202760000,227430000,186500000,2.5e+09,22,29,70,121,-12,2,-1
"1_1402",1042100000,680430000,86880000,501490000,189100000,2.5e+09,33,35,68,136,1010750000,622940000,155910000,454650000,255750000,2.5e+09,22,27,66,115,-11,-8,-2
"1_1403",1425360000,379670000,68830000,301080000,325060000,2.5e+09,35,33,67,135,1269990000,380770000,77250000,267350000,504640000,2.5e+09,18,18,59,95,-17,-15,-8
"1_1404",1247410000,860550000,100290000,212090000,79660000,2.5e+09,37,34,86,157,1304550000,785940000,125720000,246110000,37680000,2.5e+09,20,22,66,108,-17,-12,-20
"1_1405",1238780000,726180000,94270000,209290000,231480000,2.5e+09,37,34,80,151,1314150000,706970000,103050000,201170000,174660000,2.5e+09,21,20,62,103,-16,-14,-18
"1_1406",631150000,1540310000,110260000,146840000,71440000,2.5e+09,38,33,85,156,676160000,1400430000,172240000,143450000,107720000,2.5e+09,20,29,69,118,-18,-4,-16
"1_1407",565450000,1733140000,113310000,78250000,9850000,2.5e+09,38,30,80,148,649820000,1578450000,153610000,83560000,34560000,2.5e+09,20,28,64,112,-18,-2,-16
"1_1408",626140000,1484930000,153980000,164990000,69960000,2.5e+09,40,34,82,156,651960000,1302080000,238510000,162540000,144910000,2.5e+09,20,32,65,117,-20,-2,-17
"1_1409",520050000,1713140000,103360000,119650000,43800000,2.5e+09,38,31,87,156,527080000,1567260000,185830000,116490000,103340000,2.5e+09,18,32,68,118,-20,1,-19
"1_1410",407870000,1836090000,97490000,108470000,50080000,2.5e+09,40,38,86,164,473400000,1678770000,152430000,118640000,76760000,2.5e+09,20,33,73,126,-20,-5,-13
"1_1411",851470000,1307490000,102100000,153930000,85010000,2.5e+09,44,37,92,173,880820000,1193850000,155880000,156390000,113060000,2.5e+09,20,29,69,118,-24,-8,-23
"1_1412",703670000,1165590000,346650000,232470000,51620000,2.5e+09,40,33,87,160,751610000,898040000,498560000,236310000,115480000,2.5e+09,19,34,77,130,-21,1,-10
"1_1413",791880000,1294010000,92950000,230410000,90750000,2.5e+09,42,34,87,163,891620000,1070270000,154550000,243370000,140190000,2.5e+09,22,33,73,128,-20,-1,-14
"1_1414",534300000,1453720000,74230000,411360000,26390000,2.5e+09,39,34,80,153,587370000,1280350000,158790000,407640000,65850000,2.5e+09,21,31,71,123,-18,-3,-9
"1_1415",537160000,1517830000,81140000,298130000,65740000,2.5e+09,40,36,85,161,603050000,1376070000,1.34e+08,310450000,76430000,2.5e+09,20,32,75,127,-20,-4,-10
"1_1416",787990000,1105310000,39990000,526770000,39940000,2.5e+09,39,33,84,156,809680000,1008030000,85710000,540500000,56080000,2.5e+09,21,32,74,127,-18,-1,-10
"1_1417",771560000,1262770000,82640000,314150000,68880000,2.5e+09,41,34,87,162,810380000,1039120000,180690000,351980000,117830000,2.5e+09,22,34,77,133,-19,0,-10
"1_1418",547710000,1476760000,49080000,409840000,16610000,2.5e+09,40,39,88,167,530110000,1397160000,109200000,412640000,50890000,2.5e+09,21,35,76,132,-19,-4,-12
"1_1419",682270000,1400500000,62580000,320510000,34140000,2.5e+09,36,36,88,160,712660000,1311530000,111300000,317630000,46880000,2.5e+09,17,32,70,119,-19,-4,-18
"1_1420",614390000,1426460000,37320000,138460000,283370000,2.5e+09,44,35,89,168,651520000,1316130000,74530000,1.48e+08,309820000,2.5e+09,23,32,75,130,-21,-3,-14
"1_1421",1216060000,542850000,12540000,643870000,84680000,2.5e+09,41,33,82,156,1238950000,484970000,38940000,631480000,105660000,2.5e+09,20,32,67,119,-21,-1,-15
"1_1422",701200000,1344380000,30670000,165700000,258050000,2.5e+09,41,34,84,159,708530000,1247490000,61130000,180350000,302500000,2.5e+09,23,32,70,125,-18,-2,-14
"1_1423",683420000,1254510000,31690000,486370000,44010000,2.5e+09,43,41,93,177,647510000,1193230000,74680000,475110000,109470000,2.5e+09,21,37,75,133,-22,-4,-18
"1_1424",0,0,0,0,0,0,39,38,84,161,0,0,0,0,0,0,26,35,72,133,-13,-3,-12
"1_1425",181460000,776390000,9690000,60470000,51300000,1079310000,38,34,83,155,203250000,730630000,18140000,74530000,60340000,1086890000,22,32,72,126,-16,-2,-11
"1_1426",26920000,43920000,10400000,17460000,7190000,105890000,35,31,73,139,7210000,2710000,1740000,8320000,5220000,25200000,20,29,68,117,-15,-2,-5
"1_1427",364990000,689060000,9330000,58550000,22590000,1144520000,43,36,85,164,391240000,646550000,16760000,61970000,37980000,1154500000,22,34,72,128,-21,-2,-13
"1_1428",630340000,1255350000,120390000,86220000,407700000,2.5e+09,41,36,88,165,643020000,1114020000,158920000,145320000,438720000,2.5e+09,24,28,80,132,-17,-8,-8
"1_1429",258570000,618690000,32800000,251610000,619660000,1781330000,45,42,96,183,238140000,514770000,26100000,230950000,539780000,1549740000,28,35,82,145,-17,-7,-14
"1_1430",761730000,1367100000,48710000,216720000,105740000,2.5e+09,42,35,92,169,802660000,1121160000,42360000,385350000,148470000,2.5e+09,21,30,68,119,-21,-5,-24
"1_1431",723580000,1255760000,80340000,241790000,179630000,2481100000,40,33,81,154,735830000,1103740000,64790000,317190000,172280000,2393830000,28,34,77,139,-12,1,-4
"1_1432",896910000,1208050000,166250000,143900000,84890000,2.5e+09,35,34,84,153,878240000,1160570000,177120000,152680000,131390000,2.5e+09,23,28,69,120,-12,-6,-15
"1_1433",216220000,1720120000,119810000,327560000,116290000,2.5e+09,39,35,84,158,199360000,1629880000,141040000,343070000,186650000,2.5e+09,24,27,76,127,-15,-8,-8
"1_1434",193820000,1496450000,148090000,193970000,72480000,2104810000,40,37,91,168,223810000,1477550000,153660000,163820000,95370000,2114210000,25,31,80,136,-15,-6,-11
"1_1435",367770000,1644500000,189330000,206800000,91570000,2499970000,34,30,72,136,388970000,1476740000,226760000,171780000,2.35e+08,2499250000,22,23,73,118,-12,-7,1
"1_1436",1396830000,761790000,65150000,231110000,45120000,2.5e+09,34,26,70,130,1462070000,647630000,75790000,297120000,17390000,2.5e+09,20,17,61,98,-14,-9,-9
"1_1437",1165500000,1019750000,145480000,79050000,90220000,2.5e+09,33,31,74,138,1214160000,970480000,162780000,105650000,46930000,2.5e+09,20,21,61,102,-13,-10,-13
"1_1438",1349150000,798470000,74250000,235940000,42190000,2.5e+09,38,30,84,152,1417520000,678970000,119950000,247700000,35860000,2.5e+09,19,19,61,99,-19,-11,-23
"1_1439",1320380000,828760000,119490000,96300000,135070000,2.5e+09,41,38,87,166,1374430000,821770000,129340000,72570000,101890000,2.5e+09,22,26,68,116,-19,-12,-19
"1_1440",1017300000,1100390000,79930000,260840000,41540000,2.5e+09,37,35,85,157,1068180000,1006460000,125110000,225560000,74690000,2.5e+09,22,34,71,127,-15,-1,-14
"1_1441",523830000,1312600000,120600000,162970000,38980000,2158980000,38,37,92,167,546090000,1224580000,165820000,155430000,72590000,2164510000,22,27,68,117,-16,-10,-24
"1_1442",554770000,789550000,38520000,132970000,30410000,1546220000,47,37,96,180,592190000,740650000,53460000,139390000,28120000,1553810000,28,35,75,138,-19,-2,-21
"1_1443",7250000,4110000,0,2430000,380000,14170000,47,38,101,186,8880000,4010000,350000,1730000,0,14970000,25,31,71,127,-22,-7,-30
"1_1444",352880000,1773600000,143780000,194490000,35250000,2.5e+09,37,33,86,156,375130000,1645800000,208370000,214250000,56450000,2.5e+09,22,33,73,128,-15,0,-13
"1_1445",764110000,1484130000,59640000,162570000,29550000,2.5e+09,38,36,84,158,803370000,1402850000,103820000,164100000,25860000,2.5e+09,20,34,75,129,-18,-2,-9
"1_1446",455320000,1193170000,62680000,282080000,79630000,2072880000,45,38,99,182,505270000,1076980000,77330000,324680000,93270000,2077530000,27,35,77,139,-18,-3,-22
"1_1447",325550000,1.801e+09,95370000,260810000,17270000,2.5e+09,44,38,95,177,345530000,1724790000,128110000,275510000,26060000,2.5e+09,24,31,72,127,-20,-7,-23
"1_1448",579880000,1418530000,71410000,400380000,17250000,2487450000,38,37,84,159,585330000,1355920000,123450000,381070000,42590000,2488360000,21,32,72,125,-17,-5,-12
"1_1449",584770000,1332140000,64130000,467280000,51680000,2.5e+09,46,38,93,177,608010000,1247960000,115180000,444270000,84580000,2.5e+09,22,35,74,131,-24,-3,-19
"1_1450",289950000,480990000,24790000,202740000,28050000,1026520000,38,38,86,162,298390000,464960000,36670000,189010000,42590000,1031620000,26,37,77,140,-12,-1,-9
"1_1451",540160000,550720000,25640000,212820000,41110000,1370450000,46,40,102,188,541530000,5.44e+08,35540000,197740000,57650000,1376460000,31,36,75,142,-15,-4,-27
"1_1452",556110000,1350240000,97840000,430050000,65760000,2.5e+09,42,38,86,166,560030000,1242090000,176850000,435170000,85860000,2.5e+09,25,34,74,133,-17,-4,-12
"1_1453",694730000,1365530000,38870000,378420000,22450000,2.5e+09,35,35,86,156,709920000,1296550000,85090000,352960000,55480000,2.5e+09,20,33,72,125,-15,-2,-14
"1_1454",1149760000,677360000,19600000,419950000,54230000,2320900000,45,41,98,184,1157810000,574240000,46910000,408670000,137140000,2324770000,25,35,76,136,-20,-6,-22
"1_1455",576420000,360070000,30450000,153930000,31800000,1152670000,43,39,94,176,593800000,322580000,43240000,145370000,52810000,1157800000,27,35,78,140,-16,-4,-16
"1_1456",863220000,1285910000,31660000,196480000,122730000,2.5e+09,42,39,86,167,873410000,1238350000,65120000,186390000,136730000,2.5e+09,21,33,70,124,-21,-6,-16
"1_1457",636770000,9.84e+08,19830000,565240000,294160000,2.5e+09,44,42,94,180,658350000,905420000,5.7e+07,580580000,298650000,2.5e+09,29,36,75,140,-15,-6,-19
"1_1458",1105530000,461150000,22980000,146180000,119110000,1854950000,43,39,89,171,1023170000,374530000,28650000,121250000,104710000,1652310000,28,37,78,143,-15,-2,-11
"1_1459",528550000,833620000,20110000,209730000,20390000,1612400000,39,35,87,161,568870000,753070000,39480000,203210000,51250000,1615880000,28,32,77,137,-11,-3,-10
"1_1460",267160000,1590780000,77110000,103700000,86370000,2125120000,40,36,87,163,251160000,1492180000,68190000,51300000,50190000,1913020000,21,29,63,113,-19,-7,-24
"1_1461",3.77e+08,1742990000,30030000,156110000,84140000,2390270000,40,37,88,165,363840000,1621920000,31610000,159160000,90880000,2267410000,24,33,69,126,-16,-4,-19
"1_1462",823010000,1197500000,179190000,102510000,197790000,2.5e+09,38,32,83,153,823620000,1145720000,214990000,89460000,226210000,2.5e+09,25,35,76,136,-13,3,-7
"1_1463",402090000,1487300000,71530000,299510000,239570000,2.5e+09,44,39,92,175,440330000,1436800000,78320000,290530000,254020000,2.5e+09,27,33,75,135,-17,-6,-17
"1_1464",658920000,1334750000,57790000,210640000,237900000,2.5e+09,41,33,79,153,689920000,1299650000,56050000,185250000,269130000,2.5e+09,23,34,71,128,-18,1,-8
"1_1465",522450000,1683660000,80940000,71690000,141260000,2.5e+09,33,29,71,133,516830000,1649090000,80180000,73220000,180680000,2.5e+09,19,23,57,99,-14,-6,-14
"1_1466",560200000,1667950000,75220000,88980000,107650000,2.5e+09,33,27,69,129,563580000,1668420000,78730000,47710000,141560000,2.5e+09,21,24,59,104,-12,-3,-10
"1_1467",0,5e+05,0,3850000,0,4350000,35,31,77,143,0,3340000,0,3190000,0,6530000,21,26,71,118,-14,-5,-6
"1_1468",123790000,1063210000,87020000,293130000,57740000,1624890000,36,34,78,148,137890000,1045790000,94090000,241200000,122700000,1641670000,22,30,71,123,-14,-4,-7
"1_1469",451600000,445180000,70410000,195560000,78690000,1241440000,33,32,76,141,413650000,468410000,67470000,187300000,31720000,1168550000,23,25,68,116,-10,-7,-8
"1_1470",897980000,194850000,9830000,165400000,30300000,1298360000,35,37,84,156,910690000,148210000,22250000,178460000,44330000,1303940000,19,19,59,97,-16,-18,-25
"1_1471",670040000,45610000,5490000,94180000,19690000,835010000,31,28,70,129,693720000,45260000,7150000,85440000,10420000,841990000,19,17,58,94,-12,-11,-12
"1_1472",354330000,186320000,63040000,147730000,115550000,866970000,35,29,74,138,372200000,159130000,45050000,181120000,32920000,790420000,17,17,58,92,-18,-12,-16
"1_1473",437920000,47670000,92570000,1270000,1920570000,2.5e+09,40,31,77,148,430520000,46040000,106600000,1210000,1915630000,2.5e+09,18,33,66,117,-22,2,-11
"1_1474",926780000,224530000,27080000,11790000,1309820000,2.5e+09,41,33,83,157,951810000,220530000,42320000,11790000,1273550000,2.5e+09,21,35,74,130,-20,2,-9
"1_1475",1311300000,452610000,48100000,23010000,664980000,2.5e+09,44,34,82,160,1326570000,436960000,97360000,22550000,616560000,2.5e+09,25,34,75,134,-19,0,-7
"1_1476",1739890000,26770000,2480000,970000,729890000,2.5e+09,37,30,64,131,1912370000,27410000,2470000,980000,556770000,2.5e+09,17,23,46,86,-20,-7,-18
"1_1477",1825860000,163810000,14710000,1390000,494230000,2.5e+09,39,36,82,157,1858960000,167190000,16030000,1390000,456430000,2.5e+09,21,36,68,125,-18,0,-14
"1_1478",568640000,37780000,9e+06,660000,1669240000,2285320000,37,30,82,149,545960000,40200000,9740000,650000,1688770000,2285320000,20,31,60,111,-17,1,-22
"1_1479",1080220000,109480000,58400000,9420000,1242480000,2.5e+09,40,37,86,163,1036900000,117210000,66800000,2940000,1276150000,2.5e+09,21,38,71,130,-19,1,-15
"1_1480",915250000,864830000,41990000,330060000,347870000,2.5e+09,40,36,85,161,745040000,909340000,64140000,239110000,542370000,2.5e+09,27,36,75,138,-13,0,-10
"1_1481",773870000,1170880000,56180000,188210000,310860000,2.5e+09,40,40,96,176,738820000,1189310000,57170000,144950000,369750000,2.5e+09,23,38,72,133,-17,-2,-24
"1_1482",1018930000,941400000,26190000,207320000,306160000,2.5e+09,40,32,81,153,833890000,979740000,43510000,115410000,527450000,2.5e+09,23,32,67,122,-17,0,-14
"1_1483",698640000,1452900000,81290000,150620000,116550000,2.5e+09,41,37,87,165,702810000,1424340000,83870000,134100000,154880000,2.5e+09,20,25,66,111,-21,-12,-21
"1_1484",712720000,276250000,6520000,232010000,1272500000,2.5e+09,38,33,74,145,592630000,359420000,11620000,127360000,1408970000,2.5e+09,26,35,71,132,-12,2,-3
"1_1485",1210520000,570140000,23280000,291550000,404510000,2.5e+09,37,33,79,149,1006910000,653540000,39080000,147950000,652520000,2.5e+09,20,33,70,123,-17,0,-9
"1_1486",151450000,44100000,2370000,19410000,2282670000,2.5e+09,35,29,65,129,155900000,30440000,3230000,35840000,2274590000,2.5e+09,18,34,68,120,-17,5,3
"1_1487",861590000,399700000,87270000,0,1151440000,2.5e+09,41,42,91,174,875470000,378680000,81800000,1420000,1162630000,2.5e+09,24,38,74,136,-17,-4,-17
"1_1488",932950000,306700000,76790000,0,1183560000,2.5e+09,42,40,87,169,905530000,309990000,68690000,0,1215790000,2.5e+09,25,40,78,143,-17,0,-9
"1_1489",877230000,4.02e+08,29890000,0,1190880000,2.5e+09,41,39,88,168,880820000,400040000,25480000,1630000,1192030000,2.5e+09,26,39,79,144,-15,0,-9
"1_1490",1240590000,771980000,81430000,520000,405480000,2.5e+09,41,38,82,161,1288530000,777730000,75540000,0,358200000,2.5e+09,24,39,77,140,-17,1,-5
"1_1491",1201990000,929880000,169900000,450000,197780000,2.5e+09,42,36,85,163,1.209e+09,924720000,183170000,9e+05,182210000,2.5e+09,24,40,76,140,-18,4,-9
"1_1492",1156850000,150090000,17740000,0,1175320000,2.5e+09,44,42,99,185,1150070000,143100000,12210000,1140000,1193480000,2.5e+09,29,41,85,155,-15,-1,-14
"1_1493",662130000,209640000,93100000,360000,1534770000,2.5e+09,42,43,100,185,666400000,204610000,94800000,1720000,1532470000,2.5e+09,29,43,81,153,-13,0,-19
"1_1494",1618670000,419010000,20670000,0,441650000,2.5e+09,39,33,72,144,1604130000,425830000,19840000,0,450200000,2.5e+09,21,35,74,130,-18,2,2
"1_1495",1793820000,394780000,29720000,0,281680000,2.5e+09,38,38,84,160,1780020000,388620000,24630000,0,306730000,2.5e+09,24,37,75,136,-14,-1,-9
"1_1496",1055200000,389270000,73120000,290000,982120000,2.5e+09,44,41,95,180,1.15e+09,382800000,76360000,0,890840000,2.5e+09,27,39,82,148,-17,-2,-13
"1_1497",1.303e+09,430390000,45320000,0,721290000,2.5e+09,41,41,94,176,1266550000,433050000,43940000,0,756460000,2.5e+09,28,44,81,153,-13,3,-13
"1_1498",1098850000,921600000,87180000,0,392370000,2.5e+09,37,34,76,147,1243760000,933410000,94670000,0,228160000,2.5e+09,22,31,74,127,-15,-3,-2
"1_1499",1378610000,628570000,37390000,0,455430000,2.5e+09,38,31,73,142,1406270000,650310000,34670000,0,408750000,2.5e+09,20,37,72,129,-18,6,-1
"1_1500",482740000,70110000,31790000,0,1915360000,2.5e+09,37,36,89,162,516080000,66810000,31660000,0,1885450000,2.5e+09,26,41,77,144,-11,5,-12
"1_1501",337280000,127190000,44590000,0,1858540000,2367600000,38,38,88,164,438540000,119520000,46920000,460000,1762160000,2367600000,27,40,81,148,-11,2,-7
"1_1502",1109290000,524120000,34200000,0,832390000,2.5e+09,38,34,85,157,1284010000,540650000,34490000,0,640850000,2.5e+09,27,40,83,150,-11,6,-2
"1_1503",798020000,1180520000,20280000,263750000,237430000,2.5e+09,36,30,73,139,667290000,1286900000,51370000,120350000,374090000,2.5e+09,22,29,72,123,-14,-1,-1
"1_1504",710690000,1350150000,88270000,160110000,190780000,2.5e+09,37,31,80,148,662970000,1439590000,84540000,52470000,260430000,2.5e+09,20,31,60,111,-17,0,-20
"1_1505",685300000,1.468e+09,35400000,120570000,190730000,2.5e+09,36,35,79,150,604440000,1437550000,95400000,95600000,267010000,2.5e+09,22,31,67,120,-14,-4,-12
"1_1506",815680000,702340000,23440000,292120000,666420000,2.5e+09,43,43,84,170,689090000,770490000,38070000,169140000,833210000,2.5e+09,27,35,77,139,-16,-8,-7
"1_1507",394090000,141770000,149280000,129820000,1647350000,2462310000,39,42,88,169,370270000,152270000,188100000,78060000,1673610000,2462310000,22,36,72,130,-17,-6,-16
"1_1508",401230000,245840000,7410000,118770000,1667080000,2440330000,41,38,86,165,423320000,214200000,7130000,154670000,1641010000,2440330000,19,35,72,126,-22,-3,-14
"1_1509",645290000,311460000,7e+06,79320000,1456930000,2.5e+09,42,42,97,181,657460000,279850000,10430000,94190000,1458070000,2.5e+09,31,40,84,155,-11,-2,-13
"1_1510",31250000,44950000,6150000,10790000,2133380000,2226520000,34,33,78,145,31430000,35150000,6650000,17930000,2135360000,2226520000,22,33,71,126,-12,0,-7
"1_1511",62400000,10730000,350000,7270000,2070850000,2151600000,34,34,68,136,64480000,8080000,0,6800000,2072240000,2151600000,17,27,59,103,-17,-7,-9
"1_1512",346870000,214930000,13740000,60710000,1863750000,2.5e+09,40,41,95,176,370980000,114900000,14080000,155010000,1845030000,2.5e+09,26,40,75,141,-14,-1,-20
"1_1513",770270000,320260000,46170000,70820000,1292480000,2.5e+09,38,38,87,163,801290000,214780000,52900000,160820000,1270210000,2.5e+09,26,33,79,138,-12,-5,-8
"1_1514",1066260000,700450000,16610000,159740000,556940000,2.5e+09,43,42,91,176,1146920000,498970000,16860000,342540000,494710000,2.5e+09,27,37,79,143,-16,-5,-12
"1_1515",1455440000,590310000,79190000,0,375060000,2.5e+09,42,40,91,173,1460660000,563630000,71620000,0,404090000,2.5e+09,26,37,77,140,-16,-3,-14
"1_1516",281930000,21660000,11910000,0,1916920000,2232420000,40,39,89,168,282510000,18020000,12410000,0,1919480000,2232420000,26,37,71,134,-14,-2,-18
"1_1517",1347750000,892990000,39440000,0,219820000,2.5e+09,42,36,81,159,1330350000,894060000,37550000,0,238040000,2.5e+09,22,33,73,128,-20,-3,-8
"1_1518",1149560000,1.107e+09,55410000,670000,187360000,2.5e+09,40,37,77,154,1146090000,1117030000,52530000,460000,183890000,2.5e+09,22,34,68,124,-18,-3,-9
"1_1519",1777700000,190710000,15660000,0,515930000,2.5e+09,38,35,75,148,1.884e+09,157230000,13800000,0,444970000,2.5e+09,24,32,72,128,-14,-3,-3
"1_1520",1219970000,502050000,184340000,0,593640000,2.5e+09,39,36,83,158,1270770000,460380000,198290000,0,570560000,2.5e+09,24,38,78,140,-15,2,-5
"1_1521",1482580000,500900000,38310000,0,478210000,2.5e+09,41,36,76,153,1623060000,491990000,35620000,0,349330000,2.5e+09,22,36,73,131,-19,0,-3
"1_1522",1550290000,387440000,21560000,0,540710000,2.5e+09,38,33,76,147,1687920000,358880000,19670000,920000,432610000,2.5e+09,23,34,71,128,-15,1,-5
"1_1523",1176720000,396110000,63010000,0,864160000,2.5e+09,39,38,88,165,1554350000,423850000,63870000,460000,457470000,2.5e+09,24,39,82,145,-15,1,-6
"1_1524",1445240000,426180000,28130000,0,600450000,2.5e+09,39,34,81,154,1525520000,438230000,25760000,0,510490000,2.5e+09,23,37,71,131,-16,3,-10
"1_1525",1445040000,18280000,11480000,2140000,1023060000,2.5e+09,35,28,68,131,1668680000,18300000,11870000,2140000,799010000,2.5e+09,17,29,52,98,-18,1,-16
"1_1526",1572100000,18570000,1290000,840000,907200000,2.5e+09,36,29,64,129,1661370000,19200000,1320000,840000,817270000,2.5e+09,15,21,45,81,-21,-8,-19
"1_1527",1071120000,7470000,1090000,730000,1419590000,2.5e+09,35,26,63,124,1251250000,7370000,1670000,730000,1238980000,2.5e+09,15,20,48,83,-20,-6,-15
"1_1528",794880000,0,0,2110000,1703010000,2.5e+09,29,27,62,118,794870000,0,0,2100000,1703030000,2.5e+09,7,21,27,55,-22,-6,-35
"1_1529",1210260000,148130000,8670000,0,1132940000,2.5e+09,34,23,64,121,1203470000,146900000,11320000,0,1138310000,2.5e+09,16,24,45,85,-18,1,-19
"1_1530",404730000,14670000,720000,6050000,2073830000,2.5e+09,27,19,51,97,404730000,14670000,720000,6050000,2073830000,2.5e+09,9,15,33,57,-18,-4,-18
"1_1531",352140000,21930000,1240000,19330000,2105360000,2.5e+09,29,25,54,108,370090000,21930000,1240000,29340000,2077400000,2.5e+09,14,25,46,85,-15,0,-8
"1_1532",148620000,0,0,33960000,2317420000,2.5e+09,21,19,45,85,159380000,0,0,35760000,2304860000,2.5e+09,9,20,34,63,-12,1,-11
"1_1533",480260000,63220000,22590000,250000,1933680000,2.5e+09,28,22,59,109,479480000,62940000,23570000,250000,1933760000,2.5e+09,17,28,48,93,-11,6,-11
"1_1534",127350000,13430000,810000,0,2358410000,2.5e+09,20,14,41,75,127090000,13430000,2520000,0,2356960000,2.5e+09,10,17,28,55,-10,3,-13
"1_1535",387090000,65370000,5540000,0,2.042e+09,2.5e+09,24,18,49,91,3.87e+08,65830000,5540000,0,2041630000,2.5e+09,8,17,29,54,-16,-1,-20
"1_1536",1688360000,10750000,3260000,1060000,796570000,2.5e+09,36,30,68,134,1765060000,11530000,3370000,1060000,718980000,2.5e+09,18,23,50,91,-18,-7,-18
"1_1537",1842980000,49960000,5e+06,320000,601740000,2.5e+09,36,28,66,130,1855410000,53050000,6130000,320000,585090000,2.5e+09,16,21,50,87,-20,-7,-16
"1_1538",1861100000,195150000,30650000,3170000,409930000,2.5e+09,36,32,71,139,1909370000,199790000,31890000,3390000,355560000,2.5e+09,19,29,62,110,-17,-3,-9
"1_1539",1905540000,155550000,5380000,1060000,432470000,2.5e+09,36,35,75,146,1948770000,163250000,5480000,1060000,381440000,2.5e+09,20,31,65,116,-16,-4,-10
"1_1540",1415610000,6080000,8510000,6810000,1062990000,2.5e+09,35,28,63,126,1581060000,6090000,9620000,6820000,896410000,2.5e+09,16,28,51,95,-19,0,-12
"1_1541",1587840000,19350000,4450000,12450000,875910000,2.5e+09,34,29,68,131,1710280000,20060000,4720000,12440000,752500000,2.5e+09,19,26,60,105,-15,-3,-8
"1_1542",1802860000,30120000,5950000,3110000,657960000,2.5e+09,34,29,68,131,1919420000,30270000,5370000,3110000,541830000,2.5e+09,15,18,45,78,-19,-11,-23
"1_1543",1477590000,470000,1310000,1370000,1019260000,2.5e+09,33,28,60,121,1644780000,470000,1350000,1370000,852030000,2.5e+09,10,18,30,58,-23,-10,-30
"1_1544",1614960000,5420000,4670000,2850000,872100000,2.5e+09,33,28,63,124,1688960000,5100000,7300000,2850000,795790000,2.5e+09,16,26,48,90,-17,-2,-15
"1_1545",1708680000,0,780000,2030000,788510000,2.5e+09,32,26,61,119,1758530000,0,770000,2030000,738670000,2.5e+09,11,26,42,79,-21,0,-19
"1_1546",1675810000,1720000,11320000,260000,810890000,2.5e+09,33,27,64,124,1691520000,1720000,11660000,260000,794840000,2.5e+09,10,25,43,78,-23,-2,-21
"1_1547",743770000,0,2800000,5330000,1748100000,2.5e+09,29,28,64,121,745830000,0,2800000,5310000,1746060000,2.5e+09,9,18,33,60,-20,-10,-31
"1_1548",1273920000,490000,3060000,5610000,1216920000,2.5e+09,31,25,55,111,1302990000,1120000,3490000,5440000,1186960000,2.5e+09,11,22,41,74,-20,-3,-14
"1_1549",1298070000,820000,1670000,2640000,1196800000,2.5e+09,32,26,56,114,1476140000,820000,1690000,2640000,1018710000,2.5e+09,9,15,29,53,-23,-11,-27
"1_1550",229370000,0,0,8550000,2262080000,2.5e+09,24,26,58,108,465920000,0,0,38100000,1995980000,2.5e+09,10,26,44,80,-14,0,-14
"1_1551",836070000,7250000,1830000,0,1654850000,2.5e+09,22,21,47,90,835890000,7250000,2120000,0,1654740000,2.5e+09,8,18,29,55,-14,-3,-18
"1_1552",881040000,1990000,530000,0,1616440000,2.5e+09,24,21,51,96,1137950000,1930000,0,0,1360120000,2.5e+09,8,22,37,67,-16,1,-14
"1_1553",459920000,1930000,0,0,2038150000,2.5e+09,13,14,38,65,459920000,1930000,0,0,2038150000,2.5e+09,9,21,31,61,-4,7,-7
"1_1554",504560000,53940000,21940000,4e+05,1690670000,2271510000,36,34,69,139,496670000,55660000,22360000,4e+05,1696420000,2271510000,17,31,62,110,-19,-3,-7
"1_1555",469480000,56170000,2030000,320000,1566900000,2094900000,36,33,73,142,470950000,58840000,2e+06,320000,1562790000,2094900000,18,32,65,115,-18,-1,-8
"1_1556",472770000,22720000,37930000,4720000,1961860000,2.5e+09,36,33,78,147,491290000,24270000,40520000,3270000,1940650000,2.5e+09,22,35,65,122,-14,2,-13
"1_1557",1521060000,59400000,11870000,18190000,889480000,2.5e+09,37,33,74,144,1672710000,63460000,12260000,16550000,735020000,2.5e+09,18,28,56,102,-19,-5,-18
"1_1558",1389370000,2600000,3100000,6640000,1098290000,2.5e+09,31,28,55,114,1604750000,2380000,3320000,6640000,882910000,2.5e+09,12,18,34,64,-19,-10,-21
"1_1559",1205530000,7930000,5580000,4500000,1276460000,2.5e+09,31,27,58,116,1302700000,8600000,6080000,4090000,1178530000,2.5e+09,13,19,41,73,-18,-8,-17
"1_1560",1292880000,3840000,4020000,0,1199260000,2.5e+09,32,27,67,126,1584420000,5850000,1910000,0,907820000,2.5e+09,19,30,59,108,-13,3,-8
"1_1561",1560310000,1650000,7880000,2960000,927200000,2.5e+09,32,27,64,123,1765180000,1310000,11490000,2950000,719070000,2.5e+09,20,32,54,106,-12,5,-10
"1_1562",451070000,0,0,0,2048930000,2.5e+09,26,22,48,96,621650000,0,0,0,1878350000,2.5e+09,9,24,39,72,-17,2,-9
"1_1563",428230000,137730000,25120000,450000,1711550000,2303080000,41,38,84,163,495850000,160930000,25670000,1280000,1619350000,2303080000,27,39,79,145,-14,1,-5
"1_1564",1486880000,60800000,16250000,19720000,916350000,2.5e+09,35,33,73,141,1622430000,59050000,12710000,19920000,785890000,2.5e+09,17,32,63,112,-18,-1,-10
"1_1565",1704540000,17770000,7720000,770000,769200000,2.5e+09,32,31,68,131,1763610000,13040000,13090000,770000,709490000,2.5e+09,18,32,58,108,-14,1,-10
"1_1566",1620160000,16400000,7570000,12550000,843320000,2.5e+09,34,33,71,138,1713870000,14540000,7210000,12670000,751710000,2.5e+09,16,33,62,111,-18,0,-9
"1_1567",1302620000,369700000,27710000,250550000,549420000,2.5e+09,33,40,75,148,1377820000,353250000,35020000,226190000,507720000,2.5e+09,22,15,63,100,-11,-25,-12
"1_1568",173300000,586690000,40290000,74650000,1625070000,2.5e+09,40,39,91,170,214810000,573480000,52500000,69630000,1589580000,2.5e+09,17,19,68,104,-23,-20,-23
"1_1569",1838600000,279560000,22480000,134160000,225200000,2.5e+09,34,32,64,130,1866070000,281230000,25310000,121220000,206170000,2.5e+09,20,16,62,98,-14,-16,-2
"1_1570",816020000,1147490000,85980000,231840000,218670000,2.5e+09,29,30,53,112,797410000,1158150000,75450000,224170000,244820000,2.5e+09,18,16,64,98,-11,-14,11
"1_1571",1398640000,534560000,53270000,259550000,253980000,2.5e+09,32,38,69,139,1394870000,555150000,49570000,275030000,225380000,2.5e+09,23,20,61,104,-9,-18,-8
"1_1572",904750000,753770000,103800000,578500000,159180000,2.5e+09,32,30,57,119,944680000,669720000,101140000,680240000,104220000,2.5e+09,21,22,62,105,-11,-8,5
"1_1573",1294550000,432290000,33740000,109680000,629740000,2.5e+09,34,36,78,148,1383720000,440390000,38510000,101570000,535810000,2.5e+09,19,14,65,98,-15,-22,-13
"1_1574",92390000,680760000,23850000,31410000,1570570000,2398980000,45,40,104,189,100590000,650500000,34620000,30380000,1582890000,2398980000,26,19,75,120,-19,-21,-29
"1_1575",901460000,794650000,37080000,111380000,655430000,2.5e+09,34,34,75,143,940180000,804260000,42030000,116540000,596990000,2.5e+09,20,15,72,107,-14,-19,-3
"1_1576",179210000,691900000,26080000,49030000,1532330000,2478550000,36,36,84,156,198580000,696010000,26490000,40900000,1516570000,2478550000,20,19,67,106,-16,-17,-17
"1_1577",1627990000,385290000,41840000,130420000,314460000,2.5e+09,35,41,79,155,1612470000,400360000,40430000,131620000,315120000,2.5e+09,20,18,67,105,-15,-23,-12
"1_1578",688090000,1071880000,81700000,334990000,323340000,2.5e+09,42,33,82,157,678790000,1089260000,91550000,297200000,343200000,2.5e+09,21,18,83,122,-21,-15,1
"1_1579",1146430000,726910000,87480000,262160000,277020000,2.5e+09,34,44,92,170,1155960000,728540000,84630000,292750000,238120000,2.5e+09,25,25,74,124,-9,-19,-18
"1_1580",1424630000,637570000,121240000,136710000,179850000,2.5e+09,34,41,80,155,1422230000,652280000,118130000,120810000,186550000,2.5e+09,23,21,67,111,-11,-20,-13
"1_1581",1486310000,391980000,102490000,377750000,141470000,2.5e+09,32,27,51,110,1441570000,395720000,117480000,406220000,139010000,2.5e+09,18,17,53,88,-14,-10,2
"1_1582",625370000,1203680000,183630000,380970000,106350000,2.5e+09,36,34,80,150,636740000,1113610000,197280000,479580000,72790000,2.5e+09,20,23,67,110,-16,-11,-13
"1_1583",1318660000,389220000,81970000,478110000,232040000,2.5e+09,35,33,73,141,1375380000,469430000,77380000,358980000,218830000,2.5e+09,19,19,58,96,-16,-14,-15
"1_1584",848700000,659260000,87100000,652550000,252390000,2.5e+09,37,33,72,142,899420000,775240000,78770000,597250000,149320000,2.5e+09,24,25,65,114,-13,-8,-7
"1_1585",1452630000,248700000,52580000,487290000,198160000,2439360000,25,25,50,100,1414400000,107660000,42100000,619570000,229350000,2413080000,14,12,43,69,-11,-13,-7
"1_1586",1551030000,360400000,75240000,273510000,145620000,2405800000,24,24,34,82,1444860000,122330000,58900000,527260000,241680000,2395030000,14,11,40,65,-10,-13,6
"1_1587",1547850000,176790000,43880000,434800000,296680000,2.5e+09,27,25,47,99,1561920000,237240000,33040000,359280000,308520000,2.5e+09,14,12,42,68,-13,-13,-5
"1_1588",992550000,865870000,22070000,112610000,506900000,2.5e+09,33,33,75,141,1055950000,880360000,21210000,106080000,436400000,2.5e+09,23,15,71,109,-10,-18,-4
"1_1589",452590000,1034510000,40210000,128260000,844430000,2.5e+09,43,43,108,194,394200000,1033970000,47890000,94340000,929600000,2.5e+09,27,24,90,141,-16,-19,-18
"1_1590",109370000,1983990000,68130000,158290000,180220000,2.5e+09,26,19,42,87,1.11e+08,2009410000,63640000,139890000,176060000,2.5e+09,16,14,52,82,-10,-5,10
"1_1591",549160000,1283590000,62560000,253620000,351070000,2.5e+09,38,37,78,153,538350000,1328860000,61710000,245310000,325770000,2.5e+09,24,22,79,125,-14,-15,1
"1_1592",357650000,1614160000,92220000,277500000,158470000,2.5e+09,30,32,67,129,334210000,1629120000,95200000,257710000,183760000,2.5e+09,22,19,71,112,-8,-13,4
"1_1593",136380000,1770960000,69470000,2.67e+08,256190000,2.5e+09,28,26,57,111,159540000,1800420000,65130000,268900000,206010000,2.5e+09,21,17,67,105,-7,-9,10
"1_1594",941140000,1086940000,128510000,148240000,195170000,2.5e+09,28,29,59,116,929140000,1102540000,107410000,147510000,213400000,2.5e+09,18,18,65,101,-10,-11,6
"1_1595",1109650000,867060000,101770000,181250000,240270000,2.5e+09,35,39,85,159,1100730000,909450000,104700000,153990000,231130000,2.5e+09,20,21,82,123,-15,-18,-3
"1_1596",861150000,1239830000,149210000,109350000,140460000,2.5e+09,35,32,81,148,869390000,1218840000,133940000,127760000,150070000,2.5e+09,19,19,71,109,-16,-13,-10
"1_1597",662030000,1410800000,103990000,233240000,89940000,2.5e+09,36,35,78,149,659460000,1426690000,105340000,200460000,108050000,2.5e+09,21,23,85,129,-15,-12,7
"1_1598",252310000,1857400000,178730000,93100000,118460000,2.5e+09,38,32,69,139,229460000,1846010000,170640000,104310000,149580000,2.5e+09,24,23,77,124,-14,-9,8
"1_1599",442020000,1610620000,136220000,162610000,148530000,2.5e+09,45,43,93,181,460740000,1604110000,124170000,140250000,170730000,2.5e+09,23,23,75,121,-22,-20,-18
"1_1600",326310000,1800820000,138770000,102100000,1.32e+08,2.5e+09,41,32,76,149,313830000,1827980000,119950000,86790000,151450000,2.5e+09,24,30,81,135,-17,-2,5
"1_1601",495840000,1683850000,165450000,78630000,76230000,2.5e+09,30,32,65,127,508950000,1664570000,133730000,106900000,85850000,2.5e+09,17,17,59,93,-13,-15,-6
"1_1602",257760000,1714880000,398670000,44660000,84030000,2.5e+09,30,24,55,109,243800000,1511030000,517980000,101790000,125400000,2.5e+09,22,21,61,104,-8,-3,6
"1_1603",1029210000,811120000,140570000,361540000,157560000,2.5e+09,34,29,63,126,1072620000,880830000,117790000,331750000,97010000,2.5e+09,19,21,55,95,-15,-8,-8
"1_1604",1495470000,378030000,143610000,315770000,167120000,2.5e+09,23,19,45,87,1557890000,354920000,112020000,401960000,73210000,2.5e+09,16,11,44,71,-7,-8,-1
"1_1605",1824340000,193370000,79770000,306670000,95850000,2.5e+09,34,31,63,128,1834750000,181550000,47670000,336150000,99880000,2.5e+09,12,13,46,71,-22,-18,-17
"1_1606",1501700000,106340000,1.05e+08,475650000,311310000,2.5e+09,25,24,46,95,1639740000,267750000,66740000,317640000,208130000,2.5e+09,14,15,44,73,-11,-9,-2
"1_1607",1648410000,144360000,139160000,352180000,215890000,2.5e+09,30,29,55,114,1679170000,279360000,99820000,298220000,143430000,2.5e+09,14,15,48,77,-16,-14,-7
"1_1608",499260000,1337270000,306650000,297220000,59600000,2.5e+09,26,26,50,102,493480000,1374900000,219790000,356460000,55370000,2.5e+09,20,20,59,99,-6,-6,9
"1_1609",1244010000,885690000,51230000,126310000,192760000,2.5e+09,44,42,95,181,1221370000,871020000,49250000,134090000,224270000,2.5e+09,25,28,86,139,-19,-14,-9
"1_1610",652560000,133510000,18730000,22720000,1454880000,2282400000,38,37,87,162,653550000,130190000,22760000,22980000,1452920000,2282400000,25,26,86,137,-13,-11,-1
"1_1611",745220000,1329390000,139230000,169910000,116250000,2.5e+09,37,39,81,157,749980000,1323080000,122910000,156660000,147370000,2.5e+09,19,19,71,109,-18,-20,-10
"1_1612",460940000,1427260000,123020000,225130000,263650000,2.5e+09,47,44,109,200,460640000,1384670000,127620000,2.49e+08,278070000,2.5e+09,31,29,96,156,-16,-15,-13
"1_1613",459580000,658700000,119360000,43400000,1218960000,2.5e+09,44,44,96,184,466270000,632970000,117910000,49130000,1233720000,2.5e+09,24,26,84,134,-20,-18,-12
"1_1614",296340000,221410000,29840000,33210000,1669820000,2250620000,40,35,81,156,295230000,209590000,34390000,38370000,1673040000,2250620000,25,24,88,137,-15,-11,7
"1_1615",425240000,1674620000,153810000,62430000,183900000,2.5e+09,41,36,87,164,446440000,1609410000,146990000,109040000,188120000,2.5e+09,26,33,88,147,-15,-3,1
"1_1616",400140000,1825160000,148050000,82820000,43830000,2.5e+09,33,30,67,130,394760000,1777070000,128390000,110860000,88920000,2.5e+09,17,12,57,86,-16,-18,-10
"1_1617",195180000,1970670000,166060000,55740000,112350000,2.5e+09,33,29,63,125,213140000,1939640000,156470000,71360000,119390000,2.5e+09,19,19,71,109,-14,-10,8
"1_1618",39400000,2220120000,109510000,54300000,76670000,2.5e+09,30,23,44,97,39730000,2014370000,103040000,299140000,43720000,2.5e+09,18,15,61,94,-12,-8,17
"1_1619",158840000,1516760000,102670000,106860000,52720000,1937850000,44,36,81,161,177350000,1416020000,81780000,222800000,35020000,1932970000,21,26,76,123,-23,-10,-5
"1_1620",581050000,1354180000,247970000,263520000,53280000,2.5e+09,25,23,44,92,560420000,1453190000,162730000,270690000,52970000,2.5e+09,14,14,47,75,-11,-9,3
"1_1621",356240000,1277510000,179490000,236680000,55140000,2105060000,29,26,54,109,340870000,1293820000,137880000,264880000,63560000,2101010000,21,20,65,106,-8,-6,11
"1_1622",121290000,939920000,101300000,275640000,78880000,1517030000,42,37,74,153,108510000,958340000,88240000,287240000,51260000,1493590000,23,24,71,118,-19,-13,-3
"1_1623",438050000,1212180000,246390000,437710000,128080000,2462410000,34,29,62,125,417450000,1310970000,230650000,390300000,111810000,2461180000,21,24,74,119,-13,-5,12
"1_1624",174900000,312850000,80010000,91780000,37780000,697320000,39,37,70,146,159560000,362480000,66900000,61800000,43470000,694210000,21,21,66,108,-18,-16,-4
"1_1625",16180000,1028410000,65530000,85190000,1293560000,2488870000,42,35,75,152,31320000,1023590000,64040000,86690000,1283230000,2488870000,20,28,83,131,-22,-7,8
"1_1626",557580000,1380180000,104310000,214750000,243180000,2.5e+09,37,35,85,157,568380000,1339700000,98010000,273270000,220640000,2.5e+09,24,26,76,126,-13,-9,-9
"1_1627",58340000,256920000,26560000,63970000,2094210000,2.5e+09,37,27,82,146,58730000,299180000,25670000,61220000,2055200000,2.5e+09,19,28,77,124,-18,1,-5
"1_1628",213990000,443770000,60010000,32150000,179240000,929160000,42,31,75,148,206100000,401590000,45290000,50500000,165340000,868820000,23,28,87,138,-19,-3,12
"1_1629",123200000,358420000,22840000,69940000,997790000,1572190000,39,33,73,145,104880000,375250000,17700000,63240000,968030000,1529100000,23,31,83,137,-16,-2,10
"1_1630",673530000,1314770000,125920000,115380000,270400000,2.5e+09,42,37,90,169,739740000,1190160000,127640000,173580000,268880000,2.5e+09,25,34,75,134,-17,-3,-15
"1_1631",1087940000,1054540000,59840000,120170000,177510000,2.5e+09,39,35,82,156,1078540000,949170000,60550000,160100000,251640000,2.5e+09,24,31,70,125,-15,-4,-12
"1_1632",758540000,1246680000,186560000,136490000,171730000,2.5e+09,37,35,79,151,832530000,980940000,232550000,253990000,199990000,2.5e+09,28,32,71,131,-9,-3,-8
"1_1633",1.055e+09,789250000,33880000,244990000,162330000,2285450000,39,38,84,161,1123630000,687430000,35200000,208040000,170580000,2224880000,27,34,76,137,-12,-4,-8
"1_1634",717220000,1501540000,80500000,114210000,86530000,2.5e+09,34,30,72,136,719440000,1502280000,90490000,82350000,105440000,2.5e+09,22,28,64,114,-12,-2,-8
"1_1635",725520000,1416470000,76780000,130720000,150510000,2.5e+09,36,33,78,147,725650000,1433330000,73450000,8.3e+07,184570000,2.5e+09,20,26,61,107,-16,-7,-17
"1_1636",712850000,1379040000,60610000,189510000,157990000,2.5e+09,38,36,82,156,744620000,1340850000,58660000,174900000,180970000,2.5e+09,23,30,65,118,-15,-6,-17
"1_1637",535150000,1619680000,59900000,168430000,116840000,2.5e+09,37,35,82,154,584740000,1473800000,61590000,190660000,189210000,2.5e+09,19,27,69,115,-18,-8,-13
"1_1638",333650000,1730000,580000,87800000,25580000,449340000,26,26,64,116,271700000,120000,340000,71290000,53190000,396640000,17,13,53,83,-9,-13,-11
"1_1639",241540000,51400000,19140000,11640000,23880000,347600000,29,24,68,121,235390000,38590000,17790000,23810000,22740000,338320000,16,14,52,82,-13,-10,-16
"1_1640",0,0,0,0,0,0,38,32,84,154,0,0,0,0,0,0,26,31,71,128,-12,-1,-13
"1_1641",15380000,56840000,2310000,7730000,10090000,92350000,38,34,88,160,15930000,55070000,3360000,21080000,560000,9.6e+07,22,29,65,116,-16,-5,-23
"1_1642",856320000,142160000,7190000,86170000,167890000,1259730000,37,37,81,155,715160000,90110000,7630000,37750000,137980000,988630000,24,36,76,136,-13,-1,-5
"1_1643",757790000,383810000,32760000,93180000,121500000,1389040000,39,35,80,154,720190000,310710000,40380000,89480000,158380000,1319140000,23,36,76,135,-16,1,-4
"1_1644",0,0,0,0,0,0,42,39,87,168,0,0,0,0,0,0,26,37,79,142,-16,-2,-8
"1_1645",764330000,1324650000,4e+07,178110000,192910000,2.5e+09,41,33,80,154,789570000,1111460000,40810000,289020000,269140000,2.5e+09,26,36,75,137,-15,3,-5
"1_1646",1103070000,898010000,56620000,156040000,286260000,2.5e+09,39,37,86,162,1162320000,709390000,60500000,240260000,327530000,2.5e+09,29,38,80,147,-10,1,-6
"1_1647",712690000,629960000,60330000,256730000,281550000,1941260000,41,36,86,163,702580000,527090000,69230000,249240000,360670000,1908810000,30,39,78,147,-11,3,-8
"1_1648",298810000,750940000,23200000,140860000,130210000,1344020000,41,36,82,159,270090000,634400000,21790000,128950000,176910000,1232140000,30,38,82,150,-11,2,0
"1_1649",129310000,1410370000,240050000,283770000,59950000,2123450000,36,32,75,143,139510000,1331990000,160110000,423330000,44240000,2099180000,22,22,68,112,-14,-10,-7
"1_1650",237850000,252880000,8110000,118970000,47840000,665650000,45,38,81,164,229830000,226530000,11410000,98320000,96760000,662850000,29,39,82,150,-16,1,1
"1_1651",8240000,234820000,26920000,46190000,50390000,366560000,39,35,67,141,11950000,222140000,19080000,49660000,36790000,339620000,20,18,64,102,-19,-17,-3
"1_1652",1027660000,1044470000,23290000,232200000,172380000,2.5e+09,35,29,69,133,935590000,1014360000,49770000,194670000,305610000,2.5e+09,17,32,70,119,-18,3,1
"1_1653",347090000,1985300000,74750000,44600000,48260000,2.5e+09,30,29,68,127,338580000,1984890000,73650000,28840000,74040000,2.5e+09,21,26,62,109,-9,-3,-6
"1_1654",1281240000,562180000,24560000,316420000,315600000,2.5e+09,38,32,76,146,1133590000,563940000,36060000,224420000,541990000,2.5e+09,23,31,72,126,-15,-1,-4
"1_1655",783190000,1351240000,39500000,211300000,114770000,2.5e+09,36,31,77,144,7.76e+08,1330400000,41020000,136180000,216400000,2.5e+09,22,31,72,125,-14,0,-5
"1_1656",856970000,378610000,231610000,105050000,927760000,2.5e+09,39,38,84,161,742130000,245580000,341820000,140920000,1029550000,2.5e+09,24,37,73,134,-15,-1,-11
"1_1657",1148750000,910700000,9840000,81650000,349060000,2.5e+09,36,34,78,148,963090000,790170000,19180000,126520000,601040000,2.5e+09,22,32,74,128,-14,-2,-4
"1_1658",1276280000,752890000,19720000,162430000,288680000,2.5e+09,39,36,76,151,1092250000,614420000,40010000,243020000,510300000,2.5e+09,20,30,72,122,-19,-6,-4
"1_1659",1148940000,488510000,34900000,76510000,751140000,2.5e+09,45,42,90,177,1183430000,431710000,42780000,103920000,738160000,2.5e+09,27,38,80,145,-18,-4,-10
"1_1660",1285070000,683820000,12430000,94960000,423720000,2.5e+09,43,38,93,174,1144310000,602020000,16850000,105700000,631120000,2.5e+09,25,37,78,140,-18,-1,-15
"1_1661",881010000,772600000,175450000,177610000,493330000,2.5e+09,45,42,91,178,893500000,478570000,229300000,416150000,482480000,2.5e+09,27,37,73,137,-18,-5,-18
"1_1662",1284470000,737040000,28280000,88060000,362150000,2.5e+09,37,35,73,145,1322890000,579590000,30230000,223680000,343610000,2.5e+09,19,29,71,119,-18,-6,-2
"1_1663",862330000,380120000,447060000,720000,809770000,2.5e+09,42,41,96,179,908280000,335860000,447570000,1310000,806980000,2.5e+09,29,40,81,150,-13,-1,-15
"1_1664",1442140000,518640000,73800000,380000,465040000,2.5e+09,42,39,86,167,1461880000,497040000,7.7e+07,0,464080000,2.5e+09,22,38,76,136,-20,-1,-10
"1_1665",1392240000,734210000,113790000,0,259760000,2.5e+09,40,36,85,161,1461930000,697120000,122470000,720000,217760000,2.5e+09,22,38,77,137,-18,2,-8
"1_1666",1696610000,184080000,28850000,0,590460000,2.5e+09,38,35,74,147,1823920000,142940000,24870000,0,508270000,2.5e+09,25,33,73,131,-13,-2,-1
"1_1667",1510720000,354850000,31030000,0,603400000,2.5e+09,38,38,80,156,1507040000,335700000,25510000,0,631750000,2.5e+09,23,35,73,131,-15,-3,-7
"1_1668",1738620000,185200000,10160000,0,566020000,2.5e+09,39,35,75,149,1889930000,169140000,9870000,0,431060000,2.5e+09,23,33,72,128,-16,-2,-3
"1_1669",1887840000,75710000,13860000,0,522590000,2.5e+09,36,30,73,139,2034880000,56180000,12700000,0,396240000,2.5e+09,23,31,73,127,-13,1,0
"1_1670",1220560000,391930000,24060000,0,863450000,2.5e+09,38,30,73,141,1565040000,412400000,22020000,0,500540000,2.5e+09,22,34,73,129,-16,4,0
"1_1671",1307470000,160250000,8330000,0,1023950000,2.5e+09,39,34,80,153,1699900000,175090000,6700000,0,618310000,2.5e+09,20,32,72,124,-19,-2,-8
"1_1672",1101970000,551820000,27710000,491820000,326680000,2.5e+09,40,35,78,153,981600000,636350000,35230000,280140000,566680000,2.5e+09,23,31,69,123,-17,-4,-9
"1_1673",743930000,694280000,9110000,524980000,527700000,2.5e+09,44,44,90,178,681660000,841260000,12800000,285430000,678850000,2.5e+09,26,40,82,148,-18,-4,-8
"1_1674",1301540000,732100000,20830000,211730000,233800000,2.5e+09,37,33,78,148,1145060000,675030000,34230000,187880000,457800000,2.5e+09,22,31,69,122,-15,-2,-9
"1_1675",1224370000,471020000,5840000,492530000,306240000,2.5e+09,37,31,69,137,1022710000,450400000,11300000,444090000,571500000,2.5e+09,22,31,70,123,-15,0,1
"1_1676",1.338e+09,585670000,6900000,316720000,252710000,2.5e+09,39,33,81,153,1265020000,5.69e+08,12090000,280260000,373630000,2.5e+09,22,29,66,117,-17,-4,-15
"1_1677",1262780000,677800000,13510000,335700000,210210000,2.5e+09,37,37,78,152,1156110000,612520000,25500000,306050000,399820000,2.5e+09,23,34,72,129,-14,-3,-6
"1_1678",1045510000,780710000,32010000,169460000,472310000,2.5e+09,39,39,82,160,1061920000,816590000,34230000,106740000,480520000,2.5e+09,22,31,70,123,-17,-8,-12
"1_1679",1234080000,801680000,29240000,169040000,265960000,2.5e+09,38,35,78,151,1125130000,776270000,33370000,124540000,440690000,2.5e+09,22,33,71,126,-16,-2,-7
"1_1680",923520000,923330000,57790000,243350000,352010000,2.5e+09,43,41,90,174,911680000,1025610000,71660000,124740000,366310000,2.5e+09,25,34,80,139,-18,-7,-10
"1_1681",1081290000,988200000,30830000,273300000,126380000,2.5e+09,36,35,77,148,1076330000,1088370000,32490000,138640000,164170000,2.5e+09,22,36,65,123,-14,1,-12
"1_1682",1228460000,617130000,27950000,145210000,481250000,2.5e+09,43,41,89,173,1247620000,569800000,26740000,182480000,473360000,2.5e+09,23,34,76,133,-20,-7,-13
"1_1683",1136080000,840820000,43640000,198410000,281050000,2.5e+09,36,33,78,147,1147540000,877580000,36650000,156500000,281730000,2.5e+09,19,27,66,112,-17,-6,-12
"1_1684",1075970000,732780000,43900000,238620000,408730000,2.5e+09,41,35,84,160,1036770000,764380000,46680000,184930000,467240000,2.5e+09,25,35,78,138,-16,0,-6
"1_1685",1327570000,734910000,35700000,146920000,254900000,2.5e+09,36,40,83,159,1308100000,721810000,29670000,134780000,305640000,2.5e+09,21,33,74,128,-15,-7,-9
"1_1686",539490000,206220000,66590000,370000,1651120000,2463790000,39,39,89,167,548300000,185780000,66040000,350000,1663320000,2463790000,27,42,77,146,-12,3,-12
"1_1687",197560000,33470000,5390000,13500000,1889350000,2139270000,40,36,79,155,206080000,29220000,5760000,15870000,1882340000,2139270000,25,31,74,130,-15,-5,-5
"1_1688",142360000,11770000,10120000,0,2004790000,2169040000,33,30,78,141,145650000,7790000,9040000,0,2006560000,2169040000,20,31,70,121,-13,1,-8
"1_1689",1297090000,468500000,130740000,0,603670000,2.5e+09,43,39,92,174,1391380000,443480000,135420000,0,529720000,2.5e+09,23,35,70,128,-20,-4,-22
"1_1690",1191370000,936650000,63510000,350000,308120000,2.5e+09,38,37,80,155,1357030000,921630000,61410000,530000,159400000,2.5e+09,24,37,73,134,-14,0,-7
"1_1691",1590870000,267620000,55350000,0,586160000,2.5e+09,41,35,82,158,1599160000,242250000,54390000,0,604200000,2.5e+09,25,35,75,135,-16,0,-7
"1_1692",1322520000,754690000,101180000,0,321610000,2.5e+09,42,40,89,171,1356460000,740120000,96920000,0,306500000,2.5e+09,26,41,82,149,-16,1,-7
"1_1693",1576860000,201930000,50180000,0,671030000,2.5e+09,40,36,79,155,1663310000,158360000,47540000,0,630790000,2.5e+09,23,34,68,125,-17,-2,-11
"1_1694",1371420000,212050000,14600000,350000,901580000,2.5e+09,36,35,74,145,1355740000,182160000,12860000,0,949240000,2.5e+09,22,29,70,121,-14,-6,-4
"1_1695",1740410000,108970000,10840000,0,639780000,2.5e+09,38,35,74,147,1753930000,81260000,9850000,0,654960000,2.5e+09,23,31,69,123,-15,-4,-5
"1_1696",1733680000,113320000,12730000,0,640270000,2.5e+09,37,32,72,141,1689760000,76080000,9920000,0,724240000,2.5e+09,21,27,61,109,-16,-5,-11
"1_1697",1619700000,130280000,14150000,0,735870000,2.5e+09,40,35,76,151,1698720000,102280000,13440000,0,685560000,2.5e+09,21,31,66,118,-19,-4,-10
"1_1698",1658220000,246080000,107690000,0,488010000,2.5e+09,39,35,80,154,1731170000,208040000,117330000,0,443460000,2.5e+09,24,34,68,126,-15,-1,-12
"1_1699",1431050000,175460000,4690000,0,888800000,2.5e+09,40,34,81,155,1472860000,135760000,4120000,0,887260000,2.5e+09,21,32,67,120,-19,-2,-14
"1_1700",1607960000,177360000,12250000,0,702430000,2.5e+09,39,35,83,157,1626890000,151920000,10050000,0,711140000,2.5e+09,22,34,69,125,-17,-1,-14
"1_1701",1711090000,388920000,15190000,0,384800000,2.5e+09,36,34,72,142,1802560000,399900000,12490000,370000,284680000,2.5e+09,22,34,72,128,-14,0,0
"1_1702",1657020000,151880000,7360000,0,683740000,2.5e+09,38,34,74,146,1822590000,125780000,7620000,0,544010000,2.5e+09,21,32,74,127,-17,-2,0
"1_1703",1660200000,308140000,12560000,290000,518810000,2.5e+09,35,32,72,139,1743440000,345240000,10720000,0,400600000,2.5e+09,21,31,70,122,-14,-1,-2
"1_1704",1716990000,192850000,5590000,0,584570000,2.5e+09,38,33,71,142,1796250000,181150000,4520000,0,518080000,2.5e+09,22,33,63,118,-16,0,-8
"1_1705",587730000,923280000,24320000,735380000,229290000,2.5e+09,33,33,70,136,651380000,903760000,35570000,508090000,401200000,2.5e+09,23,31,72,126,-10,-2,2
"1_1706",777370000,858180000,12770000,457840000,389450000,2495610000,32,31,66,129,833790000,683140000,16450000,411750000,548120000,2493250000,22,33,67,122,-10,2,1
"1_1707",309090000,231600000,3300000,246390000,99680000,890060000,43,37,82,162,349010000,169640000,4560000,177730000,211360000,912300000,26,40,82,148,-17,3,0
"1_1708",884480000,473540000,11370000,126600000,172360000,1668350000,40,32,76,148,9.04e+08,390140000,14630000,129120000,275350000,1713240000,20,28,65,113,-20,-4,-11
"1_1709",921130000,749460000,10800000,352540000,293450000,2327380000,35,31,69,135,936890000,626610000,16840000,295370000,509720000,2385430000,21,33,73,127,-14,2,4
"1_1710",391580000,235150000,7120000,48850000,829540000,1512240000,37,36,77,150,395750000,245880000,6590000,26540000,837480000,1512240000,24,36,74,134,-13,0,-3
"1_1711",842610000,648590000,33710000,159880000,278920000,1963710000,35,41,84,160,852270000,684800000,37210000,82920000,306510000,1963710000,24,33,68,125,-11,-8,-16
"1_1712",996940000,325600000,54430000,60870000,1062160000,2.5e+09,38,37,82,157,1010280000,250480000,53550000,1.21e+08,1064690000,2.5e+09,25,34,81,140,-13,-3,-1
"1_1713",329720000,88440000,7370000,1.7e+07,1163380000,1605910000,38,35,76,149,333560000,71540000,7040000,26180000,1167430000,1605750000,23,33,70,126,-15,-2,-6
"1_1714",1776350000,242370000,13230000,0,468050000,2.5e+09,37,34,77,148,1752710000,199070000,14650000,0,533570000,2.5e+09,22,33,70,125,-15,-1,-7
"1_1715",1545230000,343950000,58650000,0,541800000,2489630000,41,40,97,178,1557400000,311350000,60140000,0,560710000,2489600000,31,41,81,153,-10,1,-16
"1_1716",998370000,313750000,103790000,0,821770000,2237680000,41,39,87,167,1009820000,286330000,105580000,0,835960000,2237690000,24,39,78,141,-17,0,-9
"1_1717",1709700000,189550000,12610000,0,588140000,2.5e+09,38,35,74,147,1718860000,166800000,11660000,0,602680000,2.5e+09,23,32,70,125,-15,-3,-4
"1_1718",1740790000,128680000,36340000,0,594190000,2.5e+09,36,32,73,141,1678070000,93630000,37420000,0,690880000,2.5e+09,23,35,69,127,-13,3,-4
"1_1719",1430800000,153280000,12950000,0,902970000,2.5e+09,38,34,77,149,1320860000,148090000,12950000,0,1018100000,2.5e+09,23,31,65,119,-15,-3,-12
"1_1720",1655820000,60730000,3960000,0,779490000,2.5e+09,38,32,74,144,1556160000,46090000,3970000,0,893780000,2.5e+09,19,29,63,111,-19,-3,-11
"1_1721",1362480000,227770000,64720000,0,845030000,2.5e+09,39,32,72,143,1369210000,196190000,72240000,0,862360000,2.5e+09,23,33,67,123,-16,1,-5
"1_1722",1734550000,141320000,44860000,0,579270000,2.5e+09,38,35,74,147,1701140000,105370000,44750000,0,648740000,2.5e+09,22,35,71,128,-16,0,-3
"1_1723",1566770000,201400000,11600000,0,720230000,2.5e+09,37,32,70,139,1636050000,177150000,10330000,0,676470000,2.5e+09,22,29,68,119,-15,-3,-2
"1_1724",1668410000,62180000,13500000,0,755910000,2.5e+09,38,35,73,146,1689820000,41470000,12300000,0,756410000,2.5e+09,21,27,58,106,-17,-8,-15
"1_1725",1505070000,208780000,5950000,0,780200000,2.5e+09,36,30,72,138,1827920000,205730000,6310000,870000,459170000,2.5e+09,21,29,63,113,-15,-1,-9
"1_1726",1483760000,423910000,26870000,0,565460000,2.5e+09,40,39,82,161,1582050000,397670000,24290000,0,495990000,2.5e+09,24,35,69,128,-16,-4,-13
"1_1727",1713150000,91820000,2250000,0,692780000,2.5e+09,34,30,67,131,2056060000,86210000,2210000,0,355520000,2.5e+09,19,31,65,115,-15,1,-2
"1_1728",1692440000,130040000,8700000,0,668820000,2.5e+09,37,31,72,140,1906270000,116480000,12640000,0,464610000,2.5e+09,21,31,63,115,-16,0,-9
"1_1729",1383760000,134870000,22180000,0,959190000,2.5e+09,34,37,78,149,1393290000,111710000,23730000,0,971270000,2.5e+09,22,38,70,130,-12,1,-8
"1_1730",1098490000,190390000,14950000,0,446860000,1750690000,41,38,84,163,951240000,159340000,11290000,0,628750000,1750620000,22,39,74,135,-19,1,-10
"1_1731",1541840000,210400000,39600000,5e+05,707660000,2.5e+09,39,36,77,152,1625560000,186390000,40770000,0,647280000,2.5e+09,24,40,74,138,-15,4,-3
"1_1732",1189920000,280870000,46700000,0,982510000,2.5e+09,41,36,83,160,1207080000,259010000,51540000,0,982370000,2.5e+09,24,41,71,136,-17,5,-12
"1_1733",1693160000,47980000,0,0,757790000,2498930000,35,31,69,135,2124260000,43090000,0,0,331580000,2498930000,23,29,62,114,-12,-2,-7
"1_1734",1195550000,130370000,13320000,0,1160760000,2.5e+09,38,33,74,145,1479670000,117750000,12640000,0,889940000,2.5e+09,22,31,69,122,-16,-2,-5
"1_1735",775500000,128310000,36080000,2860000,1547730000,2490480000,43,42,100,185,861500000,151020000,36900000,3610000,1437450000,2490480000,28,41,88,157,-15,-1,-12
"1_1736",1473230000,434850000,45330000,0,546590000,2.5e+09,36,33,77,146,1682100000,473130000,39890000,0,304880000,2.5e+09,24,39,77,140,-12,6,0
"1_1737",183140000,16460000,42200000,2050000,2237770000,2481620000,36,35,85,156,280210000,9930000,41830000,2050000,2147600000,2481620000,27,35,77,139,-9,0,-8
"1_1738",1436320000,33410000,2430000,70000,1027770000,2.5e+09,34,32,69,135,1423930000,28460000,970000,70000,1046570000,2.5e+09,16,29,55,100,-18,-3,-14
"1_1739",1376110000,220690000,56470000,12470000,834260000,2.5e+09,37,34,77,148,1637180000,209060000,54400000,12230000,587130000,2.5e+09,21,37,69,127,-16,3,-8
"1_1740",1126990000,582530000,36880000,16880000,736720000,2.5e+09,43,39,95,177,1338160000,625210000,41750000,11310000,483570000,2.5e+09,23,44,86,153,-20,5,-9
"1_1741",1638420000,296290000,12810000,0,552480000,2.5e+09,39,32,79,150,1745170000,318210000,12330000,0,424290000,2.5e+09,21,35,68,124,-18,3,-11
"1_1742",1274320000,138170000,10010000,0,1077500000,2.5e+09,38,32,79,149,1465510000,149400000,9640000,0,875450000,2.5e+09,21,38,72,131,-17,6,-7
"1_1743",1489340000,144800000,5360000,0,860500000,2.5e+09,38,32,80,150,1626360000,146720000,5010000,0,721910000,2.5e+09,19,36,72,127,-19,4,-8
"1_1744",1009210000,67430000,8270000,0,1415090000,2.5e+09,38,32,88,158,1274850000,57610000,6900000,0,1160640000,2.5e+09,25,38,72,135,-13,6,-16
"1_1745",850680000,131650000,148250000,3390000,1366030000,2.5e+09,41,39,94,174,1016530000,93600000,172750000,4010000,1213110000,2.5e+09,29,47,84,160,-12,8,-10
"1_1746",1084960000,40710000,360000,0,1373970000,2.5e+09,36,30,75,141,1339800000,32240000,270000,0,1127690000,2.5e+09,18,30,57,105,-18,0,-18
"1_1747",1260970000,51560000,2640000,330000,1184500000,2.5e+09,37,29,75,141,1632090000,39420000,2400000,0,826090000,2.5e+09,21,33,64,118,-16,4,-11
"1_1748",1435510000,22500000,45810000,0,996180000,2.5e+09,35,31,74,140,1627820000,15120000,53860000,0,803200000,2.5e+09,20,36,70,126,-15,5,-4
"1_1749",1159940000,68740000,3250000,0,1268070000,2.5e+09,33,28,71,132,1568530000,73170000,2230000,310000,855760000,2.5e+09,21,28,65,114,-12,0,-6
"1_1750",1593830000,20790000,2450000,0,882930000,2.5e+09,32,31,68,131,1926960000,12480000,3280000,0,557280000,2.5e+09,19,33,59,111,-13,2,-9
"1_1751",1174910000,32720000,3600000,0,1288770000,2.5e+09,32,30,73,135,1505280000,25800000,3030000,0,965890000,2.5e+09,16,31,53,100,-16,1,-20
"1_1752",1640050000,9450000,3240000,410000,846850000,2.5e+09,29,26,57,112,1657770000,5890000,1480000,0,834860000,2.5e+09,16,28,51,95,-13,2,-6
"1_1753",1704580000,15280000,790000,0,779350000,2.5e+09,31,28,64,123,1948690000,11220000,720000,0,539370000,2.5e+09,18,27,50,95,-13,-1,-14
"1_1754",1428450000,26820000,9690000,0,1035040000,2.5e+09,31,29,66,126,1543270000,20650000,10250000,0,925830000,2.5e+09,17,30,52,99,-14,1,-14
"1_1755",1382660000,6310000,0,0,1111030000,2.5e+09,31,28,62,121,1728010000,6020000,0,0,765970000,2.5e+09,15,28,46,89,-16,0,-16
"1_1756",1495670000,620000,4e+05,0,1003310000,2.5e+09,28,22,53,103,1560510000,1850000,0,0,937640000,2.5e+09,13,22,46,81,-15,0,-7
"1_1757",1498570000,12200000,9990000,0,979240000,2.5e+09,31,27,63,121,1514210000,10610000,14140000,0,961040000,2.5e+09,15,27,55,97,-16,0,-8
"1_1758",1616300000,0,0,0,883700000,2.5e+09,31,26,58,115,1.619e+09,0,0,0,8.81e+08,2.5e+09,12,22,44,78,-19,-4,-14
"1_1759",1297770000,1630000,0,0,1200600000,2.5e+09,30,27,68,125,1364050000,1300000,0,0,1134650000,2.5e+09,14,32,47,93,-16,5,-21
"1_1760",1677400000,620000,0,0,821980000,2.5e+09,15,15,41,71,1677250000,770000,0,0,821980000,2.5e+09,6,16,31,53,-9,1,-10
"1_1761",1355580000,0,0,0,1144420000,2.5e+09,30,26,53,109,1460080000,0,0,20000,1039900000,2.5e+09,11,24,43,78,-19,-2,-10
"1_1762",1040960000,0,0,0,1459040000,2.5e+09,30,27,61,118,1344920000,0,0,0,1155080000,2.5e+09,14,24,47,85,-16,-3,-14
"1_1763",1728410000,0,1180000,0,770410000,2.5e+09,33,27,68,128,1867040000,290000,1380000,0,631290000,2.5e+09,14,28,52,94,-19,1,-16
"1_1764",418550000,13010000,4280000,0,2064160000,2.5e+09,32,27,60,119,417940000,13190000,4720000,0,2064150000,2.5e+09,15,28,51,94,-17,1,-9
"1_1765",1123080000,2340000,0,0,1374580000,2.5e+09,25,18,52,95,1122940000,2490000,0,0,1374570000,2.5e+09,10,22,33,65,-15,4,-19
"1_1766",202080000,0,0,0,2297920000,2.5e+09,23,19,42,84,194710000,0,0,0,2305290000,2.5e+09,10,22,35,67,-13,3,-7
"1_1767",587200000,4880000,0,560000,1907360000,2.5e+09,31,26,65,122,629530000,4070000,0,0,1866400000,2.5e+09,13,29,50,92,-18,3,-15
"1_1768",1170000,0,6e+05,0,2498230000,2.5e+09,22,19,49,90,1170000,0,6e+05,0,2498230000,2.5e+09,10,17,25,52,-12,-2,-24
"1_1769",181240000,8300000,1120000,0,2309340000,2.5e+09,22,19,49,90,181240000,8300000,1120000,0,2309340000,2.5e+09,7,18,33,58,-15,-1,-16
"1_1770",1457070000,30660000,3860000,0,1008410000,2.5e+09,34,28,70,132,1649640000,27300000,3170000,0,819890000,2.5e+09,18,34,60,112,-16,6,-10
"1_1771",1539020000,30700000,8670000,0,921610000,2.5e+09,33,30,67,130,1773910000,22110000,7030000,0,696950000,2.5e+09,20,29,62,111,-13,-1,-5
"1_1772",1536780000,89970000,11900000,0,861350000,2.5e+09,36,30,72,138,1773280000,68320000,11230000,0,647170000,2.5e+09,21,34,68,123,-15,4,-4
"1_1773",1501250000,31940000,350000,0,966460000,2.5e+09,32,31,75,138,1812220000,18560000,0,0,669220000,2.5e+09,18,34,60,112,-14,3,-15
"1_1774",1159560000,21050000,0,0,1319390000,2.5e+09,36,35,75,146,1520250000,14560000,0,0,965190000,2.5e+09,19,28,58,105,-17,-7,-17
"1_1775",1255110000,24910000,5420000,0,1214560000,2.5e+09,32,30,64,126,1463120000,17120000,5070000,0,1014690000,2.5e+09,19,33,55,107,-13,3,-9
"1_1776",1547830000,21600000,13840000,0,916730000,2.5e+09,31,29,67,127,1758190000,19920000,11010000,0,710880000,2.5e+09,17,32,49,98,-14,3,-18
"1_1777",1323090000,18790000,2050000,0,1156070000,2.5e+09,32,32,70,134,1851790000,15380000,1710000,0,631120000,2.5e+09,19,32,49,100,-13,0,-21
"1_1778",1371980000,27100000,390000,970000,1099470000,2499910000,30,28,61,119,1748710000,19790000,0,0,731410000,2499910000,20,34,53,107,-10,6,-8
"1_1779",1523230000,7620000,440000,350000,968360000,2.5e+09,32,29,61,122,1560760000,9360000,0,0,929880000,2.5e+09,15,29,55,99,-17,0,-6
"1_1780",1656440000,20660000,8480000,670000,813750000,2.5e+09,32,30,65,127,1692170000,16160000,7310000,0,784360000,2.5e+09,21,35,57,113,-11,5,-8
"1_1781",1689360000,5310000,1980000,0,803350000,2.5e+09,32,27,60,119,1720930000,5610000,1140000,0,772320000,2.5e+09,14,27,53,94,-18,0,-7
"1_1782",1737250000,0,2430000,0,760320000,2.5e+09,33,27,65,125,1768500000,320000,1820000,0,729360000,2.5e+09,16,29,51,96,-17,2,-14
"1_1783",1118800000,650000,0,0,1380550000,2.5e+09,33,28,64,125,1.18e+09,0,0,0,1.32e+09,2.5e+09,14,25,48,87,-19,-3,-16
"1_1784",1619580000,0,0,0,875170000,2494750000,27,26,56,109,1719010000,0,0,0,775720000,2494730000,12,20,42,74,-15,-6,-14
"1_1785",1114860000,0,0,0,1385140000,2.5e+09,30,27,67,124,1258820000,0,0,0,1241180000,2.5e+09,14,27,54,95,-16,0,-13
"1_1786",1578720000,4920000,10610000,0,905750000,2.5e+09,33,33,75,141,1852610000,3380000,10250000,0,633760000,2.5e+09,18,30,64,112,-15,-3,-11
"1_1787",802650000,33190000,2360000,0,1661800000,2.5e+09,25,22,59,106,737140000,33650000,2400000,0,1726810000,2.5e+09,15,26,46,87,-10,4,-13
"1_1788",332060000,0,0,0,2167940000,2.5e+09,30,23,59,112,4.42e+08,0,0,0,2.058e+09,2.5e+09,12,27,47,86,-18,4,-12
"1_1789",410600000,22560000,5050000,0,2061790000,2.5e+09,19,22,57,98,410590000,23670000,5050000,0,2060690000,2.5e+09,15,29,45,89,-4,7,-12
"1_1790",991020000,3080000,1160000,0,1504740000,2.5e+09,29,27,60,116,1111720000,3080000,960000,0,1384240000,2.5e+09,19,28,58,105,-10,1,-2
"1_1791",304480000,18440000,0,0,2177080000,2.5e+09,20,16,45,81,304470000,18440000,230000,0,2176860000,2.5e+09,10,19,32,61,-10,3,-13
"1_1792",86550000,7430000,2100000,0,2403920000,2.5e+09,18,16,51,85,86450000,7430000,2370000,0,2403750000,2.5e+09,10,23,38,71,-8,7,-13
"1_1793",1205580000,2.2e+07,0,0,1081960000,2309540000,34,28,65,127,1543740000,9130000,280000,0,756450000,2309600000,19,25,48,92,-15,-3,-17
"1_1794",1455100000,34380000,6960000,0,997770000,2494210000,34,30,68,132,1746770000,22260000,6630000,0,718560000,2494220000,20,32,61,113,-14,2,-7
"1_1795",1224550000,11730000,280000,0,680500000,1917060000,33,34,72,139,1430440000,8650000,0,0,477980000,1917070000,19,30,51,100,-14,-4,-21
"1_1796",9.72e+08,8860000,370000,0,681020000,1662250000,34,25,61,120,1033180000,4970000,0,0,624090000,1662240000,18,32,52,102,-16,7,-9
"1_1797",1344420000,57820000,15380000,0,753710000,2171330000,38,35,83,156,1483150000,51760000,18150000,0,618210000,2171270000,22,38,73,133,-16,3,-10
"1_1798",602290000,1632990000,170660000,79060000,1.5e+07,2.5e+09,37,31,80,148,720540000,1382320000,249050000,88850000,59240000,2.5e+09,20,23,64,107,-17,-8,-16
"1_1799",1672600000,44160000,9410000,0,773830000,2.5e+09,38,34,78,150,1863370000,31950000,7380000,0,597300000,2.5e+09,24,37,73,134,-14,3,-5
"1_1800",1772720000,99950000,9130000,0,523570000,2405370000,37,35,78,150,1911620000,92500000,6460000,0,394790000,2405370000,23,39,75,137,-14,4,-3
"1_1801",1363470000,29410000,11240000,0,649150000,2053270000,38,33,75,146,1585430000,21980000,10070000,0,435780000,2053260000,23,33,69,125,-15,0,-6
"1_1802",6740000,685940000,76440000,77960000,1497460000,2344540000,42,30,73,145,3700000,706980000,98280000,32150000,1503430000,2344540000,15,24,64,103,-27,-6,-9
"1_1803",748810000,487220000,36420000,347590000,879960000,2.5e+09,39,33,79,151,887140000,565650000,62850000,340930000,643430000,2.5e+09,31,21,80,132,-8,-12,1
"1_1804",0,6450000,280000,0,2238680000,2245410000,12,18,42,72,0,6450000,280000,0,2238680000,2245410000,11,19,38,68,-1,1,-4
"4_001",12366830000,600280000,89960000,17490000,6940110000,20014670000,38,32,78,148,2414520000,1917630000,229810000,461060000,147300000,5170320000,27,19,82,128,-11,-13,4
"4_002",3650530000,3767290000,191470000,2711220000,137150000,10457660000,42,30,81,153,1803510000,178250000,41760000,460000,10313460000,12337440000,28,28,78,134,-14,-2,-3
"4_003",1567070000,2767450000,299540000,482960000,223620000,5340640000,46,29,85,160,200280000,1608600000,177540000,1054860000,6255810000,9297090000,19,32,73,124,-27,3,-12
"4_004",2780480000,6395470000,322250000,725180000,341430000,10564810000,48,37,90,175,1475840000,17110000,50880000,2553340000,15102160000,19199330000,31,26,94,151,-17,-11,4
"4_005",2503250000,85690000,1.3e+07,590000,6197970000,8800500000,37,33,79,149,777030000,213370000,57560000,1461800000,17143650000,19653410000,21,33,79,133,-16,0,0
"4_006",2058460000,1845830000,119540000,975830000,4077300000,9076960000,41,32,87,160,3706800000,5590370000,993250000,66300000,3805090000,14161810000,22,26,79,127,-19,-6,-8
"4_007",3235170000,4603580000,301810000,272170000,8049370000,16462100000,47,41,96,184,3556240000,3301540000,432210000,2629860000,323370000,10243220000,30,27,83,140,-17,-14,-13
"4_008",1807850000,178430000,40890000,460000,10309810000,12337440000,43,48,101,192,768760000,3231340000,406790000,405170000,3582900000,8394960000,25,35,78,138,-18,-13,-23
"4_009",2075330000,1847040000,520090000,493140000,109470000,5045070000,38,37,81,156,3144830000,656700000,36310000,3630000,11282640000,15124110000,28,37,79,144,-10,0,-2
"4_010",675060000,1487080000,164940000,5441990000,12245160000,20014230000,44,28,84,156,3974900000,32150000,56020000,0,1.488e+09,5551070000,25,17,72,114,-19,-11,-12
"4_011",1.876e+09,11969860000,95900000,3968290000,4729470000,22639520000,38,28,72,138,8255060000,635930000,107130000,7420000,8179620000,17185160000,20,33,78,131,-18,5,6
"4_012",812780000,7738910000,616240000,820810000,694510000,10683250000,46,36,82,164,9291180000,33030000,35660000,11840000,5446560000,14818270000,27,22,73,122,-19,-14,-9
"4_013",2463660000,4095630000,441360000,483320000,341960000,7825930000,42,46,102,190,1580250000,2629080000,326900000,582250000,227190000,5345670000,15,27,55,97,-27,-19,-47
"4_014",3860430000,3222140000,560600000,1079640000,77940000,8800750000,44,45,97,186,949240000,514920000,683020000,5963280000,2717930000,10828390000,26,37,79,142,-18,-8,-18
"4_015",2737690000,5761280000,910120000,586200000,86430000,10081720000,50,42,92,184,7722390000,46240000,14380000,0,3350980000,11133990000,37,32,98,167,-13,-10,6
"4_016",284690000,5383430000,734730000,1795880000,2588560000,10787290000,33,34,69,136,313040000,4814840000,434250000,848880000,3670530000,10081540000,24,31,89,144,-9,-3,20
"4_017",2679140000,4811150000,611850000,223060000,197390000,8522590000,44,38,97,179,2131020000,1696810000,150510000,1055460000,4043160000,9076960000,16,28,70,114,-28,-10,-27
"4_018",3050180000,5486170000,318520000,694580000,1178750000,10728200000,37,26,64,127,5525610000,1316660000,169430000,2860000,3738660000,10753220000,23,26,76,125,-14,0,12
"4_019",4039490000,3727700000,544250000,1618180000,516810000,10446430000,39,37,93,169,3116030000,4845410000,926770000,1124100000,330040000,10342350000,35,29,101,165,-4,-8,8
"4_020",7762920000,3567950000,194910000,2844980000,11700550000,26071310000,35,28,61,124,1492990000,3125250000,821840000,14805950000,4625470000,24871500000,22,14,62,98,-13,-14,1
"4_021",2456150000,5614360000,161610000,474540000,273900000,8980560000,55,49,116,220,3700070000,608060000,24690000,0,9983500000,14316320000,28,39,86,153,-27,-10,-30
"4_022",2197290000,403670000,225450000,659030000,4279940000,7765380000,34,36,81,151,2700480000,3778570000,147670000,406220000,3908350000,10941290000,28,34,97,159,-6,-2,16
"4_023",694760000,44800000,8930000,0,9307020000,10055510000,37,31,70,138,2214650000,646190000,42220000,846670000,5744810000,9494540000,22,39,74,135,-15,8,4
"4_024",5618510000,4295920000,476710000,1150850000,1126690000,12668680000,46,41,88,175,8894600000,2415080000,437700000,879360000,1446620000,14073360000,11,25,65,101,-35,-16,-23
"4_025",4438830000,405660000,389780000,4852370000,5037310000,15123950000,44,37,84,165,5769810000,4959040000,180310000,129120000,3687060000,14725340000,34,30,96,160,-10,-7,12
"4_026",1429530000,1574640000,242300000,1861940000,111990000,5220400000,43,38,87,168,915450000,3471350000,253960000,139570000,2905210000,7685540000,28,21,75,124,-15,-17,-12
"4_027",552070000,2773800000,479710000,3728500000,2547570000,10081650000,32,30,55,117,2061420000,5725590000,478190000,549020000,151540000,8965760000,24,32,81,137,-8,2,26
"4_028",2329600000,6686700000,427730000,856870000,155450000,10456350000,32,28,60,120,2015180000,604830000,89200000,1980000,7172450000,9883640000,27,18,77,122,-5,-10,17
"4_029",760140000,325860000,193020000,7491480000,5711640000,14482140000,39,34,85,158,1083250000,3161550000,324340000,622660000,4144280000,9336080000,26,28,75,129,-13,-6,-10
"4_030",179090000,990820000,1318050000,2217230000,3544240000,8249430000,41,30,73,144,5191120000,7497720000,966190000,1595740000,258480000,15509250000,26,34,81,141,-15,4,8
"4_031",126800000,1248710000,357050000,3419170000,7524070000,12675800000,42,43,91,176,2656840000,3928250000,598640000,3014430000,248200000,10446360000,26,17,66,109,-16,-26,-25
"4_032",858470000,5131260000,450800000,1320930000,3708530000,11469990000,37,24,59,120,8085940000,5520440000,2155330000,2718530000,329190000,18809430000,29,47,89,165,-8,23,30
"4_033",8410920000,225130000,31440000,0,5897970000,14565460000,40,26,77,143,250680000,583180000,53760000,1354230000,6941610000,9183460000,23,35,78,136,-17,9,1
"4_034",12144170000,192900000,55350000,1990000,8583910000,20978320000,41,29,74,144,7925550000,712460000,42420000,0,2493170000,11173600000,18,30,61,109,-23,1,-13
"4_035",1270940000,5881860000,503110000,601200000,4214210000,12471320000,39,35,74,148,242520000,5707220000,1151170000,1004580000,4051770000,12157260000,25,34,78,137,-14,-1,4
"4_036",2526820000,494550000,17620000,810000,7051990000,10091790000,46,33,86,165,5179890000,732990000,50310000,83410000,7783380000,13829980000,29,28,79,136,-17,-5,-7
"4_037",2283350000,6063790000,626970000,850640000,719560000,10544310000,45,31,80,156,790050000,4175090000,408570000,1081710000,2134900000,8590320000,21,31,62,114,-24,0,-18
"4_038",2670690000,6507600000,400300000,1642720000,1430840000,12652150000,41,32,86,159,1958220000,5433050000,505540000,2458070000,107750000,10462630000,25,36,72,133,-16,4,-14
"4_039",3065770000,4700450000,574380000,1770770000,220410000,10331780000,46,43,99,188,2089110000,3244340000,273770000,864540000,2963010000,9434770000,31,29,95,155,-15,-14,-4
"4_040",4956100000,3265830000,653980000,2654650000,238590000,11769150000,44,37,82,163,5352490000,3185130000,340290000,1544200000,265470000,10687580000,24,41,76,141,-20,4,-6
"4_041",4342160000,3433950000,445490000,1773220000,86760000,10081580000,38,32,84,154,1719820000,7637720000,751160000,246930000,106530000,10462160000,28,23,79,130,-10,-9,-5
"4_042",610130000,4369810000,327480000,36910000,5130660000,10474990000,43,34,77,154,2704470000,2996640000,553040000,983230000,4768150000,12005530000,18,23,72,113,-25,-11,-5
"4_043",2202240000,1467880000,978860000,7201260000,2714060000,14564300000,41,37,86,164,3174180000,2192470000,250650000,4653600000,186730000,10457630000,25,28,83,136,-16,-9,-3
"4_044",2014570000,7378290000,696330000,60140000,187480000,10336810000,40,40,94,174,557520000,7939880000,587700000,43590000,325260000,9453950000,18,20,70,108,-22,-20,-24
"4_045",946490000,4264410000,698250000,13878200000,5084150000,24871500000,45,44,106,195,10048930000,123570000,82250000,7610000,4567610000,14829970000,11,18,62,91,-34,-26,-44
"4_046",2502760000,4721680000,725460000,623340000,347890000,8921130000,37,35,76,148,423330000,1751970000,119700000,131850000,3129230000,5556080000,18,12,56,86,-19,-23,-20
"4_047",2732870000,5770250000,773940000,567120000,502720000,10346900000,43,32,79,154,6116120000,586980000,87630000,0,2518270000,9.309e+09,20,26,58,104,-23,-6,-21
"4_048",5850440000,3300990000,330520000,4138480000,567200000,14187630000,37,40,71,148,4213940000,2528790000,604240000,2629710000,470440000,10447120000,25,26,75,126,-12,-14,4
"4_049",2330200000,6627990000,1080780000,242150000,181500000,10462620000,32,28,65,125,7807530000,22440000,20800000,13420000,4472600000,12336790000,23,18,69,110,-9,-10,4
"4_050",442850000,1986960000,359900000,369970000,5479590000,8639270000,36,29,67,132,2381080000,6219390000,909660000,956670000,344620000,10811420000,22,37,74,133,-14,8,7
"4_051",2084880000,2914710000,163120000,852700000,4479720000,10495130000,36,33,71,140,2071180000,5959560000,68310000,1562650000,3202140000,12863840000,33,26,90,149,-3,-7,19
"4_052",3513010000,722980000,213630000,12640000,3538920000,8001180000,34,35,74,143,4247480000,3352460000,232500000,1160660000,1323030000,10316130000,26,33,81,140,-8,-2,7
"4_053",3684210000,3581470000,610450000,1082280000,1468890000,10427300000,45,38,82,165,238950000,1105830000,83560000,234580000,3632650000,5295570000,23,27,79,129,-22,-11,-3
"4_054",182910000,9310000,1720000,0,5337090000,5531030000,29,26,59,114,6142500000,7002910000,682850000,1097840000,583570000,15509670000,23,40,79,142,-6,14,20
"4_055",4335720000,4938340000,436470000,974730000,119950000,10805210000,44,35,88,167,3715690000,1167670000,388060000,84860000,3608530000,8964810000,25,30,82,137,-19,-5,-6
"4_056",1567360000,2.535e+09,307630000,1338930000,323200000,6072120000,34,32,73,139,2411090000,1826890000,127910000,544480000,696010000,5606380000,24,20,75,119,-10,-12,2
"4_057",652020000,3321180000,452710000,588690000,336080000,5350680000,45,41,97,183,2831230000,6498900000,565540000,576970000,516220000,10988860000,27,32,79,138,-18,-9,-18
"4_058",1546700000,4818930000,490560000,456290000,88350000,7400830000,38,29,74,141,1694810000,4008460000,261130000,4399310000,93820000,10457530000,21,19,68,108,-17,-10,-6
"4_059",1734310000,2279390000,692580000,250830000,213170000,5170280000,44,33,75,152,3945950000,2012940000,146520000,950710000,2143980000,9200100000,24,30,72,126,-20,-3,-3
"4_060",3460580000,5470120000,641570000,566110000,203540000,10341920000,45,45,98,188,5655650000,944320000,244550000,1415780000,2555470000,10815770000,31,39,89,159,-14,-6,-9
"4_061",2109830000,2.7e+08,9030000,0,9111160000,11500020000,45,40,96,181,4301770000,148240000,402720000,2801250000,2569070000,10223050000,25,31,91,147,-20,-9,-5
"4_062",2086100000,7971700000,81960000,2641970000,4300960000,17082690000,43,41,98,182,4570780000,1838790000,300230000,591990000,208930000,7510720000,27,17,75,119,-16,-24,-23
"4_063",3725530000,4481180000,816820000,902090000,352540000,10278160000,36,32,78,146,1634760000,690630000,173130000,59260000,2502300000,5060080000,27,31,81,139,-9,-1,3
"4_064",2849810000,3315590000,684030000,2508760000,718180000,10076370000,46,36,97,179,3880100000,577560000,86150000,107150000,4168210000,8819170000,22,26,85,133,-24,-10,-12
"4_065",428550000,2457160000,185410000,269640000,1969820000,5310580000,45,37,91,173,4737730000,11210000,2120000,73410000,12660170000,17484640000,32,22,83,137,-13,-15,-8
"4_066",4880330000,3073490000,588150000,1306570000,231680000,10080220000,46,38,92,176,5834850000,1170530000,404240000,2059920000,862780000,10332320000,22,40,73,135,-24,2,-19
"4_067",1078660000,8048050000,646490000,264840000,639550000,10677590000,35,33,80,148,4176010000,480430000,43930000,51680000,9416260000,14168310000,30,33,80,143,-5,0,0
"4_068",2706220000,5898020000,616790000,1248170000,243960000,10713160000,36,31,75,142,8092950000,570040000,129410000,18260000,5476580000,14287240000,29,22,82,133,-7,-9,7
"4_069",2836630000,1564760000,248100000,17430000,6799240000,11466160000,36,31,73,140,6972610000,820140000,149770000,8060000,6444380000,14394960000,20,30,69,119,-16,-1,-4
"4_070",4017650000,2027370000,143540000,485170000,3327930000,10001660000,37,32,78,147,1805800000,540080000,800740000,29830000,5396880000,8573330000,24,26,82,132,-13,-6,4
"4_071",8054240000,3063490000,305970000,290000,4712620000,16136610000,46,35,90,171,3889300000,8568920000,561230000,751040000,557920000,14328410000,21,34,75,130,-25,-1,-15
"4_072",1947070000,30540000,4800000,97760000,6860630000,8940800000,40,23,70,133,4607430000,3048090000,1007560000,1247930000,170150000,10081160000,29,23,80,132,-11,0,10
"4_073",6058820000,1974520000,498360000,1491820000,314050000,10337570000,44,34,84,162,3928810000,371250000,78970000,36100000,760190000,5175320000,26,20,68,114,-18,-14,-16
"4_074",6920880000,8691690000,451350000,1218570000,1639760000,18922250000,38,32,74,144,3179320000,4773570000,184890000,433690000,3760300000,12331770000,14,20,60,94,-24,-12,-14
"4_075",3513700000,5009300000,183380000,825820000,713090000,10245290000,44,35,91,170,6787410000,8659990000,700550000,2944670000,8487880000,27580500000,15,31,63,109,-29,-4,-28
"4_076",5128100000,7673140000,650560000,2968930000,875530000,17296260000,39,37,84,160,7516150000,66700000,8750000,153810000,11189050000,18934460000,22,23,81,126,-17,-14,-3
"4_077",2396670000,7785440000,935390000,449110000,974690000,12541300000,33,35,75,143,1837420000,5194850000,258840000,2956610000,208660000,10456380000,24,38,75,137,-9,3,0
"4_078",1424920000,3261850000,232280000,187450000,58740000,5165240000,32,33,75,140,4311550000,2548410000,819780000,1787850000,1212610000,10680200000,26,20,77,123,-6,-13,2
"4_079",2229330000,6155110000,2.05e+08,606400000,3730170000,12926010000,42,43,89,174,967980000,6122330000,473950000,708600000,429380000,8702240000,32,26,78,136,-10,-17,-11
"4_080",2997790000,2421100000,30910000,1164860000,3655910000,10270570000,46,42,92,180,6867220000,1345970000,213910000,46670000,2694530000,11168300000,22,32,75,129,-24,-10,-17
"4_081",3316580000,5443310000,520360000,858130000,193500000,10331880000,40,36,85,161,4000610000,9409200000,1260190000,497220000,546080000,15713300000,26,26,77,129,-14,-10,-8
"4_082",8327920000,2049810000,193260000,56740000,4742320000,15370050000,48,36,92,176,1457750000,7499630000,464050000,438400000,817030000,10676860000,27,32,72,131,-21,-4,-20
"4_083",4029810000,4780320000,563640000,572850000,390240000,10336860000,42,33,91,166,3263970000,1130480000,126520000,0,9337950000,13858920000,22,38,74,134,-20,5,-17
"4_084",7137010000,2598950000,721990000,1772560000,691870000,12922380000,42,42,92,176,69330000,566790000,93310000,641230000,3990660000,5361320000,33,24,88,145,-9,-18,-4
"4_085",1784320000,4002590000,164220000,600880000,8356230000,14908240000,37,32,73,142,1968440000,9132230000,2153670000,1621040000,247190000,15122570000,25,23,72,120,-12,-9,-1
"4_086",2179470000,7243480000,176610000,807030000,306080000,10712670000,39,37,93,169,6576360000,201560000,61240000,0,6998690000,13837850000,23,26,83,132,-16,-11,-10
"4_087",980640000,7486680000,276630000,356940000,7090200000,16191090000,46,40,99,185,1500940000,9348530000,230650000,378710000,2594170000,1.4053e+10,31,28,86,145,-15,-12,-13
"4_088",5128090000,1676890000,201210000,1438610000,616350000,9061150000,44,35,82,161,6825800000,1080710000,234740000,0,2947610000,11088860000,25,40,79,144,-19,5,-3
"4_089",570790000,9267340000,1127270000,1154570000,4284190000,16404160000,36,28,72,136,1526390000,4019760000,100470000,681510000,4724450000,11052580000,26,26,80,132,-10,-2,8
"4_090",2182640000,7236610000,522330000,499250000,750580000,11191410000,40,40,87,167,2104020000,269970000,9030000,0,9.117e+09,11500020000,24,24,76,124,-16,-16,-11
"4_091",5574380000,1572630000,151090000,25860000,5842030000,13165990000,42,28,72,142,3715610000,427010000,80490000,0,1568880000,5791990000,31,38,98,167,-11,10,26
"4_092",5676550000,6517310000,1460520000,1185960000,282920000,15123260000,35,30,69,134,2722320000,6829560000,837340000,311470000,241600000,10942290000,24,26,79,129,-11,-4,10
"4_093",9666010000,1908190000,271920000,115060000,2146480000,14107660000,40,32,81,153,5006050000,1620810000,178400000,460000,3778740000,10584460000,20,30,79,129,-20,-2,-2
"4_094",2828270000,4341590000,942090000,535670000,1439330000,10086950000,46,38,105,189,495980000,4139970000,907800000,2779930000,1706580000,10030260000,24,40,79,143,-22,2,-26
"4_095",332770000,2104290000,108830000,99460000,1570830000,4216180000,42,37,95,174,6561630000,133980000,18580000,36510000,3616710000,10367410000,20,15,57,92,-22,-22,-38
"4_096",6517560000,994180000,366890000,860000,2206990000,10086480000,44,38,97,179,3058250000,3709430000,352610000,1750990000,595080000,9466360000,11,25,51,87,-33,-13,-46
"4_097",1468160000,6960680000,301640000,1658700000,72180000,10461360000,44,42,106,192,3582790000,5262790000,814390000,1091250000,471920000,11223140000,21,34,64,119,-23,-8,-42
"4_098",3330350000,6454480000,137300000,144540000,4592660000,14659330000,37,31,70,138,4.959e+09,3411160000,436830000,110490000,1985930000,10903410000,27,31,87,145,-10,0,17
"4_099",3283060000,9054010000,609590000,1975980000,428570000,15351210000,47,51,116,214,3029030000,12123480000,353790000,901260000,4.727e+09,21134560000,32,28,101,161,-15,-23,-15
"4_100",3388660000,4.834e+09,882020000,1143990000,719810000,10968480000,46,35,91,172,5594520000,110690000,14050000,7990000,2128820000,7856070000,33,26,87,146,-13,-9,-4
"4_101",1881900000,7252520000,628380000,815220000,134660000,10712680000,39,38,75,152,3749450000,631080000,114150000,15480000,11837530000,16347690000,21,33,69,123,-18,-5,-6
"4_102",1294800000,2881320000,935770000,8666300000,2452950000,16231140000,44,39,89,172,1360040000,5124450000,391880000,1510170000,5175810000,13562350000,31,36,85,152,-13,-3,-4
"4_103",4015070000,2234830000,187120000,3348860000,661670000,10447550000,39,27,73,139,2656680000,3787310000,562640000,595110000,5524580000,13126320000,17,34,66,117,-22,7,-7
"4_104",2362450000,2673470000,7.5e+08,4418240000,248020000,10452180000,39,30,75,144,1248600000,3549750000,97980000,272610000,4007700000,9176640000,28,24,71,123,-11,-6,-4
"4_105",8260000,170450000,33980000,802200000,3497810000,4512700000,40,39,87,166,5622790000,3379340000,523470000,8.75e+08,297620000,10698220000,24,36,84,144,-16,-3,-3
"4_106",1045300000,4737240000,114190000,451490000,7889780000,1.4238e+10,34,26,69,129,1480480000,654170000,87420000,77550000,6387630000,8687250000,33,41,88,162,-1,15,19
"4_107",3343440000,5486060000,1.69e+08,476130000,4101120000,13575750000,44,33,95,172,1375980000,6331360000,727840000,1265830000,980810000,10681820000,21,31,78,130,-23,-2,-17
"4_108",1481630000,1757780000,35070000,1383010000,858520000,5516010000,46,35,98,179,2840310000,5395210000,353040000,1471870000,391710000,10452140000,23,29,70,122,-23,-6,-28
"4_109",1960460000,4528120000,235800000,664390000,3674580000,11063350000,38,31,69,138,1899420000,145260000,17320000,27820000,6831590000,8921410000,27,27,71,125,-11,-4,2
"4_110",5613440000,197460000,24130000,37990000,4499390000,10372410000,38,42,86,166,1680110000,802680000,297700000,114180000,2180460000,5075130000,21,24,73,118,-17,-18,-13
"4_111",1264600000,1290900000,178250000,178200000,8942320000,11854270000,43,33,86,162,740080000,1222690000,227590000,4952190000,10974940000,18117490000,22,36,73,131,-21,3,-13
"4_112",3205540000,1061480000,308850000,1910020000,2334770000,8820660000,40,32,78,150,459630000,3196290000,428410000,62620000,8091780000,12238730000,20,14,56,90,-20,-18,-22
"4_113",3048150000,819730000,204840000,1110540000,167420000,5350680000,39,36,88,163,4867210000,3636290000,237410000,193150000,1427910000,10361970000,23,25,78,126,-16,-11,-10
"4_114",7982580000,2074130000,335820000,0,3397890000,13790420000,40,32,76,148,158270000,1587870000,321330000,337950000,3692930000,6098350000,19,30,58,107,-21,-2,-18
"4_115",1389050000,9319780000,194930000,552050000,2597190000,1.4053e+10,45,47,96,188,4823400000,571140000,19020000,0,8693400000,14106960000,28,40,84,152,-17,-7,-12
"4_116",5709050000,395080000,99320000,2170000,2590110000,8795730000,42,45,92,179,711130000,10985800000,767970000,1516070000,433810000,14414780000,25,32,91,148,-17,-13,-1
"4_117",1629930000,4658020000,1354800000,2808390000,495450000,10946590000,37,30,69,136,1890970000,5155880000,409950000,232080000,495580000,8184460000,22,28,76,126,-15,-2,7
"4_118",1391690000,2367530000,382260000,813080000,260850000,5215410000,46,39,96,181,2723010000,8207850000,858220000,847110000,357700000,12993890000,24,19,68,111,-22,-20,-28
"4_119",2733960000,1392290000,98450000,322770000,8496300000,13043770000,41,33,79,153,4928700000,4529190000,1607730000,1317980000,168270000,12551870000,27,29,81,137,-14,-4,2
"4_120",380660000,1228100000,1954270000,5031850000,2619630000,11214510000,42,33,84,159,1724360000,7345550000,410090000,895700000,558570000,10934270000,27,17,69,113,-15,-16,-15
"4_121",3623480000,8918080000,140560000,936560000,6812120000,20430800000,40,35,94,169,1790700000,8388070000,346980000,1082140000,1255080000,12862970000,24,35,76,135,-16,0,-18
"4_122",6077680000,2880860000,267200000,781490000,325250000,10332480000,45,47,102,194,2689890000,2302100000,460170000,153130000,5463520000,11068810000,18,29,70,117,-27,-18,-32
"4_123",3325510000,4847220000,206530000,945790000,1122530000,10447580000,45,37,94,176,2748990000,6079160000,795480000,613990000,465430000,10703050000,13,29,53,95,-32,-8,-41
"4_124",352740000,4066550000,461930000,31020000,187930000,5100170000,46,39,98,183,4232550000,2224160000,165150000,849020000,1592590000,9063470000,34,22,85,141,-12,-17,-13
"4_125",3092450000,9106980000,269990000,954370000,428180000,13851970000,46,46,109,201,2011740000,7098140000,420970000,478400000,447890000,10457140000,19,33,67,119,-27,-13,-42
"4_126",2598450000,1144940000,39710000,1067830000,695120000,5546050000,45,38,89,172,3181400000,5644740000,858660000,666150000,347120000,10698070000,31,37,79,147,-14,-1,-10
"4_127",1867320000,484070000,84700000,14540000,5108970000,7559600000,43,37,91,171,3983430000,1948990000,138380000,486040000,3444660000,10001500000,21,34,68,123,-22,-3,-23
"4_128",1297540000,4445070000,198520000,611100000,5484180000,12036410000,35,35,84,154,1841940000,2577630000,275380000,1093230000,6404180000,12192360000,25,39,75,139,-10,4,-9
"4_129",2379040000,1580890000,25090000,778220000,580150000,5343390000,43,44,96,183,4625400000,214890000,106200000,0,4765950000,9712440000,33,25,84,142,-10,-19,-12
"4_130",1193560000,2981360000,937100000,187600000,3107010000,8406630000,41,38,94,173,1531350000,1108140000,76160000,24800000,2760520000,5500970000,16,28,57,101,-25,-10,-37
"4_131",1277360000,285020000,18490000,640000,6814030000,8395540000,46,33,87,166,4362700000,2925050000,597140000,2169930000,233880000,10288700000,12,17,65,94,-34,-16,-22
"4_132",437200000,8439460000,633600000,911340000,266830000,10688430000,43,41,98,182,8203110000,17560000,3440000,40000,7660540000,15884690000,24,39,75,138,-19,-2,-23
"4_133",1408800000,1868620000,487790000,408580000,4738450000,8912240000,33,35,80,148,5876160000,984070000,125720000,6250000,6856350000,13848550000,26,34,81,141,-7,-1,1
"4_134",2828630000,734400000,57730000,1770000,10031160000,13653690000,46,40,101,187,3463540000,4608180000,522030000,2158520000,319840000,11072110000,19,34,74,127,-27,-6,-27
"4_135",2480220000,7223300000,1121960000,482450000,1459270000,12767200000,39,38,78,155,5090630000,4763860000,460880000,1987800000,488930000,12792100000,23,20,63,106,-16,-18,-15
"4_136",1834610000,16641380000,1455350000,696230000,826880000,21454450000,40,29,72,141,3574400000,4303160000,404920000,1528710000,540850000,10352040000,23,28,88,139,-17,-1,16
"4_137",30620000,4.617e+09,241690000,295100000,161240000,5345650000,40,32,73,145,5656860000,1584960000,154940000,1087790000,596450000,9.081e+09,28,21,80,129,-12,-11,7
"4_138",6041260000,2036840000,348140000,1246400000,664890000,10337530000,41,32,73,146,1702790000,10420460000,892990000,291920000,1100630000,14408790000,19,32,73,124,-22,0,0
"4_139",945670000,7304040000,478230000,1850920000,218970000,10797830000,41,32,71,144,4571160000,2797880000,273370000,1710690000,1414630000,10767730000,21,19,70,110,-20,-13,-1
"4_140",3294670000,7191430000,910200000,246040000,899230000,12541570000,45,37,94,176,9046400000,1952470000,300490000,112880000,2695420000,14107660000,31,26,81,138,-14,-11,-13
"4_141",4580520000,3225110000,796480000,1222590000,257040000,10081740000,43,37,79,159,6888830000,3018650000,673410000,694800000,6015530000,17291220000,26,24,65,115,-17,-13,-14
"4_142",6184700000,3317510000,805050000,1390000,2270470000,12579120000,48,33,93,174,4626260000,2454140000,76020000,1098870000,1697810000,9953100000,13,28,54,95,-35,-5,-39
"4_143",331870000,3666490000,302270000,2518230000,2302390000,9121250000,40,27,67,134,760500000,4045530000,652430000,1361990000,5736120000,12556570000,25,27,81,133,-15,0,14
"4_144",1692540000,6316820000,1944090000,2505410000,4131120000,16589980000,42,31,85,158,3997350000,4072340000,473100000,833700000,905370000,10281860000,20,34,78,132,-22,3,-7
"4_145",5308640000,3408830000,439360000,651290000,534380000,10342500000,37,33,69,139,3211170000,3024520000,494130000,1106490000,1244740000,9081050000,22,35,77,134,-15,2,8
"4_146",2631380000,4007400000,394440000,442740000,2508110000,9984070000,42,43,94,179,698390000,6384100000,652270000,2933150000,129170000,10797080000,30,23,82,135,-12,-20,-12
"4_147",7653530000,1459490000,167290000,7320000,5249010000,14536640000,48,31,91,170,6043720000,279150000,485550000,3344430000,2507900000,12660750000,21,17,68,106,-27,-14,-23
"4_148",4185980000,371420000,98080000,520000,4781760000,9437760000,43,35,85,163,7512910000,4119540000,519230000,7696730000,602540000,20450950000,19,36,76,131,-24,1,-9
"4_149",1858690000,2493910000,498100000,226580000,93020000,5170300000,46,32,84,162,4426290000,2964330000,369160000,876490000,289950000,8926220000,26,38,85,149,-20,6,1
"4_150",2499480000,1228880000,22660000,471590000,461750000,4684360000,46,37,92,175,4801460000,7550570000,436400000,1236800000,173590000,14198820000,24,28,82,134,-22,-9,-10
"4_151",3379850000,4993790000,274310000,459990000,838560000,9946500000,41,45,94,180,7143630000,1258380000,181810000,149360000,1624340000,10357520000,29,45,91,165,-12,0,-3
"4_152",8643450000,590160000,227700000,27870000,4928300000,14417480000,42,44,99,185,2513280000,5406300000,983300000,1020970000,157130000,10080980000,31,29,91,151,-11,-15,-8
"4_153",3064350000,6124520000,633490000,551790000,609560000,10983710000,44,31,81,156,4521690000,3e+05,2490000,106580000,5790340000,10421400000,20,30,76,126,-24,-1,-5
"4_154",1673590000,5495860000,31170000,718770000,3145790000,11065180000,39,41,85,165,3056400000,2781260000,244070000,483620000,3704530000,10269880000,20,35,72,127,-19,-6,-13
"4_155",6507460000,1199970000,69640000,0,3267850000,11044920000,43,31,90,164,3061580000,2329220000,451800000,1097850000,3145220000,10085670000,19,32,67,118,-24,1,-23
"4_156",3884110000,4151260000,577830000,973600000,760780000,10347580000,45,41,94,180,1769960000,5285330000,874900000,894400000,151490000,8976080000,35,27,97,159,-10,-14,3
"4_157",3204030000,6364500000,117320000,1086820000,5783030000,16555700000,41,45,88,174,9672740000,2271270000,161200000,5260000,5485930000,17596400000,22,31,69,122,-19,-14,-19
"4_158",105410000,441220000,44970000,12550000,4123130000,4727280000,41,34,79,154,1651960000,8863420000,1063940000,530830000,763170000,12873320000,24,33,82,139,-17,-1,3
"4_159",171390000,4.176e+09,257630000,608390000,132260000,5345670000,41,40,98,179,6275520000,578870000,181220000,0,2210820000,9246430000,20,34,68,122,-21,-6,-30
"4_160",3424590000,1926410000,292920000,450000,3467500000,9111870000,42,33,79,154,8973140000,366960000,73110000,24370000,4827670000,14265250000,21,18,67,106,-21,-15,-12
"4_161",322320000,2693800000,233390000,54190000,1731040000,5034740000,41,33,80,154,1862350000,5610230000,1136730000,1204690000,267810000,10081810000,25,33,81,139,-16,0,1
"4_162",583560000,8037010000,501890000,53100000,278390000,9453950000,37,31,85,153,47460000,218490000,51480000,676100000,3519170000,4512700000,23,18,69,110,-14,-13,-16
"4_163",3110410000,4902860000,268910000,203690000,590370000,9076240000,46,38,84,168,4681390000,2637760000,350450000,3416960000,6581590000,17668150000,27,27,72,126,-19,-11,-12
"4_164",1097900000,859460000,401380000,6707870000,6857170000,15923780000,43,33,80,156,1166460000,7446580000,581060000,1793600000,123540000,11111240000,21,34,73,128,-22,1,-7
"4_165",274340000,2261910000,211190000,38320000,2519800000,5305560000,47,35,89,171,3399180000,4118400000,382110000,600760000,671290000,9171740000,25,26,75,126,-22,-9,-14
"4_166",505900000,5013260000,268190000,223570000,2784750000,8795670000,41,34,85,160,760910000,3022140000,701580000,45010000,3752090000,8281730000,26,38,86,150,-15,4,1
"4_167",1774100000,877610000,125870000,2656400000,19187990000,24621970000,35,30,78,143,4757540000,2461010000,159420000,1299860000,2390250000,11068080000,17,11,49,77,-18,-19,-29
"4_168",387290000,10803200000,740040000,525610000,695070000,13151210000,38,42,83,163,931890000,5091430000,52650000,1026450000,3962760000,11065180000,17,29,58,104,-21,-13,-25
"4_169",3544270000,1058950000,80540000,1797430000,3088750000,9569940000,38,33,82,153,485590000,170830000,48820000,2732450000,1962050000,5399740000,24,42,79,145,-14,9,-3
"4_170",4713230000,775300000,64030000,2280000,3246010000,8800850000,45,39,91,175,5125300000,4832620000,1954710000,1675860000,249100000,13837590000,19,34,60,113,-26,-5,-31
"4_171",9314420000,249310000,24900000,44410000,5911880000,15544920000,39,36,88,163,344670000,1.947e+09,1670910000,4408430000,760450000,9131460000,20,24,75,119,-19,-12,-13
"4_172",5.384e+09,5161240000,270450000,1748780000,3622760000,16187230000,42,34,82,158,3517370000,4624280000,465910000,1123120000,621890000,10352570000,23,31,73,127,-19,-3,-9
"4_173",1394770000,3690850000,193060000,443040000,364670000,6086390000,45,31,84,160,2996040000,4701530000,856900000,1370530000,421900000,10346900000,20,30,67,117,-25,-1,-17
"4_174",2051950000,7390100000,691390000,455770000,3773020000,14362230000,38,29,71,138,6108640000,4661520000,1087130000,2568840000,295400000,14721530000,21,35,74,130,-17,6,3
"4_175",2202870000,2112030000,251170000,972640000,3653090000,9191800000,44,45,103,192,4195360000,4152890000,1487430000,990670000,538070000,11364420000,18,13,58,89,-26,-32,-45
"4_176",4933270000,2219290000,208320000,160660000,2835970000,10357510000,49,46,103,198,318150000,7293060000,1425070000,1731240000,174870000,10942390000,26,41,81,148,-23,-5,-22
"4_177",5147180000,4662120000,201520000,808410000,5301490000,16120720000,47,39,102,188,3783990000,1830320000,193610000,64340000,2968710000,8840970000,29,40,87,156,-18,1,-15
"4_178",1335960000,3113770000,336910000,316300000,72390000,5175330000,33,35,83,151,1135980000,2642500000,71270000,221320000,1.48e+09,5551070000,22,36,80,138,-11,1,-3
"4_179",937280000,2587860000,70130000,27740000,4527330000,8150340000,42,46,88,176,2112710000,6549860000,981090000,7.21e+08,348500000,10713160000,18,29,64,111,-24,-17,-24
"4_180",737950000,4860980000,2020250000,1160630000,1692420000,10472230000,48,43,101,192,1270550000,285620000,18560000,640000,6820170000,8395540000,31,46,90,167,-17,3,-11
"4_181",6456440000,3769440000,645280000,136290000,5337110000,16344560000,40,33,82,155,2907030000,5187690000,753710000,1169960000,62960000,10081350000,20,18,67,105,-20,-15,-15
"4_182",976130000,3469410000,307160000,777360000,4222520000,9752580000,42,26,70,138,3006930000,310280000,37510000,76980000,14563050000,17994750000,23,18,73,114,-19,-8,3
"4_183",4520540000,2820160000,63250000,675180000,1132220000,9211350000,40,38,85,163,4628190000,3008370000,242490000,5610610000,689660000,14179320000,25,15,68,108,-15,-23,-17
"4_184",3469010000,1629680000,582940000,1305110000,540020000,7526760000,44,38,90,172,854020000,7580880000,629720000,851830000,766800000,10683250000,21,21,65,107,-23,-17,-25
"4_185",3601730000,9037590000,657490000,809710000,317010000,14423530000,39,31,70,140,3954870000,3116990000,1537600000,1304800000,432650000,10346910000,22,34,75,131,-17,3,5
"4_186",3544520000,4800860000,586590000,372400000,4160090000,13464460000,45,39,95,179,4122920000,116690000,19510000,0,18753710000,23012830000,26,28,81,135,-19,-11,-14
"4_187",237370000,692500000,409540000,7009340000,3960240000,12308990000,33,30,65,128,1881430000,760900000,59180000,469360000,10679650000,13850520000,30,44,90,164,-3,14,25
"4_188",7403410000,4920000,14370000,0,3716470000,11139170000,39,39,92,170,7770130000,46490000,15760000,336600000,9334730000,17503710000,22,24,92,138,-17,-15,0
"4_189",3712030000,771360000,60190000,307790000,549400000,5400770000,37,41,83,161,6870730000,19520000,1140000,0,4229510000,11120900000,25,36,73,134,-12,-5,-10
"4_190",4034020000,890770000,27750000,1834380000,3659370000,10446290000,38,43,74,155,3213270000,3206310000,83130000,1730460000,2295600000,10528770000,21,15,63,99,-17,-28,-11
"4_191",5600600000,2585870000,246980000,84760000,1834050000,10352260000,40,45,94,179,1351740000,3764260000,228190000,3135180000,42900000,8522270000,17,26,58,101,-23,-19,-36
"4_192",2667990000,6110750000,287340000,1453370000,198900000,10718350000,44,35,85,164,260030000,1210050000,30250000,241300000,6853880000,8595510000,19,31,67,117,-25,-4,-18
"4_193",2793610000,5566570000,393050000,248060000,1085590000,10086880000,47,45,88,180,4498220000,2606480000,393680000,2530000,3252340000,10753250000,27,24,83,134,-20,-21,-5
"4_194",1161730000,3843230000,325700000,9310000,4035860000,9375830000,37,34,80,151,4140720000,3422370000,33840000,1500650000,1665670000,10763250000,31,26,76,133,-6,-8,-4
"4_195",10054500000,237370000,82370000,7810000,4537420000,14919470000,44,28,78,150,7266050000,4530350000,203710000,885190000,3746900000,16632200000,26,40,83,149,-18,12,5
"4_196",2797750000,10579760000,862490000,3270640000,4855930000,22366570000,37,34,72,143,597350000,3.846e+09,303270000,584380000,69780000,5400780000,25,36,79,140,-12,2,7
"4_197",8566300000,736890000,130110000,15320000,7321990000,16770610000,35,30,68,133,715440000,3409090000,136700000,298650000,6093140000,10653020000,27,34,81,142,-8,4,13
"4_198",540800000,7381880000,619160000,2811790000,7461050000,18814680000,35,37,74,146,5854890000,2597600000,378930000,1019210000,847030000,10697660000,24,18,69,111,-11,-19,-5
"4_199",3371390000,5249040000,477070000,1271970000,338260000,10707730000,44,34,85,163,2260770000,6486670000,982920000,714490000,258300000,10703150000,26,31,75,132,-18,-3,-10
"4_200",3196150000,2112060000,95950000,1503880000,3474350000,10382390000,45,35,82,162,3333020000,8572240000,152670000,288480000,3303070000,15649480000,30,17,71,118,-15,-18,-11
"4_201",3186310000,1433550000,320690000,13230000,4474290000,9428070000,32,30,75,137,3153300000,4156750000,1149540000,400100000,3297610000,12157300000,28,41,80,149,-4,11,5
"4_202",3189360000,206170000,187330000,2509480000,3989290000,10081630000,44,37,87,168,815720000,7477740000,145560000,218890000,468110000,9126020000,24,23,80,127,-20,-14,-7
"4_203",11221490000,149030000,105800000,13270000,7929910000,19419500000,42,31,86,159,2482980000,2859950000,61010000,1509650000,2187820000,9101410000,21,28,79,128,-21,-3,-7
"4_204",2138130000,2239130000,78370000,319550000,4236180000,9011360000,38,22,60,120,6827540000,3893740000,1448440000,3852550000,312190000,16334460000,14,33,64,111,-24,11,4
"4_205",4292700000,4606290000,343820000,803960000,300180000,10346950000,40,38,85,163,3801780000,2568450000,1083900000,3167800000,3210810000,13832740000,28,22,79,129,-12,-16,-6
"4_206",10129990000,836420000,195800000,22930000,9783270000,20968410000,45,37,93,175,3928280000,2191540000,219780000,979230000,1147090000,8465920000,21,17,75,113,-24,-20,-18
"4_207",3410980000,377500000,62150000,29820000,1294830000,5175280000,47,33,85,165,3890330000,7584520000,172560000,1089690000,7544020000,20281120000,19,27,79,125,-28,-6,-6
"4_208",4016070000,3976820000,520890000,1936930000,294680000,10745390000,39,40,80,159,483770000,4220390000,2151220000,2471950000,119300000,9446630000,15,28,72,115,-24,-12,-8
"4_209",1164980000,2786390000,553900000,757220000,203320000,5465810000,44,37,90,171,4175660000,3620130000,318110000,937580000,1726940000,10778420000,31,24,86,141,-13,-13,-4
"4_210",729020000,1.1022e+10,2436470000,1535760000,3547780000,19271030000,46,42,103,191,2303210000,4855590000,863190000,90750000,6505420000,14618160000,22,35,67,124,-24,-7,-36
"4_211",2348840000,3998310000,185650000,1243870000,102930000,7879600000,43,38,93,174,5613920000,944140000,162550000,121970000,2078640000,8921220000,20,17,58,95,-23,-21,-35
"4_212",703010000,9228950000,2323830000,2464670000,141910000,14862370000,43,34,90,167,4811350000,3027700000,78640000,896110000,1959580000,10773380000,28,26,79,133,-15,-8,-11
"4_213",4766800000,5152510000,155300000,805210000,369560000,11249380000,38,30,75,143,4931290000,5003460000,556600000,2960330000,306110000,13757790000,18,31,71,120,-20,1,-4
"4_214",1153090000,1170310000,16070000,770800000,519080000,3629350000,45,38,88,171,4317440000,3224830000,954950000,2796440000,3.829e+09,15122660000,27,26,79,132,-18,-12,-9
"4_215",1141020000,5347270000,507270000,1531620000,539320000,9066500000,38,33,81,152,2173530000,6997880000,395450000,1409300000,6308260000,17284420000,26,20,67,113,-12,-13,-14
"4_216",3590540000,847290000,48360000,461720000,387720000,5335630000,41,32,80,153,4.54e+08,815730000,603460000,9226270000,7402880000,18502340000,30,22,70,122,-11,-10,-10
"4_217",899420000,2427920000,284960000,10089260000,11154660000,24856220000,32,31,68,131,3879870000,65090000,17930000,0,1206030000,5168920000,38,31,98,167,6,0,30
"4_218",3259300000,4919460000,438850000,811820000,901590000,10331020000,42,44,94,180,2190290000,5409760000,466760000,625260000,371440000,9063510000,18,31,73,122,-24,-13,-21
"4_219",2107490000,2759480000,92410000,574650000,1790590000,7324620000,44,29,73,146,3053670000,4927680000,1051620000,920850000,738820000,10692640000,21,29,57,107,-23,0,-16
"4_220",4882540000,3147440000,226070000,722850000,1988510000,10967410000,30,29,62,121,7755200000,2350560000,255510000,764460000,2952940000,14078670000,33,23,83,139,3,-6,21
"4_221",4228600000,10682190000,356830000,750210000,4663150000,20680980000,39,32,86,157,3276970000,5793190000,1201200000,2820370000,395380000,13487110000,19,13,59,91,-20,-19,-27
"4_222",298670000,1952190000,38530000,406990000,9158030000,11854410000,46,34,77,157,4312730000,2468050000,730190000,1547120000,1273780000,10331870000,16,15,52,83,-30,-19,-25
"4_223",2573920000,3155850000,311830000,464630000,3240630000,9746860000,43,35,85,163,817150000,6459620000,323170000,391340000,2308430000,10299710000,26,23,77,126,-17,-12,-8
"4_224",4980570000,3187770000,290340000,676380000,1948380000,11083440000,40,39,98,177,3609330000,4619660000,646470000,1055630000,150170000,10081260000,29,31,80,140,-11,-8,-18
"4_225",1518530000,13408320000,128790000,274470000,819130000,16149240000,38,26,74,138,1701370000,1657500000,517760000,6402560000,4280350000,14559540000,27,31,88,146,-11,5,14
"4_226",3646780000,8737660000,5.9e+07,811400000,2897040000,16151880000,36,36,66,138,1809150000,1430590000,858890000,231670000,3862500000,8192800000,18,24,60,102,-18,-12,-6
"4_227",3024870000,1527330000,166540000,4746580000,23862160000,33327480000,38,44,90,172,5799340000,72430000,10590000,0,3329480000,9211840000,24,28,80,132,-14,-16,-10
"4_228",3741640000,3856910000,356980000,905920000,3130830000,11992280000,52,49,123,224,3088800000,3607540000,231940000,652960000,5502420000,13083660000,22,17,57,96,-30,-32,-66
"4_229",2819790000,7114040000,366500000,604630000,661050000,11566010000,40,39,85,164,716290000,2577840000,330010000,209790000,4706640000,8540570000,18,32,69,119,-22,-7,-16
"4_230",7439630000,277750000,44350000,22090000,2989460000,10773280000,45,43,100,188,2654250000,2230570000,346270000,696360000,4153530000,10080980000,22,20,55,97,-23,-23,-45
"4_231",654450000,7066650000,2409180000,5835060000,275310000,16240650000,30,29,68,127,1197730000,413920000,133830000,2161870000,5.224e+09,9131350000,20,26,72,118,-10,-3,4
"4_232",1909790000,2712890000,188370000,396330000,103180000,5310560000,43,39,94,176,4300100000,6806330000,416100000,1443280000,1213320000,14179130000,32,42,89,163,-11,3,-5
"4_233",3863360000,3675030000,270160000,2408650000,135210000,10352410000,46,34,85,165,6830040000,511720000,78790000,0,3673330000,11093880000,21,22,66,109,-25,-12,-19
"4_234",3808200000,3859620000,1394840000,856540000,427710000,10346910000,34,36,75,145,1728970000,8098020000,249480000,261160000,439350000,10776980000,34,23,94,151,0,-13,19
"4_235",5373050000,4817840000,123370000,2018290000,8633090000,20965640000,34,36,73,143,5491230000,4415680000,1078780000,2529940000,321810000,13837440000,23,29,83,135,-11,-7,10
"4_236",280060000,708300000,41400000,284940000,1668550000,2983250000,40,31,74,145,3287880000,6145280000,534860000,222030000,147370000,10337420000,28,37,76,141,-12,6,2
"4_237",8959230000,2048430000,491800000,1856140000,2147890000,15503490000,43,33,81,157,3364580000,3676790000,255970000,637450000,2.377e+09,10311790000,34,24,84,142,-9,-9,3
"4_238",2705660000,9015740000,171290000,95200000,8714840000,20702730000,46,43,106,195,7153790000,2797900000,237900000,811220000,1873020000,12873830000,31,39,88,158,-15,-4,-18
"4_239",7036550000,22940000,16130000,13410000,5247760000,12336790000,39,34,78,151,8119720000,3536740000,395840000,139070000,3353940000,15545310000,30,44,87,161,-9,10,9
"4_240",4039700000,2834150000,105580000,1114870000,2633850000,10728150000,43,33,83,159,338410000,3721850000,377630000,2384350000,2299010000,9121250000,25,35,78,138,-18,2,-5
"4_241",384200000,3640460000,419260000,366670000,7072910000,11883500000,42,41,90,173,687490000,4013280000,624170000,1200820000,3844010000,10369770000,26,21,75,122,-16,-20,-15
"4_242",6881780000,138670000,333960000,3515170000,3217850000,14087430000,38,31,74,143,3763300000,4392650000,599750000,7.4e+08,3902470000,13398170000,29,35,78,142,-9,4,4
"4_243",598110000,4724820000,429460000,868420000,3830330000,10451140000,43,38,101,182,3876640000,4474190000,667370000,1216480000,473450000,10708130000,31,20,83,134,-12,-18,-18
"4_244",3085800000,2858030000,232860000,447460000,3645730000,10269880000,42,30,66,138,6909940000,672760000,141720000,0,3374650000,11099070000,23,21,72,116,-19,-9,6
"4_245",3560590000,1795220000,755050000,2828580000,1135950000,10075390000,48,34,90,172,3769930000,5256240000,227390000,2631630000,2610330000,14495520000,21,18,73,112,-27,-16,-17
"4_246",104540000,80390000,4660000,32040000,2263010000,2484640000,46,39,97,182,3576940000,2653350000,882690000,600450000,398470000,8111900000,21,17,73,111,-25,-22,-24
"4_247",2954080000,3997780000,99350000,1472260000,567920000,9091390000,41,37,83,161,5467070000,4708120000,658770000,1457480000,1548960000,13840400000,19,30,74,123,-22,-7,-9
"4_248",3078890000,6.23e+09,710350000,474780000,117820000,10611840000,41,40,87,168,7986340000,363930000,58530000,11270000,2032130000,10452200000,26,33,80,139,-15,-7,-7
"4_249",6457960000,597390000,61080000,0,3610460000,10726890000,43,37,88,168,8579720000,1217190000,226540000,18760000,4783010000,14825220000,21,33,67,121,-22,-4,-21
"4_250",2499700000,6406790000,686090000,549960000,199340000,10341880000,38,28,72,138,1961570000,30870000,4800000,97720000,6845840000,8940800000,24,16,54,94,-14,-12,-18
"4_251",1862580000,5708030000,2306140000,935920000,549010000,11361680000,42,37,98,177,6797020000,15350000,14140000,0,4312500000,11139010000,22,18,76,116,-20,-19,-22
"4_252",623720000,1698550000,175020000,567330000,148430000,3213050000,40,39,91,170,296010000,7303730000,476300000,665800000,319570000,9061410000,27,40,83,150,-13,1,-8
"4_253",367400000,1526450000,80630000,2429300000,14687130000,19090910000,48,46,101,195,3137920000,947200000,157910000,0,4019300000,8262330000,36,26,99,161,-12,-20,-2
"4_254",2885240000,5918860000,365140000,913650000,264050000,10346940000,36,39,87,162,3437320000,4610210000,271970000,1526470000,877220000,10723190000,18,28,68,114,-18,-11,-19
"4_255",3092230000,1360990000,118070000,4119180000,270840000,8961310000,42,36,90,168,1261830000,1752940000,322620000,10713880000,10804950000,24856220000,31,31,85,147,-11,-5,-5
"4_256",994640000,5904390000,574700000,606570000,621940000,8702240000,37,34,80,151,1128920000,3771580000,42200000,1471370000,2957670000,9371740000,23,31,69,123,-14,-3,-11
"4_257",67200000,564740000,78610000,658820000,3991950000,5361320000,50,45,108,203,937630000,1507730000,60110000,479250000,2305830000,5290550000,27,27,75,129,-23,-18,-33
"4_258",1170560000,7569290000,458130000,1804560000,108700000,11111240000,39,37,85,161,2596910000,5280910000,574440000,979360000,1313810000,10745430000,24,36,79,139,-15,-1,-6
"4_259",4985900000,4701270000,621760000,2846520000,786670000,13942120000,36,37,99,172,7288460000,132610000,27590000,0,2917790000,10366450000,26,21,72,119,-10,-16,-27
"4_260",6037220000,3276190000,516380000,1013510000,570250000,11413550000,46,45,94,185,3541970000,962180000,415590000,2402680000,3630010000,10952430000,25,21,74,120,-21,-24,-20
"4_261",11522170000,1814920000,141180000,0,3702580000,17180850000,47,36,92,175,1476900000,2510690000,207050000,1045210000,110800000,5350650000,25,43,81,149,-22,7,-11
"4_262",3969430000,2285730000,145740000,1249480000,1400270000,9050650000,44,44,94,182,3593780000,4399400000,434820000,1841610000,181780000,10451390000,22,38,73,133,-22,-6,-21
"4_263",3969110000,158250000,73960000,0,3126590000,7327910000,39,31,77,147,4069820000,4855400000,942140000,884270000,3075460000,13827090000,25,41,78,144,-14,10,1
"4_264",3547250000,4232680000,134890000,698190000,308150000,8921160000,45,46,114,205,2203670000,419030000,246600000,440550000,4455530000,7765380000,11,22,46,79,-34,-24,-68
"4_265",2702430000,2327530000,376440000,1552070000,1841800000,8800270000,41,39,87,167,187220000,2710980000,323980000,526650000,1656960000,5405790000,16,35,63,114,-25,-4,-24
"4_266",2268720000,4486030000,573830000,640390000,248290000,8217260000,46,33,79,158,2985870000,5777610000,301670000,789160000,868510000,10722820000,26,34,82,142,-20,1,3
"4_267",1794740000,1419360000,44370000,858580000,1193530000,5310580000,48,42,102,192,2914090000,4476300000,173270000,818430000,839150000,9221240000,18,32,66,116,-30,-10,-36
"4_268",820440000,4201570000,735290000,975190000,273760000,7006250000,38,30,80,148,1614190000,4161730000,190450000,432940000,2268820000,8668130000,24,19,63,106,-14,-11,-17
"4_269",4329100000,6725160000,301920000,1081410000,279340000,12716930000,44,42,92,178,2281850000,1865500000,160670000,47600000,4655740000,9011360000,31,24,85,140,-13,-18,-7
"4_270",2760090000,73240000,15660000,0,1579260000,4428250000,40,41,97,178,1575010000,4801150000,641240000,1084970000,295350000,8397720000,27,30,82,139,-13,-11,-15
"4_271",1745950000,7417980000,717270000,371380000,210160000,10462740000,44,42,89,175,3140700000,4153150000,839480000,1788030000,160010000,10081370000,29,46,87,162,-15,4,-2
"4_272",2787120000,6768160000,138700000,790560000,724860000,11209400000,38,30,76,144,6411640000,198890000,37920000,40090000,3683870000,10372410000,23,18,74,115,-15,-12,-2
"4_273",3787370000,7383370000,537560000,1979690000,244890000,13932880000,44,28,82,154,1689970000,5621970000,261670000,213850000,391020000,8178480000,19,18,66,103,-25,-10,-16
"4_274",3367450000,9462010000,590620000,1517010000,1515700000,16452790000,43,38,95,176,11553780000,806720000,169280000,15390000,3000490000,15545660000,34,30,80,144,-9,-8,-15
"4_275",584390000,1719810000,283550000,352930000,100230000,3040910000,48,39,99,186,1029760000,5761170000,1379430000,5023260000,1929660000,15123280000,25,44,76,145,-23,5,-23
"4_276",1.242e+09,2657170000,76200000,895370000,5791170000,10661910000,43,32,80,155,7931370000,2730570000,213040000,2876200000,3735640000,17486820000,20,31,66,117,-23,-1,-14
"4_277",4382370000,1087280000,170180000,253200000,4888480000,10781510000,44,34,90,168,4410330000,4271110000,537200000,797450000,330860000,10346950000,27,44,82,153,-17,10,-8
"4_278",1253640000,72120000,17900000,3e+05,7451450000,8795410000,44,34,92,170,2541840000,5147980000,382760000,628530000,1970730000,10671840000,21,34,75,130,-23,0,-17
"4_279",842230000,6575230000,257340000,432100000,2192810000,10299710000,46,44,102,192,6140400000,3585460000,1345550000,6832060000,2191500000,20094970000,31,22,83,136,-15,-22,-19
"4_280",2238270000,1876540000,280230000,724850000,220770000,5340660000,38,33,81,152,1044390000,1949250000,57070000,101240000,2364060000,5516010000,16,29,65,110,-22,-4,-16
"4_281",2204060000,3293180000,403580000,4344990000,206990000,10452800000,39,31,72,142,749550000,2781200000,310520000,262280000,4797520000,8901070000,24,30,85,139,-15,-1,13
"4_282",1570710000,58360000,3020000,0,7579630000,9211720000,48,42,101,191,4489590000,6323880000,689040000,3148140000,275550000,14926200000,20,33,57,110,-28,-9,-44
"4_283",2389150000,1667590000,222630000,896510000,174800000,5350680000,42,35,79,156,6513900000,1934420000,368710000,18860000,5357780000,14193670000,23,37,76,136,-19,2,-3
"4_284",849530000,3383560000,139500000,116800000,816150000,5305540000,48,30,89,167,3943260000,5423500000,241360000,854340000,799380000,11261840000,28,17,74,119,-20,-13,-15
"4_285",1378960000,2125100000,57290000,563410000,1190850000,5315610000,35,29,73,137,4862110000,2929970000,381200000,2760000,5243810000,13419850000,26,24,62,112,-9,-5,-11
"4_286",3172620000,8304230000,436710000,429470000,1041970000,1.3385e+10,49,47,119,215,10357960000,2391280000,237680000,7960000,3025100000,16019980000,26,18,66,110,-23,-29,-53
"4_287",1184990000,355200000,129910000,11110000,3348720000,5029930000,45,38,87,170,2002210000,5298550000,77110000,805850000,3596930000,11780650000,26,27,79,132,-19,-11,-8
"4_288",708420000,3392040000,504930000,115410000,3350770000,8071570000,43,26,77,146,480440000,3605400000,326600000,312950000,3736500000,8461890000,22,20,71,113,-21,-6,-6
"4_289",991170000,6185410000,316390000,728560000,895030000,9116560000,40,40,85,165,8824920000,1524140000,493500000,1920000,2993140000,13837620000,24,34,78,136,-16,-6,-7
"4_290",4404710000,5466570000,495410000,1622660000,682480000,12671830000,50,37,95,182,6238750000,511490000,136860000,10930000,3790700000,10688730000,23,21,63,107,-27,-16,-32
"4_291",1521400000,2945270000,181440000,414220000,107990000,5170320000,42,39,88,169,7765820000,3284440000,241720000,2740930000,12038400000,26071310000,24,23,83,130,-18,-16,-5
"4_292",7153260000,490580000,187450000,70730000,11189320000,19091340000,42,28,79,149,6223260000,4489070000,808920000,931840000,219080000,12672170000,26,26,73,125,-16,-2,-6
"4_293",459370000,3773140000,212280000,89870000,3542790000,8077450000,48,32,82,162,248090000,5980090000,1011320000,442100000,2257470000,9939070000,26,23,80,129,-22,-9,-2
"4_294",2760210000,5690900000,408930000,440460000,699810000,10000310000,43,42,98,183,8423630000,7131540000,567030000,1319630000,2541880000,19983710000,20,30,65,115,-23,-12,-33
"4_295",2347150000,5844360000,442090000,796610000,184400000,9614610000,43,40,95,178,2401530000,3796880000,323890000,1165890000,203410000,7891600000,11,25,59,95,-32,-15,-36
"4_296",2159800000,3156580000,107970000,617900000,8357010000,14399260000,47,45,102,194,4568590000,3583180000,688770000,847090000,654870000,10342500000,13,30,67,110,-34,-15,-35
"4_297",4726530000,1720000,19380000,2570000,2664600000,7414800000,45,40,84,169,2643860000,1449690000,303270000,1246050000,138290000,5781160000,24,22,72,118,-21,-18,-12
"4_298",4519700000,2.4e+07,5970000,148670000,5679280000,10377620000,38,29,79,146,1744580000,4477210000,109900000,1051500000,1697500000,9080690000,29,35,90,154,-9,6,11
"4_299",3581240000,5795320000,165670000,694340000,486620000,10723190000,45,48,100,193,4865560000,319480000,102140000,16680000,5080760000,10384620000,20,15,55,90,-25,-33,-45
"4_300",2567670000,5181540000,930110000,132510000,5516700000,14328530000,47,46,98,191,1838500000,866500000,129240000,233370000,4409970000,7477580000,25,35,81,141,-22,-11,-17
"4_301",8110660000,1472250000,224360000,34410000,5703300000,15544980000,41,38,86,165,3519230000,5329920000,398900000,1.015e+09,199600000,10462650000,31,21,85,137,-10,-17,-1
"4_302",3232580000,4348390000,192300000,414660000,561470000,8749400000,45,45,110,200,9500640000,4298860000,741830000,3193480000,1363490000,19098300000,23,23,74,120,-22,-22,-36
"4_303",797790000,2375010000,584210000,3833570000,1.51e+09,9100580000,44,38,84,166,2645180000,276340000,34980000,0,1882020000,4838520000,23,29,82,134,-21,-9,-2
"4_304",2161380000,0,2800000,57550000,8566720000,10788450000,45,35,91,171,2156120000,4280280000,179960000,1598470000,2562160000,10776990000,29,27,85,141,-16,-8,-6
"4_305",4608450000,2922400000,396010000,200800000,1891030000,10018690000,45,36,91,172,2524250000,7022590000,1336780000,481540000,1402040000,12767200000,23,35,77,135,-22,-1,-14
"4_306",731780000,4667040000,1321080000,1359750000,6330020000,14409670000,35,36,76,147,1803450000,3913300000,703360000,469680000,2065780000,8955570000,24,27,90,141,-11,-9,14
"4_307",1143630000,10743480000,144690000,21340000,2362870000,14416010000,40,32,74,146,950520000,3067300000,31040000,505610000,856330000,5410800000,27,18,70,115,-13,-14,-4
"4_308",2535370000,14305870000,197850000,586410000,4704280000,22329780000,44,34,97,175,8210100000,5950000,43360000,20600000,7.887e+09,16167010000,23,36,70,129,-21,2,-27
"4_309",4018570000,4255170000,643110000,1144890000,630890000,10692630000,43,31,72,146,2178170000,4460740000,520190000,498700000,273460000,7931260000,25,30,76,131,-18,-1,4
"4_310",5042730000,4990000,6610000,0,5783140000,10837470000,37,34,67,138,975640000,11404890000,3419340000,1831120000,1339900000,18970890000,25,22,72,119,-12,-12,5
"4_311",3604940000,7424080000,368280000,1547510000,384950000,13329760000,43,41,104,188,39860000,768310000,119400000,15700000,1556730000,2.5e+09,24,36,85,145,-19,-5,-19
"4_312",941190000,2974730000,98420000,179390000,2692940000,6886670000,35,29,58,122,2719960000,6748150000,604880000,2144060000,1474130000,13691180000,21,34,75,130,-14,5,17
"4_313",9267720000,35100000,31920000,29010000,7143860000,16507610000,42,37,98,177,4694230000,4952600000,2095290000,738350000,2638670000,15119140000,21,34,72,127,-21,-3,-26
"4_314",3442450000,5415440000,324610000,1093260000,186890000,10462650000,45,37,91,173,571250000,5398940000,453850000,268480000,3388700000,10081220000,29,30,90,149,-16,-7,-1
"4_315",7490960000,3367700000,958390000,140450000,6843280000,18800780000,42,40,89,171,3228210000,4764020000,292730000,177480000,613800000,9076240000,26,20,72,118,-16,-20,-17
"4_316",9106750000,1415130000,61760000,290000,4236920000,14820850000,43,36,93,172,14090640000,204840000,94320000,17450000,5964560000,20371810000,16,12,53,81,-27,-24,-40
"4_317",2680190000,8238250000,578910000,1060280000,249840000,12807470000,47,50,107,204,4359590000,69870000,18150000,0,1939500000,6387110000,33,34,89,156,-14,-16,-18
"4_318",392610000,2072550000,170100000,362220000,8979230000,11976710000,45,38,87,170,6948800000,2463380000,397260000,0,2275580000,12085020000,25,34,71,130,-20,-4,-16
"4_319",366070000,3656860000,302420000,858210000,167120000,5350680000,42,30,78,150,2803360000,1554850000,225840000,456930000,465010000,5505990000,29,27,77,133,-13,-3,-1
"4_320",5442290000,3014090000,338360000,1026460000,876970000,10698170000,35,34,77,146,2510780000,1315910000,266790000,2799630000,9393990000,16287100000,21,16,61,98,-14,-18,-16
"4_321",2499620000,248790000,9410000,0,4772240000,7530060000,42,40,97,179,1754270000,6378360000,794350000,2541720000,5004610000,16473310000,35,30,93,158,-7,-10,-4
"4_322",8268390000,1754880000,180440000,7980000,1724220000,11935910000,44,41,91,176,2538550000,4304730000,290540000,1558150000,185270000,8877240000,27,34,90,151,-17,-7,-1
"4_323",1415760000,2679240000,313780000,550340000,75510000,5034630000,38,32,69,139,1603780000,9339720000,112540000,1672220000,2476680000,15204940000,25,33,81,139,-13,1,12
"4_324",2842960000,4754770000,175800000,2378080000,295990000,10447600000,41,30,80,151,4376370000,5295530000,1900340000,1522480000,266670000,13361390000,22,34,73,129,-19,4,-7
"4_325",4170180000,5210440000,424830000,677090000,215670000,10698210000,46,44,111,201,7700170000,1195240000,49810000,870000,2158040000,11104130000,33,32,88,153,-13,-12,-23
"4_326",2376040000,3.81e+09,249390000,1264120000,2410410000,10109960000,39,27,68,134,5189920000,92560000,20430000,32510000,2598220000,7933640000,22,37,69,128,-17,10,1
"4_327",8597920000,147270000,71030000,32190000,4834970000,13683380000,39,41,82,162,4485430000,6819630000,438590000,1423940000,402740000,13570330000,31,42,89,162,-8,1,7
"4_328",2117190000,2068930000,115160000,517090000,4307460000,9125830000,45,33,87,165,7659730000,7815170000,385560000,951130000,1026640000,17838230000,20,33,74,127,-25,0,-13
"4_329",608420000,4178350000,184440000,377800000,3682290000,9031300000,46,37,90,173,1333020000,3781640000,255290000,672580000,6815680000,12858210000,26,34,77,137,-20,-3,-13
"4_330",236810000,4737060000,340990000,367580000,5239990000,10922430000,42,38,93,173,3578580000,6671610000,455290000,586440000,1104790000,12396710000,30,50,89,169,-12,12,-4
"4_331",1419440000,3598090000,207130000,3636410000,105050000,8966120000,43,28,70,141,8320050000,430630000,31520000,0,2239220000,11021420000,30,37,80,147,-13,9,10
"4_332",3377660000,5591740000,557650000,423070000,126070000,10076190000,37,20,63,120,1357470000,3493790000,797970000,177860000,3344780000,9171870000,32,31,101,164,-5,11,38
"4_333",2734490000,10235080000,574390000,367940000,286590000,14198490000,44,41,90,175,1370420000,2272760000,94800000,430110000,1202610000,5370700000,34,28,93,155,-10,-13,3
"4_334",1566220000,314590000,176460000,3534240000,12224360000,17815870000,41,34,71,146,5755320000,787640000,380880000,3280290000,7346800000,17550930000,25,36,76,137,-16,2,5
"4_335",2276990000,364090000,20870000,5180000,6128920000,8796050000,45,41,96,182,3226880000,4471260000,384540000,132340000,8247080000,16462100000,27,25,76,128,-18,-16,-20
"4_336",1480450000,6095960000,534330000,6515580000,2215840000,16842160000,46,43,94,183,647540000,4299270000,1022750000,588320000,927060000,7484940000,13,10,50,73,-33,-33,-44
"4_337",1801580000,5223140000,215070000,3004970000,211620000,10456380000,40,38,80,158,1066180000,2071100000,1694010000,2858120000,3396270000,11085680000,28,34,83,145,-12,-4,3
"4_338",2521560000,7467400000,1021450000,2084190000,330350000,13424950000,40,40,88,168,2529650000,6403130000,812430000,1051930000,350330000,11147470000,24,33,82,139,-16,-7,-6
"4_339",1441010000,1891960000,100830000,583770000,484720000,4502290000,37,35,77,149,3012800000,4881540000,1077660000,1374730000,366410000,10713140000,23,23,77,123,-14,-12,0
"4_340",2570850000,4366210000,1527730000,529110000,658090000,9651990000,40,38,87,165,1398230000,6658780000,741250000,1007700000,643530000,10449490000,31,29,88,148,-9,-9,1
"4_341",1242500000,6809910000,460460000,1414280000,755500000,10682650000,33,30,69,132,2442670000,3884020000,1251110000,2140040000,363600000,10081440000,30,36,83,149,-3,6,14
"4_342",5774740000,1658700000,560240000,151500000,6382880000,14528060000,44,48,106,198,691910000,1323060000,173200000,195460000,85510000,2469140000,19,31,64,114,-25,-17,-42
"4_343",3061770000,5706390000,210740000,805160000,2640110000,12424170000,35,27,71,133,4018710000,1249010000,129300000,1380250000,5499910000,12277180000,23,42,66,131,-12,15,-5
"4_344",4670810000,1779300000,145900000,1963580000,1888040000,10447630000,40,39,91,170,4366240000,4958060000,261690000,876330000,3997530000,14459850000,24,23,77,124,-16,-16,-14
"4_345",3145910000,3097010000,267910000,609260000,551980000,7672070000,39,30,69,138,3074350000,12557510000,1008100000,1447460000,348950000,18436370000,15,30,67,112,-24,0,-2
"4_346",9710940000,117930000,30030000,19510000,7873040000,17751450000,45,39,95,179,2298330000,2902050000,565330000,4470750000,216100000,10452560000,22,18,62,102,-23,-21,-33
"4_347",3594400000,11340000,1620000,560000,7536260000,11144180000,42,34,84,160,482240000,8796700000,259990000,297680000,931210000,10767820000,14,29,62,105,-28,-5,-22
"4_348",2984740000,4094720000,180660000,1749730000,449360000,9459210000,46,44,106,196,5878470000,2859640000,870870000,20440000,8938150000,18567570000,20,25,71,116,-26,-19,-35
"4_349",3727580000,12112880000,357420000,411770000,7911150000,24520800000,49,37,95,181,611940000,2394980000,93720000,1267280000,1032860000,5400780000,29,35,84,148,-20,-2,-11
"4_350",1349850000,3049190000,120810000,786560000,54290000,5360700000,41,40,88,169,2370140000,4590270000,738500000,183830000,4159940000,12042680000,30,21,79,130,-11,-19,-9
"4_351",2458170000,545870000,206540000,2500880000,4368660000,10080120000,43,35,83,161,58240000,2071090000,148560000,320000,3399340000,5677550000,22,17,64,103,-21,-18,-19
"4_352",621290000,2425540000,100700000,865570000,1287420000,5300520000,47,35,87,169,2892400000,6071940000,540830000,665140000,166980000,10337290000,23,16,60,99,-24,-19,-27
"4_353",2225830000,6857810000,861040000,547960000,318780000,10811420000,47,42,102,191,843360000,4252360000,1019700000,3631010000,3090810000,12837240000,29,35,84,148,-18,-7,-18
"4_354",2992350000,7803160000,128650000,364920000,3168140000,14457220000,45,39,102,186,4322950000,2172280000,380130000,712970000,1377700000,8966030000,21,35,72,128,-24,-4,-30
"4_355",4683590000,231520000,6760000,36930000,8884030000,13842830000,36,45,83,164,2619680000,4011950000,443820000,282540000,2626080000,9984070000,24,38,83,145,-12,-7,0
"4_356",9148400000,3794320000,839440000,3626160000,1689980000,19098300000,42,34,84,160,2056830000,4106100000,1124610000,1382290000,295480000,8965310000,16,28,54,98,-26,-6,-30
"4_357",5132690000,11656070000,179510000,661520000,2043270000,19673060000,46,34,93,173,6774360000,1706650000,333810000,0,3088370000,11903190000,25,23,80,128,-21,-11,-13
"4_358",4704210000,4203460000,462800000,2817230000,2054960000,14242660000,38,41,73,152,1130040000,8315520000,160610000,2910510000,2969920000,15486600000,23,34,77,134,-15,-7,4
"4_359",5927960000,5165640000,172720000,791310000,477520000,12535150000,44,49,108,201,5026690000,6366440000,968150000,2016990000,195830000,14574100000,21,15,58,94,-23,-34,-50
"4_360",2511730000,1047270000,560630000,244540000,4184740000,8548910000,44,39,98,181,1370270000,8912340000,791410000,2500270000,845370000,14419660000,26,19,74,119,-18,-20,-24
"4_361",2044610000,4041330000,393600000,343660000,3395980000,10219180000,37,23,68,128,434100000,2535580000,238120000,2539640000,29080000,5776520000,23,36,85,144,-14,13,17
"4_362",5521130000,1148530000,154370000,631970000,2876550000,10332550000,35,34,73,142,5850050000,2059200000,448990000,1301950000,677340000,10337530000,21,31,67,119,-14,-3,-6
"4_363",2775850000,909020000,104980000,1137440000,248030000,5175320000,45,44,97,186,347370000,184390000,310590000,3532670000,4520230000,8895250000,31,45,86,162,-14,1,-11
"4_364",1767040000,6438920000,651110000,914650000,376770000,10148490000,36,31,71,138,4345120000,4154610000,646590000,161230000,763010000,10070560000,32,26,83,141,-4,-5,12
"4_365",1494770000,122600000,51050000,0,1950970000,3619390000,46,42,88,176,3646450000,3282760000,152110000,409310000,1755530000,9246160000,30,33,82,145,-16,-9,-6
"4_366",790280000,2982410000,598910000,6825690000,7098540000,18295830000,35,28,62,125,2763140000,8066630000,1318610000,297340000,266550000,12712270000,25,24,76,125,-10,-4,14
"4_367",4837030000,2618670000,287130000,3481440000,6443880000,17668150000,45,42,103,190,2493510000,651100000,63770000,9920000,11080580000,14298880000,20,36,73,129,-25,-6,-30
"4_368",1773440000,7858020000,283380000,741980000,341900000,10998720000,44,37,97,178,4121960000,370310000,112580000,520000,4832390000,9437760000,12,23,36,71,-32,-14,-61
"4_369",6630120000,21120000,2420000,350000,4466910000,11120920000,41,38,88,167,4909050000,2723450000,2790990000,3169060000,683540000,14276090000,22,19,73,114,-19,-19,-15
"4_370",5042610000,35870000,8820000,287950000,7328210000,12703460000,44,36,85,165,353480000,2569500000,396390000,2584080000,2892410000,8795860000,23,31,70,124,-21,-5,-15
"4_371",4963220000,3647490000,212580000,194390000,1344290000,10361970000,40,37,90,167,2147650000,484020000,896590000,3555700000,8501800000,15585760000,26,21,70,117,-14,-16,-20
"4_372",5076390000,3031830000,119290000,576830000,2274050000,11078390000,49,42,106,197,6850970000,5181440000,842470000,2958620000,196640000,16030140000,23,36,78,137,-26,-6,-28
"4_373",774240000,5976750000,1016700000,4335450000,1734230000,13837370000,39,40,80,159,626300000,6644910000,410340000,501630000,298750000,8481930000,17,27,60,104,-22,-13,-20
"4_374",991020000,3080000,1160000,0,1504740000,2.5e+09,40,42,94,176,315370000,1737030000,48480000,145470000,3044210000,5290560000,21,18,64,103,-19,-24,-30
"4_375",1832080000,1910700000,91490000,422480000,1103950000,5360700000,41,34,89,164,5032200000,6070630000,526760000,955960000,1486800000,14072350000,25,35,83,143,-16,1,-6
"4_376",900160000,5775550000,529460000,88150000,2788140000,10081460000,32,33,76,141,484520000,2419740000,509280000,1388180000,4168760000,8970480000,23,21,77,121,-9,-12,1
"4_377",2661330000,5387160000,443680000,611750000,338240000,9442160000,37,31,76,144,4893830000,7494810000,586400000,318350000,1836280000,15129670000,31,24,88,143,-6,-7,12
"4_378",4667710000,2190280000,398980000,79250000,6127750000,13463970000,39,39,96,174,2702690000,5807340000,815840000,685040000,336010000,10346920000,24,24,76,124,-15,-15,-20
"4_379",4338400000,4728150000,345260000,726550000,199140000,10337500000,44,33,80,157,3778040000,7454190000,1503370000,600060000,751540000,14087200000,30,49,88,167,-14,16,8
"4_380",3826420000,7133580000,1321270000,3081850000,326320000,15689440000,40,45,105,190,7945890000,86780000,27750000,9740000,5117020000,13187180000,27,35,81,143,-13,-10,-24
"4_381",2713910000,3408820000,84900000,387720000,4432880000,11028230000,45,33,88,166,892130000,1755180000,72360000,138510000,1021130000,3879310000,25,19,73,117,-20,-14,-15
"4_382",2929880000,4779360000,686890000,1287530000,397860000,10081520000,46,42,91,179,2344570000,2873210000,467090000,498160000,4060360000,10243390000,24,34,77,135,-22,-8,-14
"4_383",6712750000,1812250000,274210000,730000,2876100000,11676040000,38,45,106,189,6382420000,2463700000,332990000,3261480000,2844820000,15285410000,20,39,65,124,-18,-6,-41
"4_384",4203670000,1163670000,775810000,1381650000,2557010000,10081810000,32,30,74,136,1406530000,3035800000,137870000,282830000,382430000,5245460000,27,33,88,148,-5,3,14
"4_385",1724970000,386470000,282560000,1203630000,1452450000,5050080000,43,42,98,183,283880000,4649270000,750110000,1.443e+09,1974440000,9100700000,21,22,64,107,-22,-20,-34
"4_386",1102870000,3523450000,642170000,4561090000,5196580000,15026160000,41,28,82,151,1207930000,969760000,155970000,111770000,8212340000,10657770000,20,30,74,124,-21,2,-8
"4_387",3588110000,81730000,20440000,80950000,5122040000,8893270000,38,35,89,162,2818720000,4576890000,293220000,256330000,742190000,8687350000,21,22,76,119,-17,-13,-13
"4_388",1727230000,9320000,2360000,0,3316180000,5055090000,45,30,79,154,1560810000,3117720000,40500000,358480000,413450000,5490960000,28,33,82,143,-17,3,3
"4_389",6056490000,5565620000,600550000,234840000,941890000,13399390000,42,38,94,174,2415840000,106370000,73490000,22390000,2767640000,5385730000,23,26,79,128,-19,-12,-15
"4_390",6161670000,3553060000,420640000,754010000,340210000,11229590000,41,43,92,176,2366050000,714620000,141310000,35210000,2078430000,5335620000,22,35,76,133,-19,-8,-16
"4_391",2844170000,5767330000,1150620000,501460000,423290000,10686870000,46,33,76,155,1822340000,184930000,96550000,569060000,310020000,2982900000,29,41,84,154,-17,8,8
"4_392",6900760000,474380000,28180000,0,3618140000,11021460000,50,35,96,181,8754060000,3990000,13450000,0,4151700000,12923200000,15,26,75,116,-35,-9,-21
"4_393",2131570000,5436960000,319990000,1307740000,222730000,9418990000,34,30,70,134,1017680000,880940000,84740000,381270000,479280000,2843910000,28,23,79,130,-6,-7,9
"4_394",4198790000,6527970000,412550000,974940000,493630000,12607880000,30,15,42,87,1657370000,2696480000,382430000,55810000,3763160000,8555250000,21,20,68,109,-9,5,26
"4_395",933970000,2449990000,410060000,179500000,4290890000,8264410000,41,23,59,123,4396880000,2440350000,558300000,2583810000,102240000,10081580000,12,20,40,72,-29,-3,-19
"4_396",3854750000,6193370000,58660000,768780000,3588480000,14464040000,46,41,103,190,3484190000,4217570000,197980000,1801720000,3110910000,12812370000,23,35,75,133,-23,-6,-28
"4_397",4186860000,480910000,39950000,51730000,9408860000,14168310000,33,21,54,108,1754040000,7355190000,804730000,347170000,201610000,10462740000,26,20,71,117,-7,-1,17
"4_398",4419290000,4783970000,389010000,1419380000,178320000,11189970000,42,36,87,165,4227380000,6610150000,707150000,167260000,2071770000,13783710000,23,27,83,133,-19,-9,-4
"4_399",6650440000,3761390000,551180000,1050850000,6763540000,18777400000,39,45,83,167,415760000,2714330000,706370000,2346770000,4647250000,10830480000,30,22,68,120,-9,-23,-15
"4_400",8885320000,581460000,102080000,13510000,6377100000,15959470000,43,38,95,176,2072830000,252600000,362580000,683030000,1663860000,5034900000,21,30,78,129,-22,-8,-17
"4_401",269510000,977840000,129870000,1833230000,6086640000,9297090000,40,31,77,148,428750000,369760000,419760000,3190700000,5289960000,9698930000,16,31,65,112,-24,0,-12
"4_402",6270370000,2519850000,278960000,362170000,3071930000,12503280000,47,40,97,184,703870000,5253370000,1009860000,3454320000,401970000,10823390000,25,34,78,137,-22,-6,-19
"4_403",1299250000,2208480000,84230000,334780000,1423910000,5350650000,38,35,83,156,274800000,2345770000,1137540000,1532460000,120210000,5410780000,27,26,92,145,-11,-9,9
"4_404",3130960000,7194520000,923390000,35800000,4368960000,15653630000,41,31,83,155,560240000,2357850000,227070000,36580000,2173920000,5355660000,27,29,96,152,-14,-2,13
"4_405",3767170000,4989920000,232240000,1082600000,275610000,10347540000,39,26,62,127,5073290000,2719060000,339630000,1043300000,1908160000,11083440000,23,35,79,137,-16,9,17
"4_406",10093350000,483220000,148030000,15020000,5023960000,15763580000,48,36,85,169,6495960000,71530000,19870000,0,2674190000,9261550000,22,33,79,134,-26,-3,-6
"4_407",577880000,3914410000,262400000,312340000,3363120000,8430150000,44,36,93,173,1294930000,5658710000,449350000,889730000,4060190000,12352910000,25,21,82,128,-19,-15,-11
"4_408",1863390000,1562660000,692040000,234500000,3840210000,8192800000,39,32,78,149,15690000,31970000,80750000,5970000,1604950000,1739330000,31,25,79,135,-8,-7,1
"4_409",6556590000,51490000,22850000,410000,4502650000,11133990000,43,39,92,174,208980000,301740000,34870000,988470000,5979530000,7513590000,30,27,89,146,-13,-12,-3
"4_410",1798740000,7204080000,1275850000,1725810000,3123250000,15127730000,47,40,100,187,442720000,5475870000,511430000,871360000,4338690000,11640070000,25,30,86,141,-22,-10,-14
"4_411",7903790000,1010370000,167310000,97940000,1178170000,10357580000,43,31,90,164,25210000,97290000,4470000,29010000,1740000,157720000,28,40,80,148,-15,9,-10
"4_412",4756520000,5212570000,2729050000,2172300000,246650000,15117090000,40,39,97,176,2587850000,933870000,92010000,714380000,5697720000,10025830000,32,38,97,167,-8,-1,0
"4_413",3653190000,5223890000,530130000,732840000,112210000,10252260000,39,42,85,166,4445910000,5260030000,406450000,267650000,2151130000,12531170000,22,35,73,130,-17,-7,-12
"4_414",4027450000,3464660000,221560000,517900000,1649540000,9881110000,43,43,98,184,2181040000,6690170000,406390000,1109340000,326200000,10713140000,26,28,83,137,-17,-15,-15
"4_415",1486890000,10338540000,904860000,773820000,333040000,13837150000,43,34,84,161,4243910000,3113320000,899890000,430550000,5252930000,13940600000,22,33,72,127,-21,-1,-12
"4_416",1899370000,145260000,17260000,27620000,6831900000,8921410000,40,29,75,144,2490130000,988280000,376610000,1168470000,1369360000,6392850000,30,34,88,152,-10,5,13
"4_417",3348770000,4442800000,1010420000,1990200000,228170000,11020360000,44,32,73,149,3222510000,5535780000,475460000,924670000,177110000,10335530000,23,34,78,135,-21,2,5
"4_418",5552530000,1403180000,361300000,1754690000,758890000,9830590000,37,29,71,137,3346150000,4874940000,651480000,1078700000,747010000,10698280000,19,28,77,124,-18,-1,6
"4_419",8053330000,3506420000,557520000,880000,4589910000,16708060000,36,32,70,138,818340000,4168200000,533200000,1201620000,214070000,6935430000,16,24,74,114,-20,-8,4
"4_420",9386710000,1702920000,238270000,35300000,2750480000,14113680000,35,32,68,135,7025500000,91200000,10690000,5310000,3082110000,10214810000,26,34,81,141,-9,2,13
"4_421",7052760000,1082960000,372760000,2992630000,4273180000,15774290000,44,42,92,178,683270000,2892950000,547220000,4070810000,6105740000,14299990000,23,39,73,135,-21,-3,-19
"4_422",9112120000,821270000,121630000,510000,4673760000,14729290000,40,39,74,153,3837020000,2606820000,789640000,1029340000,808280000,9071100000,32,28,86,146,-8,-11,12
"4_423",1788490000,3345370000,436670000,498030000,1852810000,7921370000,38,34,75,147,511320000,4271180000,525270000,452620000,5040840000,10801230000,25,37,75,137,-13,3,0
"4_424",3635020000,3049660000,134090000,760640000,1666750000,9246160000,34,31,68,133,834730000,5140530000,3176030000,2539250000,3688850000,15379390000,21,39,79,139,-13,8,11
"4_425",1843740000,904830000,54340000,351190000,10696420000,13850520000,44,35,97,176,1249370000,30580000,6440000,0,12919710000,14206100000,28,18,75,121,-16,-17,-22
"4_426",3598790000,3302720000,142750000,678140000,714580000,8436980000,43,41,92,176,2037570000,3808470000,310040000,517340000,8234820000,14908240000,22,31,66,119,-21,-10,-26
"4_427",1926710000,512170000,77300000,8620000,9319180000,11843980000,44,28,81,153,7217160000,106900000,12460000,0,3787480000,1.1124e+10,25,29,81,135,-19,1,0
"4_428",1277700000,5365280000,481660000,3476870000,101630000,10703140000,40,38,94,172,3762060000,5104330000,377440000,780790000,698570000,10723190000,28,27,83,138,-12,-11,-11
"4_429",1109420000,1090740000,126330000,2804230000,104730000,5235450000,38,32,79,149,2238250000,5061010000,477110000,1337500000,315750000,9429620000,24,35,72,131,-14,3,-7
"4_430",4794800000,1701430000,211910000,0,6949120000,13657260000,38,33,73,144,1683790000,5433190000,150700000,663300000,1028660000,8959640000,30,22,68,120,-8,-11,-5
"4_431",4154840000,4005260000,1198950000,467950000,254600000,10081600000,45,38,96,179,2487310000,7320710000,2848300000,3045640000,868360000,16570320000,30,22,88,140,-15,-16,-8
"4_432",1191470000,3307380000,154960000,500280000,78990000,5233080000,46,38,93,177,3189340000,5098010000,704930000,1012880000,336730000,10341890000,28,19,75,122,-18,-19,-18
"4_433",1281480000,180770000,17810000,970000,3548740000,5029770000,47,31,77,155,1807090000,132870000,50180000,773300000,285680000,3049120000,19,33,66,118,-28,2,-11
"4_434",2700320000,1208800000,118530000,420000,6019740000,10047810000,38,36,87,161,1648960000,2459840000,364250000,490050000,212230000,5175330000,35,23,89,147,-3,-13,2
"4_435",2175110000,273330000,33790000,20120000,11145970000,13648320000,45,45,90,180,3539840000,1132570000,146900000,21990000,5520610000,10361910000,24,20,76,120,-21,-25,-14
"4_436",3319070000,3679350000,693860000,1803100000,584910000,10080290000,43,35,98,176,3314850000,2874680000,182450000,538900000,7488380000,14399260000,29,35,92,156,-14,0,-6
"4_437",1623510000,562990000,22450000,0,6591720000,8800670000,31,31,70,132,933470000,3856330000,1517770000,5974920000,9741150000,22023640000,33,32,100,165,2,1,30
"4_438",1415540000,3e+05,620000,103590000,4005970000,5526020000,46,38,96,180,1135530000,8436790000,641500000,156130000,2186980000,12556930000,27,23,74,124,-19,-15,-22
"4_439",1390610000,2097650000,8910000,114910000,1738590000,5350670000,38,31,83,152,6531510000,2652770000,208130000,920000,1.568e+09,10961330000,32,39,95,166,-6,8,12
"4_440",4417420000,7683280000,961900000,608730000,165630000,13836960000,43,40,89,172,3561040000,3853560000,986800000,1934540000,632540000,10968480000,9,19,50,78,-34,-21,-39
"4_441",2229290000,477460000,20790000,0,7013340000,9740880000,43,35,88,166,7403340000,547550000,63710000,0,1731610000,9746210000,40,28,97,165,-3,-7,9
"4_442",3065440000,4466070000,62550000,1485330000,3838250000,12917640000,38,41,83,162,623830000,6642090000,115300000,1001940000,792910000,9176070000,15,26,73,114,-23,-15,-10
"4_443",9558660000,1042630000,192530000,0,3987200000,14781020000,53,46,109,208,7235450000,2524770000,601560000,2069140000,491460000,12922380000,23,24,80,127,-30,-22,-29
"4_444",7701720000,629280000,80530000,0,2687570000,11099100000,44,36,92,172,5101920000,4645680000,251500000,438300000,5683320000,16120720000,19,29,75,123,-25,-7,-17
"4_445",4923130000,56720000,17710000,0,9559930000,14557490000,45,38,90,173,687970000,1453200000,38220000,158310000,138800000,2476500000,22,25,83,130,-23,-13,-7
"4_446",3262200000,4543450000,1080560000,1054870000,135240000,10076320000,40,46,97,183,3762030000,7262440000,494130000,1577260000,233900000,13329760000,26,34,80,140,-14,-12,-17
"4_447",1016890000,3206350000,357080000,561170000,209190000,5350680000,39,42,92,173,2088370000,5516080000,231280000,229630000,1657950000,9723310000,25,22,84,131,-14,-20,-8
"4_448",3713810000,3606580000,1128940000,1094430000,537820000,10081580000,42,40,92,174,2169170000,360940000,142980000,12440000,7997260000,10682790000,26,34,82,142,-16,-6,-10
"4_449",2199330000,260470000,50190000,4170000,6281770000,8795930000,39,33,87,159,748630000,3946530000,367550000,227240000,3568330000,8858280000,17,30,65,112,-22,-3,-22
"4_450",3533310000,5666530000,230010000,768060000,860460000,11058370000,40,42,87,169,307520000,2721220000,171680000,90680000,3500390000,6791490000,21,27,85,133,-19,-15,-2
"4_451",7042680000,730640000,145950000,510000,3179160000,11098940000,41,33,85,159,4.438e+09,3211370000,410530000,1888230000,389210000,10337340000,33,42,89,164,-8,9,4
"16_001",2954070000,10433980000,4385060000,2.1675e+10,11109850000,50557960000,41,48,95,184,6879320000,11490500000,1267690000,1512860000,7534700000,28685070000,27,45,84,156,-14,-3,-11
"16_002",8881680000,4402390000,294770000,3602790000,1.3951e+10,31132630000,57,59,131,247,9071650000,13630230000,831180000,2802550000,2271240000,28606850000,28,38,88,154,-29,-21,-43
"16_003",19574150000,51350000,76260000,71540000,25611270000,45384570000,46,37,93,176,15298840000,23060610000,1468740000,6411550000,27096650000,73336390000,29,32,84,145,-17,-5,-9
"16_004",41018120000,13095410000,2500260000,1454570000,28575970000,86644330000,49,39,94,182,10759250000,16589800000,2189360000,5544040000,1200190000,36282640000,34,24,83,141,-15,-15,-11
"16_005",18946470000,30372560000,6410170000,6086490000,894610000,62710300000,45,43,103,191,17509530000,27810620000,3452780000,4617690000,1627510000,55018130000,39,30,96,165,-6,-13,-7
"16_006",11337080000,17853170000,425100000,4846560000,15189630000,49651540000,40,42,87,169,12608970000,22467660000,1396930000,2210500000,17013420000,55697480000,31,34,84,149,-9,-8,-3
"16_007",1753100000,4768650000,1369830000,15073310000,22444370000,45409260000,47,47,108,202,27857050000,25627670000,1690050000,6788240000,7265750000,69228760000,33,27,97,157,-14,-20,-11
"16_008",5652580000,13495170000,448220000,1411470000,5466150000,26473590000,50,45,114,209,5442850000,7662820000,576380000,593130000,6239050000,20514230000,32,40,88,160,-18,-5,-26
"16_009",6600660000,27381840000,444730000,976110000,18094170000,53497510000,43,40,89,172,15370890000,7586550000,509680000,4756340000,16098150000,44321610000,24,33,90,147,-19,-7,1
"16_010",9284270000,28393020000,3833330000,12779980000,9702670000,63993270000,46,44,110,200,16018850000,10501160000,3290070000,7812530000,7842630000,45465240000,31,31,87,149,-15,-13,-23
"16_011",22714440000,18385320000,2708970000,4343050000,2569960000,50721740000,44,38,101,183,10908330000,25286740000,3559080000,10801740000,12781200000,63337090000,35,41,93,169,-9,3,-8
"16_012",10510480000,12606960000,610620000,3662940000,18024210000,45415210000,46,40,101,187,2913290000,4772180000,1544370000,25061850000,38211280000,72502970000,31,20,81,132,-15,-20,-20
"16_013",10785180000,6118470000,675020000,1640000,9602090000,27182400000,51,43,110,204,12285880000,26643970000,2611610000,3804040000,1485390000,46830890000,27,26,90,143,-24,-17,-20
"16_014",16721920000,19553100000,1625160000,6759650000,13157820000,57817650000,47,42,109,198,4903270000,6443220000,521430000,198650000,12905020000,24971590000,33,27,101,161,-14,-15,-8
"16_015",8683730000,19741970000,1200210000,4263200000,701450000,34590560000,51,49,106,206,20265610000,223770000,59640000,20000,49511810000,70060850000,34,42,92,168,-17,-7,-14
"16_016",27184460000,834760000,312730000,137190000,22318070000,50787210000,50,38,103,191,14339770000,33870990000,3854360000,6434430000,6273620000,64773170000,24,43,81,148,-26,5,-22
"16_017",1.454e+09,5611380000,1197800000,24932450000,30706990000,63902620000,46,40,106,192,20039860000,24608350000,2271940000,5244930000,7018260000,59183340000,25,37,90,152,-21,-3,-16
"16_018",8136700000,4639610000,415380000,1077140000,9233630000,23502460000,41,41,106,188,12596610000,17663660000,1318290000,869190000,8016050000,40463800000,26,33,95,154,-15,-8,-11
"16_019",13476170000,3730440000,504270000,360000,6910550000,24621790000,42,29,80,151,12274970000,5214560000,1203080000,1876050000,22259320000,42827980000,27,42,85,154,-15,13,5
"16_020",14400200000,468330000,69460000,969880000,46662320000,62570190000,48,50,109,207,3402200000,18147750000,3610570000,12542200000,13344660000,51047380000,35,46,93,174,-13,-4,-16
"16_021",6043030000,15388230000,692160000,1383780000,1273080000,24780280000,45,41,101,187,12891920000,16781290000,1446520000,2395060000,10074620000,43589410000,33,30,99,162,-12,-11,-2
"16_022",24116070000,567830000,78170000,1300000,19117320000,43880690000,51,46,117,214,10652400000,15601440000,1125950000,2333550000,2972690000,32686030000,35,32,105,172,-16,-14,-12
"16_023",5276910000,31489990000,5707950000,5680490000,7759240000,55914580000,51,52,126,229,1677780000,9937990000,276090000,384310000,5995170000,18271340000,27,44,82,153,-24,-8,-44
"16_024",3239490000,25325940000,5970130000,6390580000,12861360000,53787500000,46,38,97,181,2680990000,23726370000,2182140000,1434730000,24747160000,54771390000,33,42,88,163,-13,4,-9
"16_025",11113490000,3901080000,427100000,290000,10698010000,26139970000,43,34,92,169,39397980000,3063100000,392880000,870000,14404190000,57259020000,31,52,94,177,-12,18,2
"16_026",17115770000,23430470000,1411380000,4388030000,20008070000,66353720000,53,39,98,190,21449320000,18630920000,3313050000,9515030000,624080000,53532400000,34,38,92,164,-19,-1,-6
"16_027",15969440000,34377440000,5431230000,4034540000,1918750000,61731400000,43,42,94,179,21828520000,3668460000,569430000,583180000,12868270000,39517860000,35,35,96,166,-8,-7,2
"16_028",14092130000,28355380000,1268940000,6578350000,63901690000,114196490000,47,34,95,176,23312150000,271090000,53740000,247100000,18619670000,42503750000,36,35,98,169,-11,1,3
"16_029",3211840000,24938400000,2320270000,4878020000,21359470000,5.6708e+10,48,47,109,204,17139320000,2127990000,742970000,2630000,13796270000,33809180000,37,25,97,159,-11,-22,-12
"16_030",11862840000,19124380000,1372510000,2709790000,665310000,35734830000,49,44,105,198,6787260000,2778980000,1497790000,10769560000,50702140000,72535730000,39,35,101,175,-10,-9,-4
"16_031",14305990000,22990530000,1165090000,2281160000,2927420000,43670190000,52,51,107,210,6395270000,1145220000,254110000,23320000,21688760000,29506680000,32,31,92,155,-20,-20,-15
"16_032",5109460000,22387360000,2081020000,14343800000,11814850000,55736490000,48,44,109,201,8096470000,804860000,104500000,255850000,32650510000,41912190000,33,35,89,157,-15,-9,-20
"16_033",12571360000,28879440000,1510530000,2426660000,31814850000,77202840000,48,48,104,200,9385100000,589030000,202700000,520000,11421720000,21599070000,30,43,84,157,-18,-5,-20
"16_034",18739590000,16975380000,1908990000,3562130000,1839880000,43025970000,48,36,97,181,16772450000,20062910000,3224090000,3966630000,1851720000,45877800000,28,35,84,147,-20,-1,-13
"16_035",5084010000,2200760000,256960000,8149070000,46402760000,62093560000,50,43,103,196,23068360000,33228410000,4366660000,7981900000,4221540000,72866870000,24,42,74,140,-26,-1,-29
"16_036",18175980000,11259360000,1846560000,5033810000,14262490000,50578200000,46,47,110,203,4677960000,9653260000,850850000,1036830000,12341080000,28559980000,35,32,94,161,-11,-15,-16
"16_037",7303490000,22101480000,1886430000,5208920000,12644370000,49144690000,41,40,97,178,9437330000,37317200000,6515490000,6694910000,6135700000,66100630000,38,33,96,167,-3,-7,-1
"16_038",15202740000,12708430000,1330280000,22381760000,1791670000,53414880000,47,42,100,189,27431910000,9876650000,1328860000,8790000,13632080000,52278290000,16,29,71,116,-31,-13,-29
"16_039",42138920000,1911300000,464080000,104780000,27167820000,71786900000,41,33,84,158,13297950000,16371930000,840620000,2611260000,11882690000,45004450000,21,38,73,132,-20,5,-11
"16_040",9696580000,20176800000,1564530000,4896130000,20749720000,57083760000,51,40,100,191,1.8896e+10,17526930000,4013200000,16118310000,2105240000,58659680000,39,37,102,178,-12,-3,2
"16_041",2190690000,7443920000,762590000,25647330000,27283490000,63328020000,46,48,120,214,8299770000,7422920000,1612450000,693090000,1.2402e+10,30430230000,36,31,106,173,-10,-17,-14
"16_042",14204010000,25358620000,1268240000,5801390000,1537310000,48169570000,53,45,113,211,19719810000,29432500000,3432680000,6164570000,1440660000,60190220000,31,40,91,162,-22,-5,-22
"16_043",19619110000,2132820000,198320000,290000,9878760000,31829300000,51,45,95,191,817150000,6459620000,323170000,391340000,2308430000,10299710000,24,40,81,145,-27,-5,-14
"16_044",22312180000,12189150000,1718940000,8225860000,3915640000,48361770000,48,39,96,183,16157680000,2373410000,312070000,13990000,19932570000,38789720000,29,30,89,148,-19,-9,-7
"16_045",38991300000,4883150000,902390000,26020000,21465620000,66268480000,42,41,98,181,19991650000,3493080000,2312180000,10754690000,15510390000,52061990000,25,43,79,147,-17,2,-19
"16_046",5359740000,23637950000,7687230000,13455350000,16529300000,66669570000,48,41,103,192,21191060000,19497440000,3236020000,9341920000,2923590000,56190030000,35,39,114,188,-13,-2,11
"16_047",13427950000,27508390000,2688460000,2589300000,1100640000,47314740000,49,45,96,190,3332880000,22393920000,2610270000,3954390000,21054130000,53345590000,34,40,92,166,-15,-5,-4
"16_048",19622140000,1987450000,314350000,0,8062120000,29986060000,45,42,100,187,3812080000,15008750000,6948980000,8183970000,12934060000,46887840000,43,32,112,187,-2,-10,12
"16_049",11871580000,19188110000,1058640000,2937020000,15558190000,50613540000,48,43,109,200,9503460000,25940300000,1610010000,2435560000,19897240000,59386570000,25,16,72,113,-23,-27,-37
"16_050",9681670000,12150200000,572860000,2596720000,5198420000,30199870000,46,38,88,172,26088820000,60190000,98870000,114690000,26374180000,52736750000,21,36,77,134,-25,-2,-11
"16_051",15137910000,30494470000,3266700000,5570180000,1209990000,55679250000,44,52,118,214,5622140000,22445230000,1174770000,2155850000,18256060000,49654050000,33,43,96,172,-11,-9,-22
"16_052",13968290000,27282030000,3248800000,4252320000,1491850000,50243290000,44,35,89,168,13619150000,11612420000,485990000,4780130000,7101720000,37599410000,26,30,92,148,-18,-5,3
"16_053",29789130000,29670410000,5653950000,11668580000,4.744e+09,81526070000,51,44,110,205,5124820000,17079980000,6467040000,26402160000,34823650000,89897650000,36,24,93,153,-15,-20,-17
"16_054",7222860000,29673710000,837910000,2112980000,20071390000,59918850000,52,42,98,192,39745920000,2373470000,466630000,39560000,24967590000,67593170000,33,33,97,163,-19,-9,-1
"16_055",13957320000,6691920000,491430000,4394030000,9973820000,35508520000,49,41,92,182,13157630000,28748200000,1801830000,6278700000,8153470000,58139830000,27,32,90,149,-22,-9,-2
"16_056",14793310000,13260350000,2578550000,10463350000,5162890000,46258450000,46,41,98,185,17750380000,5287120000,1001730000,70330000,12173050000,36282610000,29,28,93,150,-17,-13,-5
"16_057",15187530000,1.0497e+10,2572770000,9387330000,7161620000,44806250000,44,48,108,200,32377360000,7415370000,793920000,3030000,16430160000,57019840000,24,36,82,142,-20,-12,-26
"16_058",27210590000,1299440000,243680000,53550000,19579640000,48386900000,43,42,107,192,28261920000,983870000,269750000,78800000,19026920000,48621260000,39,27,115,181,-4,-15,8
"16_059",17341680000,5759200000,1310150000,2170000,11349840000,35763040000,44,44,102,190,7125480000,30888600000,3280470000,16075990000,12269220000,69639760000,33,25,82,140,-11,-19,-20
"16_060",16322730000,24258940000,1836300000,1244440000,12770210000,56432620000,52,49,109,210,17267030000,7716730000,1637950000,272810000,14675280000,41569800000,23,42,83,148,-29,-7,-26
"16_061",19589100000,22994390000,3337720000,5138970000,609790000,51669970000,41,39,96,176,21371780000,13726520000,3431980000,12514790000,6328430000,57373500000,44,34,109,187,3,-5,13
"16_062",5398040000,6839480000,2148550000,21596510000,21953010000,57935590000,47,40,102,189,12613240000,20584820000,2152080000,4624280000,10432930000,50407350000,27,41,82,150,-20,1,-20
"16_063",11802720000,19530640000,2381040000,3745270000,7404800000,44864470000,51,37,90,178,7431520000,45051650000,3540410000,4066560000,4537920000,64628060000,30,31,91,152,-21,-6,1
"16_064",2754540000,25453680000,1929140000,1532060000,26888500000,58557920000,47,43,92,182,17355570000,20340560000,2943400000,6128820000,9683050000,56451400000,32,43,92,167,-15,0,0
"16_065",32445840000,40084120000,2654550000,8770580000,27494480000,111449570000,50,39,104,193,3478220000,1679060000,251170000,193330000,19394270000,24996050000,37,28,97,162,-13,-11,-7
"16_066",19030960000,22891500000,5069260000,8984790000,1502460000,57478970000,52,50,118,220,5582930000,20496540000,405270000,6947200000,9652830000,43084770000,23,38,74,135,-29,-12,-44
"16_067",12195310000,24871740000,348280000,2296600000,12589300000,52301230000,47,48,108,203,9291890000,1508670000,67180000,49240000,33434400000,44351380000,30,36,87,153,-17,-12,-21
"16_068",15448830000,2994070000,212460000,215620000,38797220000,57668200000,48,49,116,213,8514050000,11890960000,723520000,2636660000,4303100000,28068290000,27,44,83,154,-21,-5,-33
"16_069",9365920000,6625860000,455480000,2151200000,5082700000,23681160000,49,43,103,195,6761180000,14152280000,1082730000,2215920000,41177810000,65389920000,29,31,93,153,-20,-12,-10
"16_070",16453080000,57026640000,4767030000,5062540000,18775350000,102084640000,50,40,104,194,15799070000,22808470000,4557700000,7235660000,1013560000,51414460000,29,32,86,147,-21,-8,-18
"16_071",6350090000,28354320000,2803300000,3753960000,2651620000,43913290000,49,40,100,189,17606050000,15482540000,1869760000,10994520000,6185540000,52138410000,29,35,82,146,-20,-5,-18
"16_072",5422480000,4942550000,89640000,3075590000,2132900000,15663160000,39,36,96,171,3384720000,5299500000,1006830000,29504070000,26639770000,65834890000,24,41,77,142,-15,5,-19
"16_073",8472580000,4104480000,227140000,974310000,18658450000,32436960000,52,44,109,205,21652750000,25645030000,3583120000,9447280000,1483530000,61811710000,29,36,87,152,-23,-8,-22
"16_074",21576060000,19735910000,2705850000,10447100000,1599650000,56064570000,49,45,117,211,13318690000,11585260000,937740000,955170000,21746380000,48543240000,29,22,84,135,-20,-23,-33
"16_075",8039740000,11580150000,760440000,1587270000,1713740000,23681340000,52,49,114,215,13703990000,13241540000,2382240000,4273080000,14393900000,47994750000,33,34,93,160,-19,-15,-21
"16_076",28537560000,10379990000,1360080000,392430000,20820640000,61490700000,54,57,132,243,15941350000,34072670000,2997690000,11839550000,1057790000,65909050000,33,35,103,171,-21,-22,-29
"16_077",12795900000,27096840000,1778550000,3214110000,16620030000,61505430000,43,45,95,183,25692540000,29042030000,6101230000,5798060000,3274890000,69908750000,31,27,92,150,-12,-18,-3
"16_078",7193970000,727810000,89480000,236100000,28903820000,37151180000,51,40,112,203,19134790000,5306090000,689130000,191650000,9156450000,34478110000,35,32,101,168,-16,-8,-11
"16_079",13096100000,25242920000,2867640000,6600420000,2329310000,50136390000,55,49,115,219,14091400000,19996590000,1500730000,2765490000,18639910000,56994120000,24,40,85,149,-31,-9,-30
"16_080",5603200000,30694920000,1292560000,4745390000,8193510000,50529580000,57,54,133,244,15872410000,7919990000,2340300000,4348620000,18226290000,48707610000,35,36,99,170,-22,-18,-34
"16_081",13967340000,2995570000,365390000,30220000,12379310000,29737830000,50,41,102,193,6171290000,27786360000,874420000,3090230000,14423730000,52346030000,33,40,93,166,-17,-1,-9
"16_082",29623780000,313550000,78520000,137350000,23509730000,53662930000,50,40,97,187,3868250000,14922420000,3410280000,22384310000,28470570000,73055830000,31,36,92,159,-19,-4,-5
"16_083",28337660000,114630000,58040000,1890000,17472230000,45984450000,41,36,87,164,22661350000,37412420000,5365740000,3825560000,3476190000,72741260000,38,31,97,166,-3,-5,10
"16_084",18539710000,17847470000,4596890000,4047800000,1411590000,46443460000,51,40,111,202,25721570000,790170000,151550000,80130000,11514110000,38257530000,26,45,88,159,-25,5,-23
"16_085",12835110000,27843110000,3434040000,1844210000,1688610000,47645080000,49,43,106,198,32882300000,40723250000,3784210000,11439890000,4468020000,93297670000,34,34,95,163,-15,-9,-11
"16_086",12090880000,7730340000,256510000,1923990000,4042260000,26043980000,47,42,104,193,18579180000,14935680000,2099020000,4333320000,13003640000,52950840000,29,20,83,132,-18,-22,-21
"16_087",24218450000,35640470000,2806930000,4869270000,6069610000,73604730000,50,47,110,207,19056120000,17263330000,5296600000,9639840000,1380770000,52636660000,33,39,106,178,-17,-8,-4
"16_088",1583680000,25285390000,3.826e+09,7270480000,11504120000,49469670000,51,32,91,174,8630670000,23116300000,1422130000,4361690000,21159690000,58690480000,37,26,102,165,-14,-6,11
"16_089",17106600000,18875670000,890490000,3415820000,8788860000,49077440000,43,55,117,215,29464050000,11487520000,2280580000,6063790000,11731790000,61027730000,27,28,87,142,-16,-27,-30
"16_090",8754270000,20065040000,1346280000,3813830000,797990000,34777410000,49,45,104,198,19083940000,1387510000,449110000,48810000,11543680000,32513050000,31,50,94,175,-18,5,-10
"16_091",5247940000,23660670000,231100000,7388130000,11673570000,48201410000,43,41,92,176,10842290000,2596900000,203310000,125420000,29026940000,42794860000,22,34,81,137,-21,-7,-11
"16_092",14782600000,2822390000,335200000,37490000,53087720000,71065400000,50,44,97,191,9605670000,19799620000,794610000,4700790000,13845070000,48745760000,26,41,85,152,-24,-3,-12
"16_093",9811410000,31347340000,1905120000,9956230000,731250000,53751350000,51,47,105,203,31687720000,5102600000,936130000,880000,17389480000,55116810000,33,36,103,172,-18,-11,-2
"16_094",18489330000,15412580000,2088230000,7958850000,2224780000,46173770000,51,42,112,205,22789530000,466980000,205430000,19610000,8695120000,32176670000,26,24,81,131,-25,-18,-31
"16_095",12175220000,18640690000,2165530000,2332390000,7412360000,42726190000,51,55,123,229,27542600000,1172340000,232230000,33520000,15081790000,44062480000,25,29,88,142,-26,-26,-35
"16_096",36517010000,11871330000,2030080000,434440000,23189890000,74042750000,46,39,92,177,5972650000,14340650000,901470000,4825510000,8155120000,34195400000,15,30,63,108,-31,-9,-29
"16_097",17608730000,22723900000,2336710000,3817020000,1903160000,48389520000,41,43,96,180,40019990000,294970000,144210000,33280000,19301080000,59793530000,33,37,99,169,-8,-6,3
"16_098",17858410000,22284890000,2827600000,5420740000,1784430000,50176070000,52,47,103,202,17064570000,16334610000,829880000,4759440000,8769470000,47757970000,43,34,106,183,-9,-13,3
"16_099",12589630000,22711140000,1335880000,427030000,1.4871e+10,51934680000,40,36,92,168,14455190000,553860000,74050000,743560000,41943240000,57769900000,28,42,84,154,-12,6,-8
"16_100",16932020000,17751590000,1051030000,5757270000,12489850000,53981760000,49,39,98,186,23181820000,19178100000,9909380000,11974080000,1831850000,66075230000,29,36,83,148,-20,-3,-15
"16_101",13996240000,211520000,45640000,560000,48440370000,62694330000,48,46,115,209,12695870000,28422870000,3588910000,4702570000,1950210000,51360430000,41,40,112,193,-7,-6,-3
"16_102",18276660000,1822360000,264350000,0,7163420000,27526790000,49,38,105,192,8530560000,18770430000,2611030000,523810000,4515310000,34951140000,29,39,93,161,-20,1,-12
"16_103",7192770000,22776640000,1124370000,808920000,24599830000,56502530000,57,50,115,222,3744640000,35936060000,9851100000,13493800000,19054350000,82079950000,25,39,80,144,-32,-11,-35
"16_104",11892840000,1192690000,56400000,187200000,36438840000,49767970000,50,48,100,198,17470890000,21233660000,1622420000,15188330000,1375460000,56890760000,31,42,92,165,-19,-6,-8
"16_105",16666630000,1542640000,206240000,510000,8908900000,27324920000,51,44,102,197,10520030000,11507520000,816800000,4423880000,13757080000,41025310000,27,40,88,155,-24,-4,-14
"16_106",4171310000,4870520000,230640000,1093760000,1096600000,11462830000,52,49,117,218,19141510000,11845930000,584640000,2459370000,13582490000,47613940000,32,50,96,178,-20,1,-21
"16_107",2743270000,29539960000,2230100000,2446080000,1872850000,38832260000,44,34,92,170,18845050000,7293390000,1130200000,471190000,11003570000,38743400000,31,38,84,153,-13,4,-8
"16_108",8272230000,11235950000,386440000,4067930000,1233730000,25196280000,49,49,122,220,6239360000,29302490000,2760030000,6804370000,9009990000,54116240000,25,35,80,140,-24,-14,-42
"16_109",15526880000,5635610000,2791490000,9896200000,12634910000,46485090000,46,39,97,182,5664750000,18274290000,2404070000,926670000,7553350000,34823130000,30,28,90,148,-16,-11,-7
"16_110",14228210000,9960170000,2118280000,3797870000,18381750000,48486280000,46,41,103,190,15127530000,23124500000,4309600000,6779300000,2117580000,51458510000,42,44,108,194,-4,3,5
"16_111",9810830000,29319840000,1401550000,3152050000,1228510000,44912780000,44,46,105,195,13006390000,30269380000,2596100000,3003590000,9990480000,58865940000,37,31,99,167,-7,-15,-6
"16_112",23184420000,3078840000,661880000,201900000,44334270000,71461310000,44,28,71,143,5093690000,1284140000,138920000,11180000,23245470000,29773400000,34,26,91,151,-10,-2,20
"64_001",69611420000,8753180000,1181340000,1150000,31928300000,111475390000,56,56,128,240,47989250000,96342570000,26923330000,38747730000,26337450000,236340330000,34,47,103,184,-22,-9,-25
"64_002",65826310000,2934760000,650270000,143260000,54802940000,124357540000,59,55,135,249,16499330000,20557230000,5773710000,76961040000,163840940000,283632250000,39,36,111,186,-20,-19,-24
"64_003",52637830000,70203630000,8794850000,10136620000,53335860000,195108790000,46,49,122,217,48069730000,85184810000,7322680000,15646660000,18199460000,174423340000,39,37,111,187,-7,-12,-11
"64_004",64566130000,183192480000,6011340000,23737380000,120710910000,398218240000,51,48,122,221,28716450000,111078040000,12610190000,32615030000,47125890000,232145600000,37,41,110,188,-14,-7,-12
"64_005",14079620000,25006130000,4558330000,79664590000,160323580000,283632250000,51,49,123,223,52918580000,66970050000,9232630000,7591800000,51522510000,188235570000,52,42,128,222,1,-7,5
"64_006",69858610000,1856390000,228180000,1280340000,113748100000,186971620000,53,47,125,225,65902670000,91017910000,13392100000,20912710000,6271970000,197497360000,35,53,100,188,-18,6,-25
"64_007",100744190000,26747750000,4077940000,1583020000,61553040000,194705940000,55,50,118,223,80026500000,3570680000,1040200000,377420000,50615790000,135630590000,29,50,85,164,-26,0,-33
"64_008",54817940000,10755260000,2026330000,250590000,107889840000,175739960000,51,45,109,205,58739400000,66519380000,6936690000,31879140000,33243830000,197318440000,53,41,130,224,2,-4,21
"64_009",55597830000,14001680000,1664910000,26910000,45767630000,117058960000,54,45,120,219,56187360000,72048560000,11125050000,14378760000,7032490000,160772220000,27,49,90,166,-27,4,-30
"64_010",54924740000,107506780000,6180660000,18356740000,14895440000,201864360000,56,47,125,228,77218050000,99984660000,11291780000,16405320000,16517690000,221417500000,40,39,113,192,-16,-8,-12
"64_011",23697930000,93443090000,7764950000,30867550000,49386310000,205159830000,56,52,119,227,60733860000,57116670000,3773370000,13081050000,62498890000,197203840000,38,30,108,176,-18,-22,-11
"64_012",99996330000,139741920000,12263530000,26426410000,26717720000,305145910000,52,47,124,223,49587390000,95261270000,14670990000,28920670000,57626270000,246066590000,30,46,89,165,-22,-1,-35
"64_013",43860260000,58747790000,2858640000,13187640000,20174520000,138828850000,67,61,148,276,35838670000,30172570000,4332450000,1138110000,87325530000,158807330000,42,40,110,192,-25,-21,-38
"64_014",40841490000,56350370000,2937530000,13589280000,121306640000,235025310000,60,54,141,255,52728680000,9136070000,1138450000,136940000,112035940000,175176080000,38,43,102,183,-22,-11,-39
"64_015",66710740000,94609410000,11186890000,22329750000,8092120000,202928910000,53,49,129,231,8606140000,56189290000,16647940000,46093020000,65144970000,192681360000,48,48,115,211,-5,-1,-14
"64_016",8855940000,63060090000,14482920000,45636040000,64211670000,196246660000,45,44,112,201,39740900000,69042350000,3962580000,14402380000,68890980000,196039190000,28,47,95,170,-17,3,-17
"64_017",64787730000,128916220000,5237570000,17249060000,91075440000,307266020000,53,51,124,228,72233370000,60782880000,11886140000,36953570000,41669760000,223525720000,38,40,97,175,-15,-11,-27
"64_018",59607870000,1081970000,248640000,825430000,130951930000,192715840000,55,50,116,221,93207870000,27510380000,4370820000,1740130000,52484360000,179313560000,42,42,122,206,-13,-8,6
"64_019",89034600000,7084950000,987910000,364170000,96415430000,193887060000,55,53,123,231,48529640000,112289150000,9394800000,14554320000,36686680000,221454590000,43,32,116,191,-12,-21,-7
"64_020",75306020000,61455400000,11164250000,33888780000,19514260000,201328710000,59,57,139,255,144966280000,27063890000,4130400000,38080000,78841590000,255040240000,31,44,93,168,-28,-13,-46
"64_021",43316760000,24712500000,2527560000,3829710000,53966650000,128353180000,54,45,116,215,78195140000,105890690000,12251940000,33146630000,11584400000,241068800000,39,40,110,189,-15,-5,-6
"64_022",58798850000,100737250000,15095540000,32623100000,7070810000,214325550000,62,58,130,250,76963840000,2680420000,366680000,1.359e+09,115563630000,196933570000,32,51,99,182,-30,-7,-31
"64_023",29743040000,76887250000,7765640000,15972680000,81444990000,211813600000,50,48,115,213,35877240000,60232720000,5071820000,10079010000,102581800000,213842590000,43,42,123,208,-7,-6,8
"64_024",45138900000,90663150000,21307590000,31310010000,22248920000,210668570000,49,50,115,214,24031010000,40313980000,2720600000,8852370000,78886460000,154804420000,46,37,134,217,-3,-13,19
"64_025",75205890000,118357180000,13970840000,17508460000,7755510000,232797880000,58,46,119,223,74648160000,55370850000,15298300000,40211750000,17060460000,202589520000,38,44,100,182,-20,-2,-19
"64_026",70575330000,69076560000,8144400000,41671620000,42047760000,231515670000,59,62,138,259,56918440000,91451830000,5763670000,21439490000,57818290000,233391720000,31,51,97,179,-28,-11,-41
"64_027",30100340000,62389010000,4286540000,8773790000,94867560000,200417240000,61,62,136,259,1.21796e+11,2111060000,649250000,1034670000,158978350000,284569330000,39,47,109,195,-22,-15,-27
"64_028",95459730000,159144010000,17855280000,31088160000,34493780000,338040960000,54,41,104,199,29821700000,115660140000,4360140000,17018290000,69076310000,235936580000,40,39,113,192,-14,-2,9
"256_001",224359170000,86572970000,11116500000,8285710000,319994520000,650328870000,70,67,160,297,317238410000,343279530000,67734030000,146383790000,142945020000,1017580780000,40,63,118,221,-30,-4,-42
"256_002",361810540000,43721750000,6.134e+09,4195510000,431872950000,847734750000,63,61,148,272,230037290000,333177030000,40145850000,68457170000,123442170000,795259510000,51,60,140,251,-12,-1,-8
"256_003",314245310000,369292380000,57951500000,137882960000,138666270000,1018038420000,68,68,162,298,386887410000,41463270000,6264550000,4824310000,403951550000,843391090000,52,45,140,237,-16,-23,-22
"256_004",268142430000,436818230000,37792020000,86902130000,315488200000,1145143010000,66,55,147,268,161645790000,333903310000,20310020000,69248680000,235976790000,821084590000,49,44,146,239,-17,-11,-1
"256_005",151416990000,346156500000,14021090000,51769040000,242452800000,805816420000,60,59,149,268,48276210000,187777140000,44461080000,160878720000,306051490000,747444640000,62,56,160,278,2,-3,11
"256_006",225839980000,359510390000,31437410000,64018220000,110625840000,791431840000,65,60,155,280,269502940000,425503410000,38992740000,86981020000,316869850000,1137849960000,40,53,117,210,-25,-7,-38
"256_007",46419520000,206737900000,38774810000,165451910000,301140260000,758524400000,62,54,145,261,233504720000,84457170000,12549380000,7661480000,311027490000,649200240000,47,50,128,225,-15,-4,-17
"1024_001",1547170170000,1789055420000,186008970000,503170950000,1976576460000,6001981970000,93,90,236,419,1596762660000,1695128470000,218143230000,526381830000,1963679440000,6000095630000,81,88,223,392,-12,-2,-13
