Forest,Agriculture,Other,Area_Total,forest_sp,agriculture_sp,generalist_sp,Sp_Total
124760000,247110000,2118270000,2490140000,23,21,75,119
145150000,388660000,1664230000,2198040000,16,22,61,99
181440000,1195730000,1122830000,2500000000,22,21,67,110
477670000,685220000,1337110000,2500000000,23,27,62,112
346850000,449720000,1703430000,2500000000,25,28,73,126
167350000,1758200000,574450000,2500000000,21,30,72,123
696300000,498280000,1305420000,2500000000,22,18,60,100
200940000,1827710000,471350000,2500000000,23,28,74,125
309660000,1837590000,352750000,2500000000,23,32,82,137
507050000,1229450000,763500000,2500000000,25,26,75,126
610450000,1457110000,432440000,2500000000,24,28,78,130
690250000,557200000,1252550000,2500000000,25,16,66,107
1195260000,1019350000,285390000,2500000000,25,22,67,114
867320000,811630000,821050000,2500000000,18,24,65,107
727390000,344930000,1427680000,2500000000,25,13,58,96
122960000,800110000,1576930000,2500000000,22,28,77,127
428910000,710430000,1360660000,2500000000,23,26,58,107
268670000,836450000,1394880000,2500000000,26,32,82,140
247410000,1806490000,446100000,2500000000,24,27,76,127
380690000,1471040000,648270000,2500000000,26,25,76,127
168510000,1698900000,632590000,2500000000,18,26,69,113
123410000,1844420000,532170000,2500000000,33,31,86,150
367440000,968540000,1164020000,2500000000,25,24,71,120
267670000,1074310000,1158020000,2500000000,29,28,78,135
39860000,768310000,1691830000,2500000000,26,41,100,167
15690000,31970000,1691670000,1739330000,20,27,75,122
572660000,767310000,1160030000,2500000000,27,28,76,131
902670000,960240000,637090000,2500000000,18,17,56,91
306960000,1560060000,632980000,2500000000,27,26,70,123
83550000,927110000,1489340000,2500000000,28,31,80,139
106360000,1936770000,456870000,2500000000,30,31,92,153
105550000,1452780000,941670000,2500000000,32,31,90,153
221930000,150110000,1897870000,2269910000,15,12,47,74
378310000,291380000,1715030000,2384720000,19,24,65,108
393800000,1022140000,1084060000,2500000000,26,17,59,102
717870000,615100000,1167030000,2500000000,23,14,57,94
790910000,449450000,1259640000,2500000000,25,21,70,116
395660000,676390000,1427950000,2500000000,17,17,65,99
939720000,490910000,1069370000,2500000000,27,20,72,119
368620000,461670000,1669710000,2500000000,26,17,69,112
880200000,904580000,715220000,2500000000,21,21,62,104
1020590000,641400000,838010000,2500000000,21,25,72,118
959760000,1026110000,514130000,2500000000,19,18,60,97
330930000,781840000,1387230000,2500000000,26,19,74,119
426730000,772570000,1300700000,2500000000,29,23,70,122
231880000,1226180000,1041940000,2500000000,29,19,71,119
300270000,1008810000,1190920000,2500000000,25,19,64,108
136740000,1328340000,1034920000,2500000000,33,24,75,132
97310000,1087810000,1314880000,2500000000,33,25,76,134
658310000,631120000,1210570000,2500000000,31,26,80,137
289820000,1128300000,1081880000,2500000000,27,22,75,124
278760000,1309910000,911330000,2500000000,31,19,77,127
936380000,973730000,589890000,2500000000,19,18,61,98
932320000,351770000,1215910000,2500000000,30,21,71,122
962640000,422910000,1114450000,2500000000,18,19,49,86
593010000,669810000,1237180000,2500000000,35,30,87,152
86650000,1243240000,1170110000,2500000000,32,30,84,146
138430000,1375380000,986190000,2500000000,30,31,71,132
324290000,883140000,1292570000,2500000000,33,28,80,141
663010000,186100000,1650890000,2500000000,33,21,72,126
887670000,241270000,1371060000,2500000000,34,22,72,128
9570000,28480000,1801990000,1840040000,7,24,51,82
88650000,24020000,2224480000,2337150000,9,19,47,75
40170000,64350000,2395480000,2500000000,15,17,54,86
32590000,143050000,2324360000,2500000000,17,21,52,90
168700000,319410000,2011890000,2500000000,16,22,52,90
85680000,250090000,2164230000,2500000000,11,21,52,84
27190000,115700000,2350320000,2493210000,15,22,60,97
125210000,176200000,2198590000,2500000000,17,27,54,98
59540000,148750000,2227520000,2435810000,13,22,50,85
83130000,213150000,2203720000,2500000000,15,23,58,96
249280000,174700000,2076020000,2500000000,16,20,51,87
186730000,371930000,1941340000,2500000000,17,29,50,96
11450000,79630000,2246990000,2338070000,14,29,63,106
185020000,222810000,2092170000,2500000000,16,13,47,76
33070000,204340000,2262590000,2500000000,12,16,54,82
96250000,261300000,2122050000,2479600000,15,18,58,91
111540000,91740000,2296720000,2500000000,14,17,54,85
194690000,186900000,2118410000,2500000000,16,21,50,87
225980000,165120000,2108900000,2500000000,12,16,51,79
66160000,70720000,2363120000,2500000000,16,25,50,91
93020000,103460000,2303520000,2500000000,18,15,45,78
39980000,175990000,2284030000,2500000000,13,23,55,91
66270000,129390000,2254070000,2449730000,16,27,61,104
57760000,83090000,2359150000,2500000000,12,23,54,89
427510000,1482570000,589920000,2500000000,31,32,90,153
331760000,278140000,1890100000,2500000000,20,23,66,109
94130000,438020000,1967850000,2500000000,17,17,53,87
117750000,243400000,2138850000,2500000000,16,19,50,85
32940000,533740000,1933320000,2500000000,16,20,64,100
147650000,0,2352350000,2500000000,19,25,58,102
577890000,1255140000,666970000,2500000000,31,35,89,155
159010000,1779690000,561300000,2500000000,20,31,68,119
308990000,990360000,1200650000,2500000000,33,33,89,155
49430000,1677780000,772790000,2500000000,28,33,89,150
347420000,1258790000,893790000,2500000000,35,37,105,177
386470000,1199360000,914170000,2500000000,29,31,81,141
132320000,42870000,1899100000,2074290000,24,21,61,106
117970000,1122780000,1259250000,2500000000,32,37,89,158
14980000,2381280000,103740000,2500000000,17,27,63,107
79960000,1949090000,470950000,2500000000,31,31,82,144
597340000,1217810000,684850000,2500000000,27,24,62,113
495730000,836660000,1167610000,2500000000,30,31,77,138
391010000,1080370000,1028620000,2500000000,26,30,68,124
270240000,1802550000,427210000,2500000000,31,35,88,154
218760000,663520000,1617720000,2500000000,31,32,80,143
162640000,583640000,1753720000,2500000000,28,28,82,138
206750000,1913800000,379450000,2500000000,27,24,62,113
144930000,1989240000,365830000,2500000000,30,31,77,138
204330000,1515170000,780500000,2500000000,29,29,71,129
446810000,900080000,1153110000,2500000000,28,28,67,123
246000000,1700290000,553710000,2500000000,26,29,63,118
74790000,1985290000,439920000,2500000000,26,33,86,145
95100000,428510000,1976390000,2500000000,25,27,83,135
479700000,1153680000,866620000,2500000000,29,27,66,122
643000000,684390000,1172610000,2500000000,27,24,59,110
366020000,1394490000,739490000,2500000000,25,22,52,99
587690000,1228040000,684270000,2500000000,27,32,67,126
798820000,199300000,1501880000,2500000000,28,22,69,119
125380000,1131410000,1243210000,2500000000,24,31,87,142
424860000,1273470000,801670000,2500000000,28,27,68,123
169180000,1389290000,941530000,2500000000,24,36,95,155
732110000,1314550000,453340000,2500000000,27,23,59,109
475490000,881890000,1142620000,2500000000,29,24,69,122
637290000,661610000,1201100000,2500000000,29,32,68,129
1009100000,289830000,1201070000,2500000000,33,24,70,127
1031050000,465970000,1002980000,2500000000,31,23,74,128
404490000,583170000,1512340000,2500000000,29,26,82,137
64350000,830940000,1604710000,2500000000,27,33,98,158
80850000,1113790000,1305360000,2500000000,29,29,83,141
536490000,688490000,1275020000,2500000000,30,28,85,143
463330000,428390000,1608280000,2500000000,35,29,84,148
103080000,1743410000,653510000,2500000000,29,34,81,144
579300000,880160000,1040540000,2500000000,33,34,84,151
449190000,340460000,1710350000,2500000000,36,30,82,148
915490000,273480000,1311030000,2500000000,34,27,81,142
159370000,2185960000,154670000,2500000000,31,34,73,138
142120000,1847340000,510540000,2500000000,31,34,78,143
977820000,1298490000,223690000,2500000000,32,34,74,140
434690000,1393530000,671780000,2500000000,33,34,85,152
55150000,2375850000,69000000,2500000000,23,33,73,129
133050000,2230510000,136440000,2500000000,29,32,70,131
143210000,2192690000,164100000,2500000000,26,35,75,136
383530000,1736940000,379530000,2500000000,30,32,75,137
839510000,96120000,1564370000,2500000000,39,23,76,138
956870000,975960000,567170000,2500000000,32,32,82,146
820760000,115610000,1563630000,2500000000,36,23,75,134
696900000,1343060000,460040000,2500000000,37,31,82,150
280640000,283700000,1675460000,2239800000,26,22,64,112
58320000,47850000,1573960000,1680130000,25,23,66,114
437510000,776500000,1285990000,2500000000,35,32,95,162
622660000,1291730000,585610000,2500000000,33,32,80,145
868580000,287810000,1343610000,2500000000,37,32,90,159
703900000,725510000,1070590000,2500000000,35,30,78,143
501120000,1002970000,995910000,2500000000,35,33,87,155
150420000,2086200000,263380000,2500000000,32,29,77,138
303870000,1960750000,235380000,2500000000,31,30,78,139
1168880000,554840000,776280000,2500000000,40,30,84,154
1049210000,999090000,451700000,2500000000,33,27,75,135
709120000,229390000,1561490000,2500000000,38,32,80,150
593520000,1011830000,894650000,2500000000,35,30,80,145
1027430000,489380000,983190000,2500000000,37,27,83,147
686820000,1247940000,565240000,2500000000,35,30,81,146
15250000,89270000,1893480000,1998000000,16,23,66,105
174950000,495480000,1824500000,2494930000,27,30,77,134
536750000,1318270000,644980000,2500000000,32,29,85,146
1394690000,463320000,641990000,2500000000,30,23,73,126
527850000,1092820000,879330000,2500000000,31,31,73,135
868980000,894100000,736920000,2500000000,32,29,77,138
1156540000,439770000,903690000,2500000000,25,26,65,116
1122100000,428440000,949460000,2500000000,36,28,85,149
1368200000,537980000,593820000,2500000000,34,30,80,144
394660000,1167240000,938100000,2500000000,36,34,84,154
483180000,1254650000,762170000,2500000000,33,32,80,145
1521090000,202060000,776850000,2500000000,32,29,86,147
703080000,1359370000,437550000,2500000000,38,35,100,173
1461240000,61680000,977080000,2500000000,34,25,79,138
785680000,1205050000,509270000,2500000000,38,32,88,158
45480000,611760000,1842760000,2500000000,25,34,83,142
297240000,1115780000,1086980000,2500000000,29,30,82,141
6830000,83910000,2025310000,2116050000,22,29,75,126
283020000,1612810000,604170000,2500000000,25,25,77,127
48540000,905470000,1545990000,2500000000,25,43,91,159
645630000,832900000,1021470000,2500000000,29,26,67,122
260690000,1646900000,592410000,2500000000,29,34,75,138
171150000,1840960000,487890000,2500000000,30,41,93,164
222340000,1590760000,686900000,2500000000,33,36,87,156
639090000,1333590000,527320000,2500000000,35,34,93,162
1273600000,181390000,1045010000,2500000000,36,22,74,132
759080000,1106920000,634000000,2500000000,39,36,90,165
1066360000,449310000,984330000,2500000000,37,25,77,139
1437220000,305300000,757480000,2500000000,41,25,88,154
474780000,64510000,1651610000,2190900000,28,18,72,118
536810000,499490000,1430440000,2466740000,32,28,87,147
626940000,497610000,1375450000,2500000000,29,23,65,117
556690000,1587300000,356010000,2500000000,30,25,77,132
263280000,1740000,1479680000,1744700000,27,23,71,121
249130000,11390000,1626940000,1887460000,21,17,67,105
868560000,469190000,1162250000,2500000000,30,25,83,138
124150000,118150000,1933380000,2175680000,23,34,84,141
134070000,10370000,1443010000,1587450000,21,21,62,104
292300000,1659970000,547730000,2500000000,27,40,90,157
484060000,1109660000,906280000,2500000000,25,34,90,149
107100000,1830190000,562710000,2500000000,25,22,78,125
41810000,608100000,1850090000,2500000000,25,40,90,155
146690000,1710800000,642510000,2500000000,29,24,82,135
122810000,1940420000,436770000,2500000000,26,31,80,137
179490000,1739370000,581140000,2500000000,25,23,78,126
91760000,1554270000,853970000,2500000000,29,38,89,156
141850000,1340220000,1017930000,2500000000,28,31,87,146
131340000,1655790000,712870000,2500000000,29,28,84,141
1048150000,311990000,1139860000,2500000000,32,23,70,125
130440000,1971240000,398320000,2500000000,28,34,77,139
548870000,1245710000,705420000,2500000000,37,34,88,159
181450000,1915610000,402940000,2500000000,26,32,77,135
838190000,567890000,1093920000,2500000000,42,21,79,142
1027320000,141850000,1330830000,2500000000,41,26,86,153
477980000,1449260000,572760000,2500000000,26,22,74,122
1215910000,737520000,546570000,2500000000,28,19,68,115
258990000,2033450000,207560000,2500000000,26,29,79,134
668630000,1570250000,261120000,2500000000,27,18,73,118
276380000,1748040000,475580000,2500000000,32,28,84,144
590890000,1233970000,675140000,2500000000,28,29,87,144
517110000,1589080000,393810000,2500000000,34,32,90,156
24740000,397660000,2077600000,2500000000,22,24,65,111
122420000,681520000,1696060000,2500000000,24,24,63,111
32180000,339550000,1868800000,2240530000,20,21,59,100
15360000,65020000,1705060000,1785440000,22,22,60,104
19470000,137360000,2187820000,2344650000,24,30,65,119
39010000,86620000,2374370000,2500000000,14,26,61,101
28440000,199220000,2272010000,2499670000,13,25,56,94
343600000,1770000,2154630000,2500000000,13,20,51,84
205810000,70210000,2223980000,2500000000,27,29,76,132
251290000,47160000,2201550000,2500000000,22,24,69,115
35330000,632450000,1832220000,2500000000,21,26,67,114
25450000,312910000,2159290000,2497650000,20,27,75,122
80320000,481030000,1937630000,2498980000,27,22,73,122
61820000,166480000,2271700000,2500000000,22,22,61,105
196740000,828050000,1475210000,2500000000,25,19,62,106
121820000,368040000,2010140000,2500000000,28,28,71,127
168850000,839830000,1491320000,2500000000,26,27,73,126
256290000,12520000,2231190000,2500000000,26,23,66,115
135240000,68570000,2296190000,2500000000,29,32,71,132
190250000,236680000,2073070000,2500000000,30,31,63,124
346070000,146770000,2007160000,2500000000,30,28,67,125
31830000,17750000,2450420000,2500000000,32,36,86,154
217060000,20470000,2261440000,2498970000,29,25,65,119
196220000,142730000,2161050000,2500000000,31,30,73,134
232460000,149730000,2117810000,2500000000,30,24,67,121
22290000,128890000,2106320000,2257500000,22,35,75,132
249730000,189050000,2061220000,2500000000,23,28,78,129
118950000,275020000,2106030000,2500000000,25,32,71,128
165070000,53390000,2281540000,2500000000,25,31,77,133
231640000,157000000,2111360000,2500000000,24,32,66,122
529380000,59880000,1910740000,2500000000,25,27,57,109
272820000,255550000,1971630000,2500000000,26,30,64,120
480800000,180150000,1839050000,2500000000,24,29,62,115
241410000,1437030000,821560000,2500000000,27,27,70,124
189500000,1743080000,567420000,2500000000,25,26,72,123
289190000,1883750000,327060000,2500000000,26,22,62,110
443590000,1708900000,347510000,2500000000,24,20,58,102
20690000,234060000,1751540000,2006290000,19,21,70,110
81020000,807190000,1611790000,2500000000,24,30,72,126
148310000,1259370000,1092320000,2500000000,28,25,69,122
468300000,397840000,1633860000,2500000000,28,27,73,128
270150000,616090000,1613760000,2500000000,30,33,83,146
192330000,1451660000,856010000,2500000000,27,24,66,117
287400000,780810000,1431790000,2500000000,29,33,79,141
74350000,1360080000,1065570000,2500000000,24,28,65,117
112670000,1322400000,1064930000,2500000000,28,31,73,132
69230000,876870000,1553900000,2500000000,25,30,62,117
174820000,1234590000,1090590000,2500000000,30,26,68,124
107270000,356310000,2036420000,2500000000,31,33,73,137
81590000,969300000,1449110000,2500000000,29,30,76,135
22920000,93830000,2383250000,2500000000,32,36,80,148
94700000,111290000,2294010000,2500000000,30,33,70,133
130090000,145910000,2224000000,2500000000,32,31,70,133
138670000,226980000,2134350000,2500000000,25,30,66,121
137380000,17590000,2345030000,2500000000,28,36,77,141
72880000,695710000,1731410000,2500000000,30,34,86,150
96550000,1159340000,1244110000,2500000000,30,32,81,143
544490000,176450000,1779060000,2500000000,22,24,63,109
43220000,440410000,1750240000,2233870000,30,34,84,148
160210000,1328430000,1011360000,2500000000,26,23,74,123
246360000,1866660000,386980000,2500000000,28,16,60,104
136910000,1342230000,1020860000,2500000000,28,29,79,136
308600000,1679690000,511710000,2500000000,27,23,77,127
19360000,215980000,2264660000,2500000000,22,26,74,122
195660000,362290000,1942050000,2500000000,29,33,76,138
89230000,360970000,1856930000,2307130000,27,32,76,135
47670000,1393130000,1059200000,2500000000,24,26,63,113
179710000,1260380000,1059910000,2500000000,25,32,69,126
172180000,582850000,1744970000,2500000000,29,28,73,130
114010000,1372130000,1013860000,2500000000,27,31,74,132
39740000,1257560000,1202700000,2500000000,22,30,67,119
54380000,2177850000,267770000,2500000000,19,31,68,118
88160000,1851680000,560160000,2500000000,23,32,71,126
57410000,1848760000,593830000,2500000000,26,35,74,135
116670000,1632300000,751030000,2500000000,27,35,76,138
78720000,1990880000,430400000,2500000000,20,30,66,116
239850000,816940000,1443210000,2500000000,29,34,75,138
107510000,1338480000,1054010000,2500000000,28,29,77,134
160740000,1683170000,656090000,2500000000,27,21,71,119
164850000,1023110000,1312040000,2500000000,32,22,76,130
146360000,1229350000,1124290000,2500000000,29,24,76,129
42400000,303720000,2121920000,2468040000,26,37,84,147
75480000,822390000,1602130000,2500000000,28,29,71,128
17900000,480040000,1783100000,2281040000,27,33,81,141
199450000,1215700000,1084850000,2500000000,26,23,67,116
367630000,1047260000,1085110000,2500000000,30,23,69,122
335340000,1117900000,1046760000,2500000000,27,26,75,128
386850000,1830000,2111320000,2500000000,21,30,57,108
319150000,1600000,2179250000,2500000000,20,24,54,98
306480000,1920000,2191600000,2500000000,23,29,58,110
91360000,2880000,2405760000,2500000000,21,29,62,112
133030000,3450000,2363520000,2500000000,28,27,56,111
389670000,2990000,2107340000,2500000000,25,24,57,106
20100000,1990000,2433960000,2456050000,20,31,67,118
87980000,2620000,2409400000,2500000000,22,30,65,117
334490000,4900000,2160610000,2500000000,26,30,66,122
413290000,218660000,1868050000,2500000000,28,33,72,133
369780000,587390000,1542830000,2500000000,29,32,76,137
522470000,327900000,1649630000,2500000000,29,33,78,140
213540000,10140000,2276320000,2500000000,31,33,64,128
616180000,285580000,1598240000,2500000000,28,32,77,137
291150000,2840000,2206010000,2500000000,32,31,72,135
131490000,0,2368510000,2500000000,22,30,62,114
359220000,83220000,2057560000,2500000000,26,32,72,130
145390000,34300000,2320310000,2500000000,21,33,75,129
7750000,3280000,2284410000,2295440000,12,22,54,88
0,38070000,2384550000,2422620000,9,29,57,95
711110000,1279340000,509550000,2500000000,33,25,72,130
129530000,739350000,1627380000,2496260000,28,31,89,148
493660000,1299530000,706810000,2500000000,30,34,85,149
807600000,1062060000,630340000,2500000000,34,27,83,144
994020000,711370000,794610000,2500000000,35,30,81,146
131970000,2088700000,279330000,2500000000,32,39,90,161
865650000,793500000,840850000,2500000000,38,24,84,146
949140000,55470000,1495390000,2500000000,39,20,74,133
531340000,1722430000,246230000,2500000000,26,15,71,112
336210000,1866370000,297420000,2500000000,26,15,69,110
764230000,1392840000,342930000,2500000000,24,20,71,115
470920000,1731240000,297840000,2500000000,24,19,73,116
517270000,1550340000,432390000,2500000000,32,27,78,137
789830000,1481470000,228700000,2500000000,29,19,73,121
681520000,1301950000,516530000,2500000000,33,30,75,138
1840000,266140000,1777220000,2045200000,29,32,93,154
563220000,986670000,950110000,2500000000,31,25,72,128
1126160000,349890000,1023950000,2500000000,44,24,78,146
244000000,1854860000,401140000,2500000000,32,40,85,157
1721220000,197960000,580820000,2500000000,40,22,82,144
957550000,948090000,594360000,2500000000,39,24,80,143
931620000,26290000,1542090000,2500000000,40,17,71,128
732680000,1200480000,566840000,2500000000,41,25,79,145
884480000,51110000,1564410000,2500000000,41,19,73,133
153900000,2138810000,207290000,2500000000,24,21,76,121
167320000,2098450000,234230000,2500000000,30,14,73,117
421940000,1754020000,324040000,2500000000,31,19,83,133
157450000,1767660000,574890000,2500000000,31,19,87,137
1137430000,977240000,385330000,2500000000,32,20,76,128
484850000,1692100000,323050000,2500000000,27,18,74,119
1105730000,789050000,605220000,2500000000,35,16,73,124
1036870000,868640000,594490000,2500000000,31,16,69,116
716470000,815380000,968150000,2500000000,30,19,78,127
1114930000,1010740000,374330000,2500000000,29,16,70,115
793600000,599960000,1106440000,2500000000,32,22,75,129
654540000,1005430000,840030000,2500000000,32,20,77,129
565280000,1669170000,265550000,2500000000,30,27,89,146
277820000,1228390000,993790000,2500000000,34,25,93,152
548580000,1160240000,791180000,2500000000,32,35,89,156
361210000,931060000,1207730000,2500000000,30,22,77,129
520100000,1472350000,507550000,2500000000,30,27,80,137
491950000,1589620000,418430000,2500000000,29,29,83,141
649440000,1607040000,243520000,2500000000,31,29,90,150
564230000,1668670000,267100000,2500000000,31,29,87,147
340400000,171910000,1960550000,2472860000,32,24,82,138
1495910000,280100000,723990000,2500000000,42,25,85,152
1034420000,410180000,1055400000,2500000000,41,23,77,141
1328510000,614660000,556830000,2500000000,34,23,76,133
1674820000,557190000,267990000,2500000000,40,25,83,148
1425120000,315340000,759540000,2500000000,36,21,77,134
699210000,1373170000,427620000,2500000000,37,21,82,140
1284700000,154460000,1060840000,2500000000,41,23,81,145
515710000,1155830000,828460000,2500000000,36,34,96,166
682640000,898420000,918940000,2500000000,40,39,99,178
564530000,1500100000,435370000,2500000000,32,20,78,130
541690000,1599820000,358490000,2500000000,34,20,84,138
731760000,1259680000,508560000,2500000000,37,23,74,134
1481660000,350130000,668210000,2500000000,37,17,74,128
1013620000,537770000,948610000,2500000000,31,16,74,121
700850000,1025500000,773650000,2500000000,34,19,78,131
639070000,467750000,1393180000,2500000000,32,23,82,137
703000000,737600000,1059400000,2500000000,35,20,75,130
1211450000,313360000,975190000,2500000000,35,18,72,125
1410360000,250770000,838870000,2500000000,34,18,75,127
804090000,519320000,1176590000,2500000000,38,23,75,136
670770000,223410000,1605820000,2500000000,37,23,80,140
339740000,1327600000,832660000,2500000000,28,26,88,142
458270000,859000000,1182730000,2500000000,33,27,85,145
472460000,935810000,1091730000,2500000000,30,23,90,143
353230000,697750000,1449020000,2500000000,33,20,80,133
1450670000,812020000,237310000,2500000000,31,29,87,147
772680000,1444500000,282820000,2500000000,28,27,88,143
715870000,1274080000,510050000,2500000000,32,27,88,147
433540000,1533630000,532830000,2500000000,28,27,93,148
43270000,382630000,1936480000,2362380000,32,29,86,147
18990000,461990000,1740480000,2221460000,25,38,93,156
748800000,1132880000,618320000,2500000000,37,27,94,158
1215140000,620990000,663870000,2500000000,35,22,79,136
181810000,675690000,1642500000,2500000000,27,35,100,162
911590000,516830000,1071580000,2500000000,35,26,78,139
961840000,449860000,1088300000,2500000000,45,27,83,155
827450000,493930000,1178620000,2500000000,41,24,85,150
1486890000,184370000,828740000,2500000000,43,19,77,139
609670000,1065450000,824880000,2500000000,38,25,84,147
1054540000,604890000,840570000,2500000000,35,22,87,144
858520000,401040000,1240440000,2500000000,40,33,99,172
1132360000,562260000,805380000,2500000000,38,29,91,158
527640000,643190000,1329170000,2500000000,30,24,89,143
342880000,953820000,1203300000,2500000000,29,22,86,137
546480000,417540000,1535980000,2500000000,30,22,84,136
372200000,387170000,1740630000,2500000000,33,27,90,150
767680000,1359990000,372330000,2500000000,30,19,84,133
830650000,802460000,866890000,2500000000,30,26,89,145
824530000,1164690000,510780000,2500000000,31,20,84,135
1133620000,216710000,1149670000,2500000000,31,20,76,127
685490000,1198510000,616000000,2500000000,26,26,82,134
74270000,993400000,1432330000,2500000000,26,42,96,164
835800000,1209310000,454890000,2500000000,40,24,85,149
330160000,666530000,1503310000,2500000000,29,39,98,166
1241600000,546590000,711810000,2500000000,41,19,88,148
998590000,845720000,655690000,2500000000,35,22,87,144
1133300000,848930000,517770000,2500000000,49,26,92,167
1144530000,867030000,488440000,2500000000,42,23,82,147
414870000,871720000,1213410000,2500000000,38,28,95,161
849420000,788760000,861820000,2500000000,42,24,81,147
612710000,1217910000,669380000,2500000000,43,34,103,180
691430000,1321580000,486990000,2500000000,42,29,83,154
593710000,706560000,1199730000,2500000000,36,27,94,157
668950000,804020000,1027030000,2500000000,36,32,90,158
583440000,1240690000,675870000,2500000000,36,25,93,154
693850000,1020110000,786040000,2500000000,44,31,100,175
1069750000,1034570000,395680000,2500000000,31,18,73,122
790170000,780640000,929190000,2500000000,32,21,86,139
873390000,1148750000,477860000,2500000000,33,23,82,138
712680000,1262280000,525040000,2500000000,36,27,95,158
94730000,35600000,2041910000,2172240000,27,18,75,120
1120260000,799420000,580320000,2500000000,40,24,87,151
1151500000,661670000,686830000,2500000000,32,27,87,146
1195970000,261440000,1042590000,2500000000,47,21,84,152
1156930000,546160000,796910000,2500000000,46,23,85,154
1087380000,762680000,649940000,2500000000,44,27,90,161
1126870000,563680000,809450000,2500000000,47,20,86,153
1324310000,398270000,777420000,2500000000,47,25,89,161
1097080000,576280000,826640000,2500000000,48,24,93,165
973480000,914980000,611540000,2500000000,34,22,90,146
1092550000,743160000,664290000,2500000000,41,24,92,157
418530000,1222930000,858540000,2500000000,28,21,71,120
403310000,1364070000,732620000,2500000000,30,25,77,132
345260000,1926680000,228060000,2500000000,27,20,76,123
252770000,2112530000,134700000,2500000000,29,26,72,127
357620000,1020320000,1122060000,2500000000,27,36,86,149
431130000,980800000,1088070000,2500000000,29,23,66,118
584670000,1194500000,720830000,2500000000,28,35,80,143
527480000,1634260000,338260000,2500000000,26,24,72,122
63180000,705630000,1530070000,2298880000,24,23,64,111
296090000,1129620000,1074290000,2500000000,26,25,76,127
278910000,839480000,1381610000,2500000000,28,32,75,135
88480000,202570000,1949860000,2240910000,25,32,72,129
99760000,787050000,1613190000,2500000000,24,34,75,133
60450000,1960910000,478640000,2500000000,24,36,74,134
64570000,1210400000,1225030000,2500000000,28,34,72,134
61970000,782360000,1618380000,2462710000,28,37,78,143
9980000,298230000,2152100000,2460310000,17,31,65,113
191190000,1912840000,395970000,2500000000,32,38,83,153
60010000,615100000,1574650000,2249760000,24,34,81,139
115500000,1807610000,576890000,2500000000,27,33,72,132
582400000,1559040000,358560000,2500000000,33,28,83,144
426660000,1762880000,310460000,2500000000,33,30,78,141
795090000,1102670000,602240000,2500000000,34,29,88,151
437150000,1800920000,261930000,2500000000,32,26,81,139
349980000,1591790000,558230000,2500000000,26,23,72,121
641890000,1501060000,357050000,2500000000,34,25,86,145
137940000,831840000,1526310000,2496090000,31,41,91,163
300600000,1767600000,431800000,2500000000,27,25,75,127
109600000,1778680000,611720000,2500000000,25,29,72,126
145330000,2086380000,268290000,2500000000,29,30,80,139
58510000,793100000,1634340000,2485950000,29,37,87,153
64990000,2020230000,414780000,2500000000,29,40,84,153
24440000,345990000,1615370000,1985800000,20,32,71,123
406470000,1901560000,191970000,2500000000,31,30,87,148
649260000,1655660000,195080000,2500000000,33,24,85,142
217830000,2061840000,220330000,2500000000,29,28,83,140
788380000,1402180000,309440000,2500000000,30,29,86,145
743540000,1417980000,338480000,2500000000,31,31,87,149
552540000,1692020000,255440000,2500000000,29,24,78,131
324070000,1895270000,280660000,2500000000,29,25,88,142
504120000,1791320000,204560000,2500000000,29,27,82,138
216930000,1508320000,774750000,2500000000,31,32,85,148
142190000,2024170000,333640000,2500000000,29,29,79,137
388770000,1069500000,1041730000,2500000000,34,28,82,144
478330000,952950000,1068720000,2500000000,34,28,86,148
61750000,1315680000,1122570000,2500000000,33,41,89,163
51660000,1524720000,923620000,2500000000,32,29,80,141
97840000,1262810000,1139350000,2500000000,37,43,91,171
26330000,102840000,2065080000,2194250000,32,36,79,147
49590000,1145740000,1304670000,2500000000,37,42,91,170
701700000,1348660000,449640000,2500000000,32,34,92,158
1110530000,1166090000,223380000,2500000000,31,22,84,137
1038580000,1035250000,426170000,2500000000,33,22,78,133
884940000,840260000,774800000,2500000000,29,19,75,123
536950000,1263930000,699120000,2500000000,35,29,90,154
464810000,1630430000,404760000,2500000000,33,30,96,159
743180000,1054930000,701890000,2500000000,33,29,90,152
885510000,1119740000,494750000,2500000000,35,26,93,154
629750000,1170110000,700140000,2500000000,32,27,75,134
1359770000,402180000,738050000,2500000000,42,22,79,143
1115020000,673160000,711820000,2500000000,38,19,69,126
1155170000,692010000,652820000,2500000000,38,22,76,136
358030000,924580000,1217390000,2500000000,34,36,81,151
487090000,1186940000,825970000,2500000000,39,39,89,167
240360000,1247180000,1012460000,2500000000,40,32,89,161
40010000,337890000,2122100000,2500000000,36,42,88,166
210600000,1143490000,1145910000,2500000000,37,41,93,171
700000000,525300000,1274700000,2500000000,40,44,91,175
282880000,1295390000,921730000,2500000000,37,45,86,168
14670000,355860000,2129470000,2500000000,26,36,86,148
72780000,407990000,2019230000,2500000000,35,38,85,158
36720000,134710000,2328570000,2500000000,34,41,86,161
241260000,917970000,1340770000,2500000000,40,43,95,178
4460000,178220000,2315640000,2498320000,31,39,87,157
729790000,810290000,959920000,2500000000,32,24,83,139
975380000,623670000,900950000,2500000000,34,19,83,136
108100000,282300000,1992080000,2382480000,31,30,70,131
32610000,129250000,2266090000,2427950000,29,29,76,134
0,15670000,1463900000,1479570000,14,28,57,99
759080000,261390000,1479530000,2500000000,38,29,70,137
349430000,587950000,1562620000,2500000000,41,36,90,167
660700000,138190000,1701110000,2500000000,38,27,71,136
513630000,215760000,1770610000,2500000000,32,27,78,137
609610000,86340000,1804050000,2500000000,31,28,70,129
1168520000,416040000,915440000,2500000000,45,21,83,149
695800000,269280000,1534920000,2500000000,33,30,76,139
193230000,88850000,2217920000,2500000000,35,23,61,119
553710000,127030000,1819260000,2500000000,33,28,69,130
640000,19720000,1742450000,1762810000,25,23,69,117
414420000,238640000,1846940000,2500000000,29,24,80,133
1040180000,493340000,966480000,2500000000,43,27,89,159
1238490000,549960000,711550000,2500000000,33,24,79,136
425610000,90270000,1984120000,2500000000,43,18,68,129
907330000,440130000,1152540000,2500000000,47,21,84,152
1014620000,225930000,1259450000,2500000000,45,21,84,150
1310080000,64310000,1125610000,2500000000,44,18,75,137
751150000,186960000,1561890000,2500000000,37,23,83,143
1155640000,124580000,1219780000,2500000000,45,19,70,134
69600000,25090000,1805130000,1899820000,29,18,72,119
832480000,39240000,1628280000,2500000000,44,17,69,130
636190000,58860000,1804950000,2500000000,38,16,71,125
660220000,1211800000,627980000,2500000000,43,21,88,152
913430000,998440000,588130000,2500000000,42,20,83,145
679890000,72440000,1747670000,2500000000,45,17,79,141
573650000,56500000,1869850000,2500000000,39,17,74,130
560470000,129780000,1809750000,2500000000,41,16,74,131
641600000,281420000,1576980000,2500000000,39,17,75,131
640210000,1210870000,648920000,2500000000,48,30,94,172
980110000,217910000,1301980000,2500000000,47,26,93,166
646080000,670430000,1183490000,2500000000,48,24,83,155
595110000,174580000,1730310000,2500000000,46,19,85,150
1209080000,606010000,684910000,2500000000,40,23,83,146
983190000,579200000,937610000,2500000000,43,19,80,142
846320000,1118110000,535570000,2500000000,41,32,90,163
933110000,992900000,573990000,2500000000,48,27,89,164
944110000,269240000,1286650000,2500000000,35,21,72,128
517880000,1795080000,187040000,2500000000,24,16,76,116
1064310000,1190360000,245330000,2500000000,25,16,69,110
190850000,2074520000,234630000,2500000000,20,25,84,129
935320000,478700000,1085980000,2500000000,31,16,65,112
1041540000,82170000,1376290000,2500000000,43,13,66,122
396060000,1708930000,395010000,2500000000,33,30,90,153
1110260000,485770000,903970000,2500000000,41,24,88,153
183600000,1961030000,355370000,2500000000,26,24,80,130
724880000,182280000,1592840000,2500000000,45,19,81,145
594390000,61630000,1843980000,2500000000,45,15,76,136
402410000,27610000,2069980000,2500000000,43,20,72,135
1270130000,78660000,1151210000,2500000000,47,20,86,153
1301920000,503400000,694680000,2500000000,47,22,80,149
794460000,1120330000,585210000,2500000000,48,23,84,155
842490000,1061330000,596180000,2500000000,42,22,87,151
714450000,680780000,1104770000,2500000000,48,29,90,167
629000000,238150000,1589850000,2457000000,35,21,75,131
597670000,1616530000,285800000,2500000000,34,28,92,154
1550980000,281200000,667820000,2500000000,30,14,71,115
243830000,1966070000,290100000,2500000000,27,26,87,140
1606910000,654120000,238970000,2500000000,33,16,65,114
1024410000,578300000,897290000,2500000000,45,23,88,156
34550000,1713660000,751790000,2500000000,25,23,75,123
1239530000,447660000,812810000,2500000000,46,22,87,155
37280000,2119880000,342840000,2500000000,26,22,75,123
690020000,57130000,1752850000,2500000000,46,14,75,135
1031840000,98560000,1369600000,2500000000,46,18,84,148
400140000,8950000,2090910000,2500000000,42,15,68,125
783390000,121970000,1594640000,2500000000,45,18,84,147
480140000,921750000,1098110000,2500000000,40,30,90,160
878650000,236710000,1384640000,2500000000,49,21,82,152
798640000,60840000,1640520000,2500000000,47,27,85,159
853310000,27900000,1618790000,2500000000,43,21,70,134
501390000,542470000,1456140000,2500000000,19,19,69,107
1216750000,996140000,287110000,2500000000,24,15,64,103
409460000,1089130000,1001410000,2500000000,18,21,81,120
1541900000,612110000,345990000,2500000000,37,29,91,157
536460000,1284280000,679260000,2500000000,24,24,80,128
1343560000,826630000,329810000,2500000000,33,20,76,129
893740000,1404890000,201370000,2500000000,24,16,67,107
44820000,2109150000,346030000,2500000000,20,25,80,125
803680000,1391890000,304430000,2500000000,32,21,82,135
18500000,2292360000,189140000,2500000000,16,24,76,116
483710000,1619160000,397130000,2500000000,30,25,86,141
1428450000,266610000,804940000,2500000000,46,19,73,138
94710000,1807480000,597810000,2500000000,32,26,80,138
1412780000,471920000,615300000,2500000000,44,21,77,142
216350000,1928740000,354910000,2500000000,24,21,73,118
551600000,83850000,1864550000,2500000000,44,17,78,139
1087540000,200940000,1211520000,2500000000,45,17,77,139
1528790000,402640000,568570000,2500000000,48,20,76,144
986300000,3360000,1510340000,2500000000,45,23,79,147
841060000,21000000,1637940000,2500000000,42,17,65,124
1280930000,11660000,1207410000,2500000000,46,28,77,151
850970000,74050000,1574980000,2500000000,45,16,73,134
204720000,872360000,1338080000,2415160000,21,23,77,121
575720000,1643750000,280530000,2500000000,25,20,72,117
728890000,1435370000,335740000,2500000000,24,23,73,120
1473480000,824930000,201590000,2500000000,32,14,64,110
1292470000,924620000,282910000,2500000000,36,18,73,127
9930000,2292730000,197340000,2500000000,14,22,68,104
67570000,2184610000,247820000,2500000000,21,27,85,133
828810000,1162140000,509050000,2500000000,43,19,76,138
116080000,2033440000,350480000,2500000000,19,18,62,99
1175420000,81250000,1243330000,2500000000,43,17,70,130
1394590000,207740000,897670000,2500000000,48,19,73,140
1415590000,43110000,1041300000,2500000000,47,26,79,152
680840000,14600000,1804560000,2500000000,41,11,59,111
1074340000,252850000,1172810000,2500000000,41,18,73,132
969480000,745490000,785030000,2500000000,38,18,69,125
1156350000,752920000,590730000,2500000000,40,20,72,132
1264620000,588790000,646590000,2500000000,37,17,68,122
276810000,1327810000,895380000,2500000000,36,35,84,155
640730000,958310000,900960000,2500000000,40,31,85,156
692870000,252330000,1554800000,2500000000,36,27,74,137
793160000,413980000,1292860000,2500000000,40,28,78,146
214440000,1127880000,1157680000,2500000000,37,43,93,173
283850000,1175320000,1040830000,2500000000,35,42,82,159
255720000,1658200000,586080000,2500000000,34,34,78,146
446520000,934250000,1119230000,2500000000,33,30,76,139
263940000,715570000,1520490000,2500000000,41,44,90,175
205840000,610980000,1683180000,2500000000,42,42,90,174
166910000,1707590000,625500000,2500000000,35,41,86,162
365600000,1534670000,599730000,2500000000,34,37,80,151
15230000,436570000,2048200000,2500000000,35,43,94,172
22180000,601810000,1876010000,2500000000,36,41,85,162
964370000,806040000,729590000,2500000000,36,29,88,153
1468510000,411360000,620130000,2500000000,41,19,71,131
1327370000,752710000,419920000,2500000000,40,24,77,141
1067810000,1002000000,430190000,2500000000,44,29,88,161
806860000,855670000,837470000,2500000000,37,25,87,149
467430000,1280980000,751590000,2500000000,35,30,92,157
956170000,459100000,1084730000,2500000000,34,19,71,124
922820000,792310000,784870000,2500000000,36,25,81,142
1136900000,647150000,715950000,2500000000,39,18,73,130
683540000,1293670000,522790000,2500000000,40,26,80,146
859130000,905500000,735370000,2500000000,39,34,85,158
789370000,822960000,887670000,2500000000,39,30,88,157
1288110000,140890000,1071000000,2500000000,39,20,67,126
1264570000,62770000,1172660000,2500000000,41,18,74,133
1222410000,375670000,901920000,2500000000,41,20,72,133
1125080000,523750000,851170000,2500000000,40,24,78,142
318550000,1485600000,695850000,2500000000,34,32,81,147
264370000,1628380000,607250000,2500000000,40,27,77,144
354230000,1293010000,852760000,2500000000,38,30,80,148
661100000,1125350000,713550000,2500000000,39,27,77,143
269150000,1348830000,882020000,2500000000,36,36,82,154
303880000,1820060000,376060000,2500000000,39,37,81,157
232610000,1069780000,1197610000,2500000000,39,36,81,156
212030000,1713210000,574760000,2500000000,35,37,83,155
127890000,505330000,1866780000,2500000000,34,38,83,155
28320000,298730000,2172950000,2500000000,34,40,89,163
204620000,470980000,1824400000,2500000000,38,38,85,161
35070000,631080000,1833850000,2500000000,39,44,91,174
32010000,4790000,1470490000,1507290000,26,31,68,125
180130000,1746720000,573150000,2500000000,36,39,88,163
39690000,967930000,1492380000,2500000000,33,39,88,160
1029850000,810560000,659590000,2500000000,45,28,85,158
1351690000,405250000,743060000,2500000000,43,24,77,144
1238160000,675910000,585930000,2500000000,41,20,74,135
1080860000,450890000,968250000,2500000000,40,18,71,129
1300710000,713230000,486060000,2500000000,36,22,76,134
1127600000,877270000,495130000,2500000000,37,28,91,156
883170000,812090000,804740000,2500000000,41,32,90,163
1004760000,918320000,576920000,2500000000,39,25,83,147
1211980000,368600000,919420000,2500000000,39,20,73,132
1407410000,542010000,550580000,2500000000,37,17,78,132
1085970000,742850000,671180000,2500000000,43,21,76,140
566870000,1534910000,398220000,2500000000,40,24,84,148
955100000,922870000,622030000,2500000000,44,22,76,142
1059450000,707110000,733440000,2500000000,38,19,69,126
974220000,963370000,562410000,2500000000,41,24,79,144
1001140000,600140000,898720000,2500000000,42,24,81,147
749020000,1307250000,443730000,2500000000,39,27,75,141
984680000,1010610000,504710000,2500000000,39,22,74,135
532150000,1502560000,465290000,2500000000,41,27,84,152
908530000,1112960000,478510000,2500000000,42,26,79,147
476110000,1209880000,814010000,2500000000,38,30,81,149
530840000,1250530000,718630000,2500000000,42,35,87,164
1231720000,754020000,514260000,2500000000,40,30,82,152
887240000,1007720000,605040000,2500000000,42,31,92,165
160830000,942900000,1396270000,2500000000,39,38,85,162
257620000,1150380000,1092000000,2500000000,39,39,86,164
340200000,1237640000,922160000,2500000000,41,34,81,156
456670000,738670000,1304660000,2500000000,42,37,86,165
147200000,1516480000,836320000,2500000000,37,37,80,154
152640000,1039260000,1308100000,2500000000,41,40,85,166
31540000,505340000,1963120000,2500000000,35,39,84,158
172310000,980360000,1347330000,2500000000,40,37,89,166
198830000,1818670000,482500000,2500000000,34,34,81,149
90200000,1672980000,736820000,2500000000,34,34,87,155
71080000,758850000,1670070000,2500000000,33,33,86,152
924050000,726400000,849550000,2500000000,41,19,73,133
894270000,895140000,710590000,2500000000,39,26,83,148
794200000,1063030000,642770000,2500000000,41,28,83,152
674350000,822520000,1003130000,2500000000,40,25,80,145
990520000,1126850000,382630000,2500000000,36,18,70,124
796390000,1030520000,673090000,2500000000,37,20,74,131
556370000,1586080000,357550000,2500000000,33,20,75,128
923410000,705260000,871330000,2500000000,41,20,72,133
987320000,972950000,539730000,2500000000,41,26,85,152
1003420000,974470000,522110000,2500000000,42,30,88,160
1110350000,680680000,708970000,2500000000,40,20,74,134
1104810000,694970000,700220000,2500000000,43,24,80,147
397850000,1757560000,344590000,2500000000,41,29,83,153
1170090000,648810000,681100000,2500000000,42,25,79,146
327990000,1832170000,339840000,2500000000,40,35,87,162
1052370000,896820000,550810000,2500000000,43,23,80,146
387090000,1676860000,436050000,2500000000,39,27,86,152
1304160000,748530000,447310000,2500000000,43,28,86,157
248220000,1736240000,515540000,2500000000,43,31,93,167
261390000,1836180000,402430000,2500000000,45,31,91,167
777340000,1308020000,414640000,2500000000,42,29,86,157
676480000,1190880000,632640000,2500000000,42,30,88,160
682640000,1116580000,700780000,2500000000,42,35,89,166
733430000,1157540000,609030000,2500000000,40,36,92,168
214660000,1254410000,1030930000,2500000000,42,35,89,166
642520000,1178310000,679170000,2500000000,43,35,92,170
323390000,1351510000,825100000,2500000000,42,35,95,172
694180000,1147540000,658280000,2500000000,43,29,87,159
98180000,671680000,1730140000,2500000000,39,36,88,163
13100000,72780000,2414120000,2500000000,33,26,73,132
649260000,1215730000,635010000,2500000000,39,23,78,140
620120000,678750000,1201130000,2500000000,43,27,79,149
507820000,1505190000,486990000,2500000000,39,24,73,136
777180000,541720000,1181100000,2500000000,44,29,88,161
752940000,1057330000,689730000,2500000000,38,23,78,139
747380000,1133410000,619210000,2500000000,42,32,83,157
1098130000,715280000,686590000,2500000000,40,25,81,146
907070000,1189870000,403060000,2500000000,42,26,86,154
416480000,1641940000,441580000,2500000000,41,28,81,150
762960000,633690000,1103350000,2500000000,44,25,81,150
1262090000,118760000,1119150000,2500000000,42,24,70,136
308070000,63710000,1742820000,2114600000,37,33,77,147
210500000,26710000,2262790000,2500000000,35,18,67,120
265160000,30460000,2204380000,2500000000,27,22,50,99
383690000,19000000,2097310000,2500000000,23,20,59,102
606570000,70190000,1823240000,2500000000,37,25,65,127
670290000,110220000,1719490000,2500000000,33,17,56,106
718380000,129570000,1652050000,2500000000,27,20,55,102
43040000,83950000,2178920000,2305910000,20,21,52,93
652630000,147160000,1700210000,2500000000,27,24,64,115
8020000,68250000,1436430000,1512700000,23,34,70,127
105770000,1436530000,957700000,2500000000,33,37,85,155
222050000,1818210000,459740000,2500000000,31,34,78,143
1968860000,135570000,395570000,2500000000,42,26,70,138
566180000,51510000,1647090000,2264780000,37,31,72,140
1381980000,114950000,1003070000,2500000000,42,31,80,153
38630000,5380000,1054940000,1098950000,21,17,49,87
1128660000,35670000,1335670000,2500000000,34,15,59,108
1078440000,23910000,1397650000,2500000000,28,12,60,100
1724200000,57340000,718460000,2500000000,42,22,56,120
1982860000,30920000,486220000,2500000000,38,17,59,114
567120000,22190000,1910690000,2500000000,27,23,61,111
1146720000,51540000,1301740000,2500000000,40,21,62,123
583630000,46890000,1869480000,2500000000,24,24,60,108
400680000,82100000,2017220000,2500000000,26,25,56,107
1077190000,127230000,1295580000,2500000000,37,26,67,130
429670000,98220000,1972110000,2500000000,25,24,57,106
688480000,271630000,1539890000,2500000000,34,31,67,132
617480000,99070000,1783450000,2500000000,34,24,63,121
826390000,146600000,1527010000,2500000000,40,30,71,141
272410000,50790000,2176800000,2500000000,22,22,56,100
551760000,95740000,1852500000,2500000000,38,31,65,134
152900000,1703390000,643710000,2500000000,33,37,80,150
434000000,1621480000,444520000,2500000000,35,33,78,146
200640000,1324940000,974420000,2500000000,33,36,80,149
192750000,1326190000,981060000,2500000000,33,34,83,150
100920000,1144010000,1255070000,2500000000,32,39,89,160
109420000,1193370000,1197210000,2500000000,35,36,85,156
24420000,910000,1034960000,1060290000,16,10,34,60
1842920000,221370000,435710000,2500000000,44,30,72,146
1145350000,61760000,1280700000,2487810000,42,31,77,150
776810000,552920000,1170270000,2500000000,44,36,84,164
76930000,72320000,1712390000,1861640000,31,30,65,126
1705560000,96110000,698330000,2500000000,36,16,55,107
1823960000,176220000,499820000,2500000000,44,31,71,146
1576720000,328880000,594400000,2500000000,45,30,76,151
1293810000,383590000,822600000,2500000000,46,31,79,156
985690000,138840000,1375470000,2500000000,34,21,64,119
1466770000,93490000,939740000,2500000000,33,16,63,112
1186140000,360780000,953080000,2500000000,46,30,81,157
1270100000,361550000,868350000,2500000000,40,28,72,140
562990000,116090000,1820920000,2500000000,30,31,66,127
1105580000,138590000,1255830000,2500000000,42,30,72,144
1054430000,116720000,1328850000,2500000000,31,25,69,125
650470000,152580000,1696950000,2500000000,42,28,73,143
367460000,87210000,2045330000,2500000000,36,25,73,134
769750000,151120000,1579130000,2500000000,43,23,68,134
708870000,102100000,1689030000,2500000000,33,30,72,135
169700000,181010000,2149290000,2500000000,34,29,70,133
884890000,234800000,1380310000,2500000000,46,34,76,156
803980000,194620000,1501400000,2500000000,35,27,71,133
802550000,370130000,1327320000,2500000000,45,35,82,162
47800000,212970000,1963460000,2224230000,27,27,67,121
56380000,196370000,2210960000,2463710000,29,30,74,133
1106740000,416820000,976440000,2500000000,47,36,87,170
497720000,269980000,1719130000,2486830000,45,35,86,166
1310580000,600840000,588580000,2500000000,43,35,84,162
892930000,204960000,1402110000,2500000000,40,33,83,156
1827770000,156840000,515390000,2500000000,38,26,66,130
1792380000,344000000,363620000,2500000000,42,28,68,138
1282000000,702750000,515250000,2500000000,42,27,75,144
1485930000,572130000,441940000,2500000000,44,34,79,157
1403140000,115130000,981730000,2500000000,40,26,79,145
1273730000,404060000,822210000,2500000000,40,37,82,159
984550000,39410000,1476040000,2500000000,34,27,68,129
1484930000,29750000,985320000,2500000000,37,21,67,125
552550000,90260000,1857190000,2500000000,31,25,67,123
950920000,115990000,1433090000,2500000000,37,27,70,134
629070000,489730000,1381200000,2500000000,41,37,84,162
624900000,147020000,1728080000,2500000000,42,30,72,144
53310000,14980000,2377420000,2445710000,19,16,50,85
448360000,49270000,2002370000,2500000000,33,23,64,120
734460000,173720000,1591820000,2500000000,29,23,61,113
1089910000,229300000,1180790000,2500000000,37,25,69,131
242530000,53230000,2204240000,2500000000,22,19,53,94
340980000,414640000,1743110000,2498730000,22,20,64,106
541710000,336020000,1456070000,2333800000,19,14,49,82
265500000,255450000,1714810000,2235760000,19,13,51,83
1045640000,415830000,1038530000,2500000000,28,18,62,108
784890000,791750000,923360000,2500000000,15,14,48,77
827240000,1193430000,479330000,2500000000,31,19,74,124
1353660000,783320000,363020000,2500000000,30,18,63,111
193080000,1060360000,1246560000,2500000000,22,18,65,105
451610000,1765220000,283170000,2500000000,21,21,70,112
69130000,700600000,1689360000,2459090000,19,18,72,109
705190000,1410250000,384560000,2500000000,26,17,68,111
725910000,1592440000,181650000,2500000000,20,18,65,103
481230000,1564240000,454530000,2500000000,28,20,78,126
1238460000,892460000,369080000,2500000000,27,17,65,109
18440000,345760000,1936580000,2300780000,17,30,84,131
36860000,1199530000,1263610000,2500000000,19,28,89,136
348410000,1740180000,411410000,2500000000,37,19,79,135
8390000,1114030000,1377580000,2500000000,15,26,78,119
74290000,764520000,1575780000,2414590000,17,16,53,86
352620000,745790000,1401590000,2500000000,20,12,54,86
1163150000,997550000,339300000,2500000000,29,16,70,115
584210000,1469330000,446460000,2500000000,26,16,65,107
616170000,694140000,1189690000,2500000000,30,19,73,122
1004160000,977020000,518820000,2500000000,28,19,71,118
907690000,1164570000,427740000,2500000000,28,21,71,120
1231250000,798090000,470660000,2500000000,27,18,71,116
337490000,1799530000,362980000,2500000000,28,18,73,119
1137290000,689480000,673230000,2500000000,27,19,70,116
41310000,724320000,1516110000,2281740000,19,16,69,104
648860000,1510710000,340430000,2500000000,32,17,72,121
35690000,2026440000,437870000,2500000000,27,30,88,145
267740000,1101210000,1131050000,2500000000,39,32,99,170
159640000,282030000,1722820000,2164490000,28,25,80,133
1344560000,71200000,1084240000,2500000000,41,16,65,122
1329850000,515690000,654460000,2500000000,46,25,86,157
1524580000,183190000,792230000,2500000000,45,21,75,141
1332070000,547030000,620900000,2500000000,47,25,79,151
1447230000,15280000,1037490000,2500000000,45,19,71,135
720170000,10860000,1768970000,2500000000,42,18,69,129
1413060000,16730000,1070210000,2500000000,46,22,71,139
991320000,7930000,1500750000,2500000000,41,16,65,122
45920000,220230000,1907700000,2173850000,13,15,54,82
750580000,1299360000,450060000,2500000000,30,22,73,125
762160000,1177710000,560130000,2500000000,24,16,67,107
473080000,1431420000,595500000,2500000000,31,20,72,123
1219970000,496620000,783410000,2500000000,29,17,70,116
52680000,710660000,1519980000,2283320000,15,18,65,98
505630000,1741450000,252920000,2500000000,23,23,73,119
13540000,180320000,1356600000,1550460000,10,15,52,77
57550000,890800000,1359040000,2307390000,9,12,57,78
418830000,125340000,1955830000,2500000000,32,17,70,119
1532740000,485950000,481310000,2500000000,50,33,89,172
1369870000,543220000,586910000,2500000000,42,31,99,172
1635300000,494930000,369770000,2500000000,49,32,90,171
1801770000,80300000,617930000,2500000000,46,16,77,139
1465620000,333710000,700670000,2500000000,45,23,80,148
1675880000,317490000,506630000,2500000000,49,20,76,145
1373870000,623800000,502330000,2500000000,44,24,77,145
1585150000,477370000,437480000,2500000000,48,29,85,162
1411150000,18600000,1070250000,2500000000,44,21,68,133
1251960000,53590000,1194450000,2500000000,37,17,61,115
1759600000,10470000,729930000,2500000000,46,19,70,135
1535670000,154350000,809980000,2500000000,41,20,74,135
980560000,1079210000,440230000,2500000000,30,19,71,120
1121870000,911160000,466970000,2500000000,32,17,72,121
236810000,2124850000,138340000,2500000000,19,16,56,91
771090000,1371290000,357620000,2500000000,24,18,76,118
8550000,1999790000,491660000,2500000000,9,24,68,101
379330000,1964080000,156590000,2500000000,21,19,59,99
65220000,1748290000,686490000,2500000000,14,21,69,104
546460000,560720000,1392820000,2500000000,24,22,63,109
113990000,485980000,1900030000,2500000000,20,26,67,113
380550000,545860000,1573590000,2500000000,24,26,73,123
1661730000,334760000,503510000,2500000000,32,19,58,109
1368060000,903600000,228340000,2500000000,43,27,81,151
1461750000,628480000,409770000,2500000000,39,19,78,136
699520000,1130120000,670360000,2500000000,32,24,81,137
1002000000,939930000,558070000,2500000000,29,18,66,113
1406180000,660310000,433510000,2500000000,46,22,81,149
1269430000,894900000,335670000,2500000000,45,24,86,155
784740000,1514270000,200990000,2500000000,37,28,89,154
854970000,1263790000,381240000,2500000000,39,31,94,164
1879650000,44750000,575600000,2500000000,42,17,66,125
1481500000,364600000,653900000,2500000000,44,22,73,139
1536440000,544800000,418760000,2500000000,44,20,73,137
996100000,1290410000,213490000,2500000000,43,21,80,144
378680000,1706240000,415080000,2500000000,24,22,70,116
62630000,780800000,1641210000,2484640000,17,18,52,87
132650000,1940250000,427100000,2500000000,16,19,60,95
195530000,1873440000,431030000,2500000000,13,19,53,85
406370000,248240000,1845390000,2500000000,23,21,61,105
558110000,457040000,1484850000,2500000000,23,23,74,120
1199030000,954200000,346770000,2500000000,25,20,70,115
1677690000,270440000,551870000,2500000000,23,15,59,97
978130000,1363680000,158190000,2500000000,31,22,78,131
704170000,1361440000,434390000,2500000000,24,22,71,117
796040000,983290000,720670000,2500000000,30,23,80,133
857100000,1228190000,414710000,2500000000,28,22,80,130
1102070000,888360000,509570000,2500000000,28,22,79,129
1001090000,1081520000,417390000,2500000000,34,30,78,142
656820000,1352140000,491040000,2500000000,32,24,80,136
648140000,964160000,887700000,2500000000,36,32,90,158
834930000,1123650000,541420000,2500000000,30,23,83,136
634850000,1333050000,532100000,2500000000,38,35,100,173
737350000,1478290000,284360000,2500000000,36,25,83,144
355140000,1678380000,466480000,2500000000,32,29,94,155
627450000,1349000000,523550000,2500000000,30,25,79,134
628980000,1251470000,619550000,2500000000,43,36,94,173
276940000,579830000,1643230000,2500000000,29,28,86,143
1013320000,310780000,1175900000,2500000000,36,24,75,135
967500000,1308240000,224260000,2500000000,19,17,59,95
1521030000,537750000,441220000,2500000000,28,14,52,94
643310000,1448220000,408470000,2500000000,27,22,82,131
1077270000,1059650000,363080000,2500000000,32,26,79,137
440600000,1598380000,461020000,2500000000,32,27,84,143
780220000,1278020000,441760000,2500000000,33,23,74,130
402720000,1702470000,394810000,2500000000,37,29,92,158
727620000,924260000,848120000,2500000000,33,26,88,147
291110000,426020000,1782870000,2500000000,40,33,81,154
234220000,1016020000,1249760000,2500000000,42,40,95,177
77750000,1121030000,1301220000,2500000000,40,41,87,168
2570000,343850000,1756860000,2103280000,27,32,74,133
481590000,1598240000,420170000,2500000000,36,24,75,135
644060000,840360000,1015580000,2500000000,46,28,82,156
563470000,1282630000,653900000,2500000000,39,25,79,143
783720000,910570000,805710000,2500000000,42,25,78,145
1124670000,677650000,697680000,2500000000,45,33,88,166
651060000,1225110000,623830000,2500000000,43,28,87,158
824080000,1070640000,605280000,2500000000,45,23,84,152
1414200000,109140000,976660000,2500000000,45,20,72,137
1249270000,505120000,745610000,2500000000,47,31,87,165
1130730000,681330000,687940000,2500000000,45,28,89,162
739140000,909360000,851500000,2500000000,47,31,94,172
921180000,1188830000,389990000,2500000000,44,26,87,157
449400000,1293200000,757400000,2500000000,45,28,85,158
309600000,1728750000,461650000,2500000000,43,28,86,157
745250000,855620000,899130000,2500000000,44,25,82,151
1084270000,932670000,483060000,2500000000,43,27,84,154
1032440000,852640000,614920000,2500000000,42,30,87,159
849860000,1131160000,518980000,2500000000,43,32,90,165
1182250000,680050000,637700000,2500000000,42,27,88,157
582900000,587070000,1330030000,2500000000,43,32,92,167
369660000,1428180000,702160000,2500000000,39,32,86,157
643140000,1134480000,722380000,2500000000,40,29,90,159
309990000,1563920000,626090000,2500000000,40,36,89,165
807070000,1081140000,611790000,2500000000,43,31,91,165
90440000,105480000,2113280000,2309200000,39,26,76,141
435700000,836690000,1227610000,2500000000,43,38,89,170
18410000,399790000,1423480000,1841680000,29,29,73,131
975490000,722320000,802190000,2500000000,43,22,77,142
582280000,1428500000,489220000,2500000000,47,26,81,154
1211520000,864940000,423540000,2500000000,43,24,71,138
839790000,1068090000,592120000,2500000000,46,24,78,148
766350000,1287300000,446350000,2500000000,49,29,97,175
1156960000,594180000,748860000,2500000000,48,37,99,184
707480000,1432960000,359560000,2500000000,42,25,92,159
948640000,915730000,635630000,2500000000,46,34,100,180
416980000,1791730000,291290000,2500000000,46,31,90,167
1144790000,968020000,387190000,2500000000,46,28,88,162
525890000,1606570000,367540000,2500000000,42,30,90,162
687550000,1273670000,538780000,2500000000,44,26,89,159
816030000,933170000,750800000,2500000000,45,29,87,161
1021450000,637360000,841190000,2500000000,47,27,89,163
802790000,983060000,714150000,2500000000,45,31,94,170
1075150000,676130000,748720000,2500000000,44,27,88,159
1297360000,570550000,632090000,2500000000,43,30,87,160
946720000,729000000,824280000,2500000000,44,35,92,171
1490040000,594250000,415710000,2500000000,43,33,89,165
1241000000,584560000,674440000,2500000000,44,32,90,166
968050000,954140000,577810000,2500000000,42,35,96,173
913740000,964270000,621990000,2500000000,43,35,91,169
708290000,1325780000,465930000,2500000000,40,36,88,164
791520000,1245420000,463060000,2500000000,41,41,95,177
393540000,737660000,1368800000,2500000000,42,39,92,173
482550000,1426630000,590820000,2500000000,39,33,93,165
487020000,375540000,1637440000,2500000000,39,34,90,163
949280000,701200000,849520000,2500000000,43,33,93,169
27890000,40310000,1312320000,1380520000,34,28,79,141
306260000,485620000,1496140000,2288020000,42,32,83,157
1184390000,1114920000,200690000,2500000000,45,25,83,153
1165950000,879770000,454280000,2500000000,45,25,74,144
514690000,1751810000,233500000,2500000000,42,24,84,150
1360620000,586090000,553290000,2500000000,46,23,79,148
740190000,1454290000,305520000,2500000000,45,27,86,158
846850000,1394420000,258730000,2500000000,43,27,86,156
777900000,1414100000,308000000,2500000000,44,29,90,163
648100000,1671860000,180040000,2500000000,43,31,95,169
552410000,1648970000,298620000,2500000000,42,32,97,171
598910000,1593680000,307410000,2500000000,43,29,95,167
727690000,1274720000,497590000,2500000000,44,30,92,166
661330000,1424610000,414060000,2500000000,44,30,93,167
1141720000,998910000,359370000,2500000000,41,26,88,155
1045930000,724970000,729100000,2500000000,46,27,87,160
596970000,1502470000,400560000,2500000000,41,32,89,162
926920000,881280000,691800000,2500000000,45,29,90,164
1422860000,739120000,338020000,2500000000,39,28,88,155
1230820000,898100000,371080000,2500000000,41,26,86,153
918880000,1105290000,475830000,2500000000,38,29,84,151
885510000,1153930000,460560000,2500000000,42,33,86,161
965230000,1187530000,347240000,2500000000,40,28,89,157
1257440000,778310000,464250000,2500000000,39,35,90,164
1588450000,559260000,352290000,2500000000,41,30,87,158
1199320000,1051280000,249400000,2500000000,41,29,88,158
773560000,1206140000,520300000,2500000000,42,31,87,160
741960000,1309430000,448610000,2500000000,37,32,89,158
1087640000,1054870000,357490000,2500000000,41,27,83,151
1244340000,807730000,447930000,2500000000,41,29,90,160
1062840000,1021350000,415810000,2500000000,41,31,87,159
455470000,392940000,1567130000,2415540000,42,33,86,161
1103760000,1033810000,362430000,2500000000,40,30,79,149
446640000,1789840000,263520000,2500000000,38,33,94,165
361850000,1544410000,593740000,2500000000,40,36,95,171
941890000,1266640000,291470000,2500000000,39,29,90,158
307580000,1730770000,461650000,2500000000,37,33,95,165
1045110000,1094210000,360680000,2500000000,43,24,89,156
326190000,1870520000,303290000,2500000000,43,33,102,178
592680000,1480780000,426540000,2500000000,49,31,100,180
786430000,1295070000,418500000,2500000000,46,34,96,176
1045930000,904470000,549600000,2500000000,44,31,92,167
921180000,1106970000,471850000,2500000000,45,27,90,162
602910000,1469760000,427330000,2500000000,46,32,95,173
700630000,863180000,936190000,2500000000,46,30,92,168
513130000,1454970000,531900000,2500000000,43,34,87,164
408770000,1834220000,257010000,2500000000,44,32,91,167
754660000,1310440000,434900000,2500000000,41,34,88,163
733390000,1418370000,348240000,2500000000,41,28,89,158
472420000,1600660000,426920000,2500000000,40,36,90,166
591120000,1523580000,385300000,2500000000,40,34,90,164
437790000,1726200000,336010000,2500000000,39,36,86,161
734250000,1350080000,415670000,2500000000,40,34,91,165
818650000,1191460000,489890000,2500000000,41,36,86,163
686500000,1294130000,519370000,2500000000,39,30,89,158
489850000,1503870000,506280000,2500000000,38,30,87,155
423180000,1797640000,279180000,2500000000,37,30,87,154
1381970000,733660000,384370000,2500000000,39,29,82,150
1146400000,1004440000,349160000,2500000000,43,27,86,156
1308090000,659170000,532740000,2500000000,41,32,83,156
614750000,1577220000,308030000,2500000000,40,29,84,153
531840000,1676900000,291260000,2500000000,40,25,84,149
86830000,2162830000,250340000,2500000000,30,32,90,152
156190000,482620000,1850480000,2489290000,36,34,86,156
891460000,677120000,931420000,2500000000,47,36,90,173
823970000,1057310000,618720000,2500000000,40,35,86,161
754140000,249480000,1496380000,2500000000,40,36,88,164
68680000,223550000,1901310000,2193540000,42,38,86,166
1827970000,279210000,392820000,2500000000,41,33,75,149
1723890000,416410000,359700000,2500000000,42,30,77,149
512640000,1264250000,723110000,2500000000,45,37,85,167
1606720000,559140000,334140000,2500000000,41,34,77,152
1678520000,327990000,493490000,2500000000,43,34,79,156
573350000,216250000,1710400000,2500000000,40,37,76,153
2031290000,80010000,388700000,2500000000,39,25,68,132
1849520000,206140000,444340000,2500000000,45,31,73,149
1584710000,13050000,902240000,2500000000,40,24,69,133
1941870000,21010000,537120000,2500000000,40,25,69,134
1341380000,15480000,1143140000,2500000000,41,26,76,143
674990000,11210000,1813800000,2500000000,32,22,63,117
861590000,7660000,1630750000,2500000000,36,26,72,134
1749780000,243850000,506370000,2500000000,41,32,76,149
1553200000,602760000,344040000,2500000000,46,37,81,164
1553780000,249390000,696830000,2500000000,43,33,77,153
1215810000,384870000,899320000,2500000000,48,41,89,178
1927420000,211260000,361320000,2500000000,41,30,78,149
1631100000,243060000,625840000,2500000000,43,33,77,153
1811430000,360630000,327940000,2500000000,44,32,77,153
1738250000,237720000,524030000,2500000000,42,33,76,151
1062820000,1111470000,325710000,2500000000,44,36,86,166
1484920000,648640000,366440000,2500000000,45,33,82,160
692870000,518010000,1289120000,2500000000,44,34,85,163
1257050000,374710000,868240000,2500000000,43,35,83,161
676320000,294220000,1529460000,2500000000,44,35,83,162
396340000,230140000,1873520000,2500000000,42,35,78,155
1734910000,322920000,442170000,2500000000,47,35,85,167
1494110000,291730000,714160000,2500000000,44,35,82,161
1821420000,60310000,618270000,2500000000,38,22,63,123
1869170000,195800000,435030000,2500000000,42,30,74,146
1876480000,14440000,609080000,2500000000,43,29,73,145
1930770000,40240000,528990000,2500000000,41,27,72,140
1802420000,26820000,670760000,2500000000,40,22,72,134
1763600000,28360000,708040000,2500000000,44,24,74,142
1863240000,63130000,573630000,2500000000,45,32,79,156
1493640000,3090000,1003270000,2500000000,32,18,58,108
1658450000,930000,840620000,2500000000,32,23,54,109
1687400000,16970000,795630000,2500000000,37,17,65,119
1717430000,280000,782290000,2500000000,32,15,62,109
1200820000,2760000,1296420000,2500000000,35,18,64,117
1587340000,8750000,903910000,2500000000,43,18,69,130
1675540000,163180000,661280000,2500000000,39,29,64,132
1704180000,23550000,772270000,2500000000,39,21,67,127
1650980000,65240000,783780000,2500000000,43,30,72,145
2009820000,158960000,331220000,2500000000,40,27,73,140
778870000,175930000,1545130000,2499930000,44,39,100,183
204290000,393420000,1900860000,2498570000,46,42,98,186
1973960000,264810000,261230000,2500000000,42,30,74,146
2055000000,122390000,322610000,2500000000,40,32,74,146
1976500000,180640000,342860000,2500000000,43,33,87,163
1669970000,193220000,636810000,2500000000,43,34,83,160
1009490000,1076010000,414500000,2500000000,43,36,86,165
1869470000,211590000,418940000,2500000000,43,31,78,152
818750000,477560000,1203690000,2500000000,43,35,90,168
1023020000,888930000,588050000,2500000000,45,36,87,168
1842220000,337160000,320620000,2500000000,42,33,79,154
1134200000,769820000,595980000,2500000000,45,35,83,163
1499220000,499680000,501100000,2500000000,46,35,81,162
1850240000,200880000,448880000,2500000000,45,33,82,160
1837730000,220080000,442190000,2500000000,44,30,78,152
1666110000,428600000,405290000,2500000000,43,32,83,158
1208750000,735010000,556240000,2500000000,46,37,87,170
1893960000,43760000,562280000,2500000000,41,22,74,137
1790190000,158690000,551120000,2500000000,44,31,78,153
1818020000,154460000,527520000,2500000000,43,32,78,153
1763640000,38700000,697660000,2500000000,36,28,64,128
1800840000,36250000,662910000,2500000000,43,29,74,146
1868380000,102600000,529020000,2500000000,41,30,78,149
1908060000,223160000,368780000,2500000000,41,30,81,152
1805820000,27070000,667110000,2500000000,40,17,59,116
1798940000,32660000,668400000,2500000000,40,20,68,128
1888550000,56420000,555030000,2500000000,39,21,63,123
1767690000,93450000,638860000,2500000000,42,25,69,136
1447050000,39990000,1012960000,2500000000,41,26,66,133
1735330000,47470000,717200000,2500000000,40,23,67,130
1611180000,36330000,852490000,2500000000,32,17,54,103
1962160000,71470000,466370000,2500000000,35,17,66,118
109630000,81420000,2293590000,2484640000,38,39,90,167
1167480000,513680000,818840000,2500000000,46,36,81,163
1114620000,590400000,794980000,2500000000,46,36,94,176
925470000,314030000,1260500000,2500000000,42,34,83,159
357170000,111220000,1961090000,2429480000,39,37,89,165
1490020000,543000000,466980000,2500000000,46,36,87,169
1031920000,1069900000,398180000,2500000000,45,37,87,169
456260000,14490000,1757610000,2228360000,39,35,77,151
1123560000,101460000,1274980000,2500000000,45,37,95,177
891540000,93950000,1514510000,2500000000,42,35,89,166
522640000,45560000,1892330000,2460530000,41,36,86,163
1929070000,111940000,458990000,2500000000,44,33,78,155
1292110000,185460000,1022430000,2500000000,45,37,91,173
1691890000,18800000,789310000,2500000000,28,17,54,99
1872590000,110160000,517250000,2500000000,41,27,74,142
772070000,102910000,1625020000,2500000000,34,19,57,110
778310000,74540000,1647150000,2500000000,33,18,63,114
314120000,120450000,2065430000,2500000000,22,24,56,102
647960000,70510000,1781530000,2500000000,25,20,55,100
171540000,112860000,2215600000,2500000000,29,28,68,125
777570000,22560000,1699870000,2500000000,29,22,64,115
499010000,13540000,1987450000,2500000000,34,22,62,118
1118180000,5570000,1376250000,2500000000,31,23,57,111
1306910000,4370000,1188720000,2500000000,38,27,66,131
782120000,31470000,1686410000,2500000000,23,17,50,90
813150000,21290000,1665560000,2500000000,26,17,53,96
501700000,6350000,1991950000,2500000000,26,23,66,115
317120000,46320000,2136560000,2500000000,26,22,61,109
776980000,144070000,1578950000,2500000000,32,27,74,133
640110000,29650000,1830240000,2500000000,32,26,64,122
171440000,32040000,2118060000,2321540000,31,27,66,124
268210000,56210000,2175580000,2500000000,29,28,63,120
561970000,54830000,1883200000,2500000000,28,23,66,117
1459470000,8160000,1032370000,2500000000,31,22,65,118
1686400000,30700000,782900000,2500000000,36,22,57,115
1369560000,27100000,1103340000,2500000000,42,24,69,135
1559760000,24210000,916030000,2500000000,39,21,65,125
1270680000,3950000,1225370000,2500000000,32,19,56,107
1435920000,3330000,1060750000,2500000000,36,21,62,119
1828470000,6820000,664710000,2500000000,38,15,55,108
1602790000,4980000,892230000,2500000000,37,20,66,123
148930000,1660000,2349410000,2500000000,17,21,50,88
355280000,460000,2144260000,2500000000,29,25,64,118
1120690000,0,1379310000,2500000000,28,14,58,100
609670000,28740000,1861590000,2500000000,32,28,69,129
483770000,30130000,1986100000,2500000000,24,21,57,102
675400000,60090000,1764510000,2500000000,24,20,49,93
622100000,48290000,1829610000,2500000000,23,26,65,114
453630000,37060000,2009310000,2500000000,21,18,52,91
761390000,127380000,1611230000,2500000000,28,23,71,122
1457570000,15980000,1026450000,2500000000,33,21,57,111
1592700000,19470000,887830000,2500000000,38,17,63,118
1434560000,19040000,1046400000,2500000000,35,17,59,111
263040000,0,2236960000,2500000000,24,20,56,100
1006040000,300000,1493660000,2500000000,28,14,46,88
792240000,71800000,1635960000,2500000000,21,15,46,82
119170000,250490000,2130340000,2500000000,15,16,54,85
130900000,438690000,1930410000,2500000000,24,28,76,128
477400000,681630000,1340970000,2500000000,24,21,61,106
105220000,618700000,1776080000,2500000000,15,28,71,114
1183190000,281070000,1035740000,2500000000,29,22,69,120
56870000,557200000,1885930000,2500000000,8,15,49,72
24260000,893750000,1581990000,2500000000,5,18,49,72
330770000,1033690000,1135540000,2500000000,17,14,59,90
221650000,1157330000,1121020000,2500000000,15,11,44,70
461250000,886360000,1152390000,2500000000,19,25,69,113
35260000,588260000,1876480000,2500000000,13,25,62,100
1303310000,305530000,891160000,2500000000,21,16,53,90
262930000,735460000,1501610000,2500000000,23,19,68,110
616920000,513390000,1369690000,2500000000,16,20,67,103
169070000,1400280000,930650000,2500000000,26,22,62,110
451330000,878040000,1170630000,2500000000,27,14,54,95
187880000,615780000,1696340000,2500000000,24,14,58,96
0,47470000,2009250000,2056720000,7,9,35,51
50260000,439800000,2009940000,2500000000,11,11,43,65
397970000,721050000,1380980000,2500000000,23,21,65,109
530020000,640780000,1329200000,2500000000,23,16,60,99
127700000,801320000,1570980000,2500000000,10,14,49,73
83730000,239270000,2177000000,2500000000,13,13,48,74
725820000,541060000,1233120000,2500000000,32,26,79,137
245250000,389020000,1865730000,2500000000,24,19,61,104
147220000,1008300000,1344480000,2500000000,14,18,49,81
306530000,505730000,1687740000,2500000000,14,16,51,81
6180000,1937490000,556330000,2500000000,15,18,52,85
177070000,1199990000,1122940000,2500000000,27,27,81,135
374120000,405150000,1671490000,2450760000,23,24,74,121
382710000,485980000,1631310000,2500000000,15,13,47,75
673700000,366980000,1459320000,2500000000,20,19,64,103
222490000,214280000,2063230000,2500000000,25,23,64,112
830930000,1377630000,291440000,2500000000,23,23,72,118
435160000,1712920000,351920000,2500000000,28,21,83,132
636000000,1498810000,365190000,2500000000,25,22,79,126
1202170000,512060000,785770000,2500000000,41,17,63,121
314840000,1889230000,295930000,2500000000,30,19,83,132
358670000,1647110000,494220000,2500000000,32,29,89,150
313360000,1796120000,390520000,2500000000,26,20,75,121
5910000,2268320000,225770000,2500000000,18,28,73,119
249670000,1937590000,312740000,2500000000,29,25,86,140
305390000,1789600000,405010000,2500000000,32,29,92,153
534780000,1635340000,329880000,2500000000,30,26,79,135
337350000,1218090000,944560000,2500000000,27,31,91,149
489750000,1445250000,565000000,2500000000,26,28,86,140
768790000,1053190000,678020000,2500000000,38,27,90,155
181310000,1736630000,582060000,2500000000,32,32,97,161
451520000,1128250000,920230000,2500000000,35,27,85,147
444560000,1194570000,860870000,2500000000,30,33,91,154
774510000,1548840000,176650000,2500000000,23,16,64,103
1280690000,732240000,487070000,2500000000,35,14,63,112
231790000,1889420000,378790000,2500000000,28,29,84,141
104510000,1814790000,580700000,2500000000,29,28,93,150
15560000,2048000000,436440000,2500000000,22,35,83,140
118690000,1832470000,548840000,2500000000,36,35,98,169
5650000,2276610000,217740000,2500000000,18,28,78,124
14020000,1961030000,524950000,2500000000,22,28,82,132
268700000,1623180000,608120000,2500000000,29,33,94,156
254650000,1618250000,627100000,2500000000,29,36,100,165
35840000,2187000000,277160000,2500000000,23,27,78,128
33570000,2154280000,312150000,2500000000,25,33,89,147
169700000,1829550000,500750000,2500000000,30,27,81,138
106090000,1566320000,827590000,2500000000,29,36,96,161
612460000,994960000,892580000,2500000000,31,25,84,140
744960000,832580000,922460000,2500000000,41,40,105,186
843330000,509850000,1146820000,2500000000,38,22,82,142
811520000,734850000,953630000,2500000000,36,23,87,146
737680000,1480700000,281620000,2500000000,27,16,73,116
479230000,1465210000,555560000,2500000000,37,30,100,167
1794860000,312840000,392300000,2500000000,28,17,68,113
1721180000,417870000,360950000,2500000000,34,14,72,120
220590000,1676420000,602990000,2500000000,28,20,76,124
159970000,1895810000,444220000,2500000000,24,25,76,125
881870000,1021920000,596210000,2500000000,26,20,65,111
1268350000,696540000,535110000,2500000000,33,15,60,108
134790000,1684670000,680540000,2500000000,28,33,91,152
86870000,2003600000,409530000,2500000000,25,26,79,130
701340000,1279800000,518860000,2500000000,28,26,81,135
1199140000,868670000,432190000,2500000000,28,22,67,117
91580000,1392620000,1015800000,2500000000,29,36,99,164
60010000,1760910000,679080000,2500000000,27,35,92,154
722230000,1203200000,574570000,2500000000,27,29,85,141
271730000,1658860000,569410000,2500000000,28,30,86,144
441530000,1274430000,784040000,2500000000,29,29,83,141
118710000,918090000,1463200000,2500000000,23,30,76,129
789160000,723550000,987290000,2500000000,30,23,89,142
378760000,1775280000,345960000,2500000000,22,20,74,116
895120000,1002800000,602080000,2500000000,47,36,106,189
355380000,1352440000,792180000,2500000000,24,23,71,118
1188270000,623260000,688470000,2500000000,40,26,85,151
879890000,839650000,780460000,2500000000,49,27,90,166
1182050000,592900000,725050000,2500000000,47,24,86,157
999170000,600020000,900810000,2500000000,44,28,97,169
441800000,1166930000,891270000,2500000000,45,29,94,168
144730000,1867100000,488170000,2500000000,22,27,87,136
1434170000,368640000,697190000,2500000000,28,15,59,102
457890000,1646510000,395600000,2500000000,21,20,63,104
1584840000,221110000,694050000,2500000000,37,17,57,111
1481110000,402860000,616030000,2500000000,43,19,63,125
1640900000,438470000,420630000,2500000000,30,17,52,99
1279140000,418460000,802400000,2500000000,39,18,67,124
231200000,1750720000,518080000,2500000000,26,25,73,124
892260000,606310000,1001430000,2500000000,46,26,79,151
396610000,1313360000,790030000,2500000000,20,21,69,110
1585060000,438900000,476040000,2500000000,48,26,87,161
906630000,883910000,709460000,2500000000,36,21,81,138
1216440000,727890000,555670000,2500000000,37,24,94,155
237100000,1813140000,449760000,2500000000,24,34,89,147
364850000,1281540000,853610000,2500000000,33,26,81,140
1303630000,329190000,867180000,2500000000,33,15,67,115
751980000,1166730000,581290000,2500000000,41,32,92,165
393450000,1300640000,805910000,2500000000,44,34,100,178
897310000,524170000,1078520000,2500000000,39,32,86,157
825150000,958740000,716110000,2500000000,43,38,92,173
547560000,1614550000,337890000,2500000000,37,26,77,140
1253530000,897580000,348890000,2500000000,43,34,91,168
741120000,1120290000,638590000,2500000000,35,27,83,145
811110000,988330000,700560000,2500000000,37,30,85,152
528890000,1334950000,636160000,2500000000,38,36,88,162
446370000,1613610000,440020000,2500000000,36,33,88,157
217050000,1860520000,422430000,2500000000,32,33,86,151
542350000,1336420000,621230000,2500000000,37,31,86,154
761390000,1280000000,458610000,2500000000,40,28,85,153
243690000,1909870000,346440000,2500000000,39,31,88,158
608100000,1664970000,226930000,2500000000,42,33,89,164
534220000,1636820000,328960000,2500000000,39,37,90,166
1058940000,1134270000,306790000,2500000000,40,30,81,151
790250000,1394000000,315750000,2500000000,40,32,86,158
379250000,1745790000,374960000,2500000000,40,34,89,163
460950000,1741170000,297880000,2500000000,43,32,90,165
388230000,326410000,1756690000,2471330000,44,32,81,157
746250000,1097000000,656750000,2500000000,44,32,89,165
80980000,889000000,1530020000,2500000000,40,36,85,161
1387350000,780940000,331710000,2500000000,41,21,76,138
519760000,1780750000,199490000,2500000000,37,27,88,152
1353780000,744280000,401940000,2500000000,44,22,79,145
904040000,1132080000,463880000,2500000000,39,29,85,153
1505600000,522150000,472250000,2500000000,45,22,81,148
993130000,901640000,605230000,2500000000,41,31,90,162
1410670000,653960000,435370000,2500000000,44,29,88,161
1310700000,486290000,703010000,2500000000,45,27,75,147
1645580000,342950000,511470000,2500000000,45,24,81,150
389630000,1796860000,313510000,2500000000,34,24,86,144
725120000,1158030000,616850000,2500000000,41,27,87,155
222940000,1712480000,564580000,2500000000,37,33,93,163
736190000,1398240000,365570000,2500000000,40,28,84,152
820410000,1140610000,538980000,2500000000,38,32,86,156
847850000,1134050000,518100000,2500000000,40,32,86,158
1180250000,780500000,539250000,2500000000,39,31,88,158
774410000,1122960000,602630000,2500000000,41,30,88,159
303530000,1792710000,403760000,2500000000,38,31,86,155
612020000,1489560000,398420000,2500000000,41,31,82,154
547260000,1254800000,697940000,2500000000,45,31,91,167
503400000,1664140000,332460000,2500000000,38,31,85,154
634790000,1283280000,581930000,2500000000,40,31,87,158
355390000,1851060000,293550000,2500000000,40,34,84,158
472500000,1591200000,436300000,2500000000,39,28,81,148
497340000,1594400000,408260000,2500000000,41,34,84,159
774980000,1309730000,415290000,2500000000,41,29,85,155
689060000,1424290000,386650000,2500000000,39,29,84,152
747120000,1306660000,446220000,2500000000,43,31,88,162
1302370000,700370000,497260000,2500000000,44,27,85,156
0,0,224000000,224000000,41,33,85,159
469100000,847330000,644720000,1961150000,42,33,87,162
0,0,0,0,40,31,86,157
346770000,818750000,171060000,1336580000,42,32,85,159
10470000,0,919510000,929980000,34,23,66,123
1225890000,940640000,333470000,2500000000,45,23,81,149
1293710000,594350000,611940000,2500000000,38,24,80,142
1198500000,761530000,539970000,2500000000,45,25,78,148
826770000,1056540000,616690000,2500000000,40,29,87,156
1010750000,622940000,866310000,2500000000,46,28,84,158
1269990000,380770000,849240000,2500000000,45,21,73,139
1304550000,785940000,409510000,2500000000,45,25,76,146
1314150000,706970000,478880000,2500000000,44,20,76,140
676160000,1400430000,423410000,2500000000,36,31,87,154
649820000,1578450000,271730000,2500000000,37,27,84,148
651960000,1302080000,545960000,2500000000,37,32,87,156
527080000,1567260000,405660000,2500000000,38,31,85,154
473400000,1678770000,347830000,2500000000,38,38,90,166
880820000,1193850000,425330000,2500000000,38,32,86,156
751610000,898040000,850350000,2500000000,43,37,88,168
891620000,1070270000,538110000,2500000000,41,35,89,165
587370000,1280350000,632280000,2500000000,41,32,89,162
603050000,1376070000,520880000,2500000000,39,35,91,165
809680000,1008030000,682290000,2500000000,40,35,88,163
810380000,1039120000,650500000,2500000000,39,40,92,171
530110000,1397160000,572730000,2500000000,42,35,91,168
712660000,1311530000,475810000,2500000000,38,33,84,155
651520000,1316130000,532350000,2500000000,44,32,91,167
1238950000,484970000,776080000,2500000000,43,31,85,159
708530000,1247490000,543980000,2500000000,45,29,89,163
647510000,1193230000,659260000,2500000000,41,38,93,172
0,0,0,0,39,32,95,166
203250000,730630000,153010000,1086890000,41,31,87,159
7210000,2710000,15280000,25200000,40,27,85,152
391240000,646550000,116710000,1154500000,45,30,89,164
643020000,1114020000,742960000,2500000000,46,35,90,171
238140000,514770000,796830000,1549740000,45,41,100,186
802660000,1121160000,576180000,2500000000,41,33,82,156
735830000,1103740000,554260000,2393830000,47,37,92,176
878240000,1160570000,461190000,2500000000,44,26,86,156
199360000,1629880000,670760000,2500000000,36,31,90,157
223810000,1477550000,412850000,2114210000,35,34,99,168
388970000,1476740000,633540000,2499250000,30,29,87,146
1462070000,647630000,390300000,2500000000,43,20,74,137
1214160000,970480000,315360000,2500000000,42,22,74,138
1417520000,678970000,403510000,2500000000,41,24,74,139
1374430000,821770000,303800000,2500000000,45,26,83,154
1068180000,1006460000,425360000,2500000000,43,32,91,166
546090000,1224580000,393840000,2164510000,42,28,82,152
592190000,740650000,220970000,1553810000,43,37,97,177
8880000,4010000,2080000,14970000,38,31,90,159
375130000,1645800000,479070000,2500000000,38,35,93,166
803370000,1402850000,293780000,2500000000,43,34,90,167
505270000,1076980000,495280000,2077530000,41,39,97,177
345530000,1724790000,429680000,2500000000,40,32,94,166
585330000,1355920000,547110000,2488360000,39,36,86,161
608010000,1247960000,644030000,2500000000,39,37,90,166
298390000,464960000,268270000,1031620000,44,37,96,177
541530000,544000000,290930000,1376460000,45,40,94,179
560030000,1242090000,697880000,2500000000,45,34,91,170
709920000,1296550000,493530000,2500000000,43,32,88,163
1157810000,574240000,592720000,2324770000,45,37,93,175
593800000,322580000,241420000,1157800000,46,39,95,180
873410000,1238350000,388240000,2500000000,46,31,85,162
658350000,905420000,936230000,2500000000,45,39,95,179
1023170000,374530000,254610000,1652310000,48,37,95,180
568870000,753070000,293940000,1615880000,43,39,91,173
251160000,1492180000,169680000,1913020000,39,27,82,148
363840000,1621920000,281650000,2267410000,45,28,91,164
823620000,1145720000,530660000,2500000000,45,36,90,171
440330000,1436800000,622870000,2500000000,45,38,87,170
689920000,1299650000,510430000,2500000000,43,31,87,161
516830000,1649090000,334080000,2500000000,38,24,71,133
563580000,1668420000,268000000,2500000000,37,27,72,136
0,3340000,3190000,6530000,31,28,87,146
137890000,1045790000,457990000,1641670000,33,31,89,153
413650000,468410000,286490000,1168550000,36,26,85,147
910690000,148210000,245040000,1303940000,41,21,74,136
693720000,45260000,103010000,841990000,43,19,70,132
372200000,159130000,259090000,790420000,40,20,70,130
430520000,46040000,2023440000,2500000000,38,33,84,155
951810000,220530000,1327660000,2500000000,44,34,92,170
1326570000,436960000,736470000,2500000000,46,36,93,175
1912370000,27410000,560220000,2500000000,39,19,65,123
1858960000,167190000,473850000,2500000000,43,35,86,164
545960000,40200000,1699160000,2285320000,42,33,75,150
1036900000,117210000,1345890000,2500000000,44,36,93,173
745040000,909340000,845620000,2500000000,48,38,91,177
738820000,1189310000,571870000,2500000000,48,34,90,172
833890000,979740000,686370000,2500000000,46,28,85,159
702810000,1424340000,372850000,2500000000,44,25,77,146
592630000,359420000,1547950000,2500000000,48,34,88,170
1006910000,653540000,839550000,2500000000,45,32,82,159
155900000,30440000,2313660000,2500000000,42,34,83,159
875470000,378680000,1245850000,2500000000,45,36,96,177
905530000,309990000,1284480000,2500000000,46,36,99,181
880820000,400040000,1219140000,2500000000,46,37,102,185
1288530000,777730000,433740000,2500000000,48,42,91,181
1209000000,924720000,366280000,2500000000,49,36,95,180
1150070000,143100000,1206830000,2500000000,49,41,107,197
666400000,204610000,1628990000,2500000000,48,42,106,196
1604130000,425830000,470040000,2500000000,46,36,87,169
1780020000,388620000,331360000,2500000000,47,39,92,178
1150000000,382800000,967200000,2500000000,46,39,103,188
1266550000,433050000,800400000,2500000000,46,42,105,193
1243760000,933410000,322830000,2500000000,46,33,88,167
1406270000,650310000,443420000,2500000000,42,37,88,167
516080000,66810000,1917110000,2500000000,46,39,99,184
438540000,119520000,1809540000,2367600000,45,40,103,188
1284010000,540650000,675340000,2500000000,49,40,102,191
667290000,1286900000,545810000,2500000000,45,30,82,157
662970000,1439590000,397440000,2500000000,40,26,78,144
604440000,1437550000,458010000,2500000000,44,30,82,156
689090000,770490000,1040420000,2500000000,48,37,92,177
370270000,152270000,1939770000,2462310000,44,38,86,168
423320000,214200000,1802810000,2440330000,35,36,90,161
657460000,279850000,1562690000,2500000000,48,42,101,191
31430000,35150000,2159940000,2226520000,41,35,85,161
64480000,8080000,2079040000,2151600000,40,29,66,135
370980000,114900000,2014120000,2500000000,41,42,96,179
801290000,214780000,1483930000,2500000000,48,40,89,177
1146920000,498970000,854110000,2500000000,46,41,92,179
1460660000,563630000,475710000,2500000000,49,37,94,180
282510000,18020000,1931890000,2232420000,44,35,94,173
1330350000,894060000,275590000,2500000000,44,35,89,168
1146090000,1117030000,236880000,2500000000,44,35,86,165
1884000000,157230000,458770000,2500000000,45,37,86,168
1270770000,460380000,768850000,2500000000,49,42,93,184
1623060000,491990000,384950000,2500000000,46,35,88,169
1687920000,358880000,453200000,2500000000,44,36,89,169
1554350000,423850000,521800000,2500000000,47,41,96,184
1525520000,438230000,536250000,2500000000,48,36,87,171
1668680000,18300000,813020000,2500000000,43,20,71,134
1661370000,19200000,819430000,2500000000,32,18,64,114
1251250000,7370000,1241380000,2500000000,35,20,60,115
794870000,0,1705130000,2500000000,17,14,46,77
1203470000,146900000,1149630000,2500000000,33,21,69,123
404730000,14670000,2080600000,2500000000,24,18,48,90
370090000,21930000,2107980000,2500000000,31,26,65,122
159380000,0,2340620000,2500000000,18,21,49,88
479480000,62940000,1957580000,2500000000,30,30,71,131
127090000,13430000,2359480000,2500000000,11,20,39,70
387000000,65830000,2047170000,2500000000,17,17,48,82
1765060000,11530000,723410000,2500000000,39,20,67,126
1855410000,53050000,591540000,2500000000,40,18,66,124
1909370000,199790000,390840000,2500000000,44,30,74,148
1948770000,163250000,387980000,2500000000,44,33,77,154
1581060000,6090000,912850000,2500000000,33,24,69,126
1710280000,20060000,769660000,2500000000,40,29,75,144
1919420000,30270000,550310000,2500000000,34,18,61,113
1644780000,470000,854750000,2500000000,29,13,45,87
1688960000,5100000,805940000,2500000000,39,18,68,125
1758530000,0,741470000,2500000000,31,22,58,111
1691520000,1720000,806760000,2500000000,34,21,60,115
745830000,0,1754170000,2500000000,18,20,49,87
1302990000,1120000,1195890000,2500000000,28,17,64,109
1476140000,820000,1023040000,2500000000,28,12,47,87
465920000,0,2034080000,2500000000,23,27,63,113
835890000,7250000,1656860000,2500000000,13,19,45,77
1137950000,1930000,1360120000,2500000000,20,21,55,96
459920000,1930000,2038150000,2500000000,17,21,43,81
496670000,55660000,1719180000,2271510000,38,32,78,148
470950000,58840000,1565110000,2094900000,43,35,76,154
491290000,24270000,1984440000,2500000000,41,32,86,159
1672710000,63460000,763830000,2500000000,40,26,75,141
1604750000,2380000,892870000,2500000000,34,10,50,94
1302700000,8600000,1188700000,2500000000,30,19,60,109
1584420000,5850000,909730000,2500000000,45,29,77,151
1765180000,1310000,733510000,2500000000,44,29,76,149
621650000,0,1878350000,2500000000,22,22,53,97
495850000,160930000,1646300000,2303080000,44,40,99,183
1622430000,59050000,818520000,2500000000,43,27,80,150
1763610000,13040000,723350000,2500000000,42,26,79,147
1713870000,14540000,771590000,2500000000,44,28,78,150
1377820000,353250000,768930000,2500000000,43,22,80,145
214810000,573480000,1711710000,2500000000,31,31,79,141
1866070000,281230000,352700000,2500000000,41,21,76,138
797410000,1158150000,544440000,2500000000,34,22,79,135
1394870000,555150000,549980000,2500000000,40,22,83,145
944680000,669720000,885600000,2500000000,34,26,76,136
1383720000,440390000,675890000,2500000000,39,20,77,136
100590000,650500000,1647890000,2398980000,26,34,82,142
940180000,804260000,755560000,2500000000,35,25,83,143
198580000,696010000,1583960000,2478550000,21,33,76,130
1612470000,400360000,487170000,2500000000,44,23,83,150
678790000,1089260000,731950000,2500000000,35,29,94,158
1155960000,728540000,615500000,2500000000,43,29,100,172
1422230000,652280000,425490000,2500000000,42,23,88,153
1441570000,395720000,662710000,2500000000,43,17,67,127
636740000,1113610000,749650000,2500000000,40,25,81,146
1375380000,469430000,655190000,2500000000,43,20,70,133
899420000,775240000,825340000,2500000000,46,25,80,151
1414400000,107660000,891020000,2413080000,35,12,57,104
1444860000,122330000,827840000,2395030000,33,10,57,100
1561920000,237240000,700840000,2500000000,38,11,54,103
1055950000,880360000,563690000,2500000000,40,23,80,143
394200000,1033970000,1071830000,2500000000,33,41,100,174
111000000,2009410000,379590000,2500000000,19,16,65,100
538350000,1328860000,632790000,2500000000,36,30,92,158
334210000,1629120000,536670000,2500000000,29,27,85,141
159540000,1800420000,540040000,2500000000,31,22,79,132
929140000,1102540000,468320000,2500000000,32,21,78,131
1100730000,909450000,489820000,2500000000,37,30,91,158
869390000,1218840000,411770000,2500000000,33,25,82,140
659460000,1426690000,413850000,2500000000,39,32,92,163
229460000,1846010000,424530000,2500000000,31,27,90,148
460740000,1604110000,435150000,2500000000,32,29,90,151
313830000,1827980000,358190000,2500000000,31,35,99,165
508950000,1664570000,326480000,2500000000,25,22,75,122
243800000,1511030000,745170000,2500000000,24,24,80,128
1072620000,880830000,546550000,2500000000,38,21,69,128
1557890000,354920000,587190000,2500000000,33,13,59,105
1834750000,181550000,483700000,2500000000,37,12,58,107
1639740000,267750000,592510000,2500000000,36,15,57,108
1679170000,279360000,541470000,2500000000,36,20,58,114
493480000,1374900000,631620000,2500000000,23,24,77,124
1221370000,871020000,407610000,2500000000,37,32,102,171
653550000,130190000,1498660000,2282400000,38,28,102,168
749980000,1323080000,426940000,2500000000,32,26,86,144
460640000,1384670000,654690000,2500000000,39,39,111,189
466270000,632970000,1400760000,2500000000,35,33,99,167
295230000,209590000,1745800000,2250620000,34,34,104,172
446440000,1609410000,444150000,2500000000,34,37,103,174
394760000,1777070000,328170000,2500000000,21,23,68,112
213140000,1939640000,347220000,2500000000,27,29,84,140
39730000,2014370000,445900000,2500000000,14,32,67,113
177350000,1416020000,339600000,1932970000,31,32,88,151
560420000,1453190000,486390000,2500000000,20,22,60,102
340870000,1293820000,466320000,2101010000,27,27,79,133
108510000,958340000,426740000,1493590000,32,29,85,146
417450000,1310970000,732760000,2461180000,29,28,89,146
159560000,362480000,172170000,694210000,29,26,80,135
31320000,1023590000,1433960000,2488870000,30,34,95,159
568380000,1339700000,591920000,2500000000,27,30,98,155
58730000,299180000,2142090000,2500000000,24,36,87,147
206100000,401590000,261130000,868820000,34,36,100,170
104880000,375250000,1048970000,1529100000,28,39,95,162
739740000,1190160000,570100000,2500000000,44,33,90,167
1078540000,949170000,472290000,2500000000,47,28,85,160
832530000,980940000,686530000,2500000000,47,32,91,170
1123630000,687430000,413820000,2224880000,47,38,90,175
719440000,1502280000,278280000,2500000000,41,27,80,148
725650000,1433330000,341020000,2500000000,41,25,74,140
744620000,1340850000,414530000,2500000000,45,26,80,151
584740000,1473800000,441460000,2500000000,41,27,80,148
271700000,120000,124820000,396640000,39,15,66,120
235390000,38590000,64340000,338320000,38,17,64,119
0,0,0,0,36,34,92,162
15930000,55070000,25000000,96000000,34,32,85,151
715160000,90110000,183360000,988630000,47,38,89,174
720190000,310710000,288240000,1319140000,47,34,90,171
0,0,0,0,46,39,89,174
789570000,1111460000,598970000,2500000000,45,35,91,171
1162320000,709390000,628290000,2500000000,47,37,98,182
702580000,527090000,679140000,1908810000,49,39,94,182
270090000,634400000,327650000,1232140000,47,40,98,185
139510000,1331990000,627680000,2099180000,29,31,81,141
229830000,226530000,206490000,662850000,48,40,98,186
11950000,222140000,105530000,339620000,25,26,78,129
935590000,1014360000,550050000,2500000000,41,27,85,153
338580000,1984890000,176530000,2500000000,41,25,77,143
1133590000,563940000,802470000,2500000000,45,34,82,161
776000000,1330400000,393600000,2500000000,44,33,83,160
742130000,245580000,1512290000,2500000000,48,33,91,172
963090000,790170000,746740000,2500000000,47,33,83,163
1092250000,614420000,793330000,2500000000,46,30,83,159
1183430000,431710000,884860000,2500000000,47,40,95,182
1144310000,602020000,753670000,2500000000,46,37,93,176
893500000,478570000,1127930000,2500000000,47,34,92,173
1322890000,579590000,597520000,2500000000,44,31,79,154
908280000,335860000,1255860000,2500000000,50,38,106,194
1461880000,497040000,541080000,2500000000,47,37,93,177
1461930000,697120000,340950000,2500000000,46,40,92,178
1823920000,142940000,533140000,2500000000,49,37,87,173
1507040000,335700000,657260000,2500000000,48,34,90,172
1889930000,169140000,440930000,2500000000,46,35,85,166
2034880000,56180000,408940000,2500000000,49,33,86,168
1565040000,412400000,522560000,2500000000,45,36,85,166
1699900000,175090000,625010000,2500000000,46,33,83,162
981600000,636350000,882050000,2500000000,46,32,78,156
681660000,841260000,977080000,2500000000,48,41,94,183
1145060000,675030000,679910000,2500000000,45,34,78,157
1022710000,450400000,1026890000,2500000000,45,31,79,155
1265020000,569000000,665980000,2500000000,45,31,77,153
1156110000,612520000,731370000,2500000000,46,36,83,165
1061920000,816590000,621490000,2500000000,44,33,79,156
1125130000,776270000,598600000,2500000000,45,33,82,160
911680000,1025610000,562710000,2500000000,48,38,89,175
1076330000,1088370000,335300000,2500000000,44,31,81,156
1247620000,569800000,682580000,2500000000,47,34,88,169
1147540000,877580000,474880000,2500000000,43,27,74,144
1036770000,764380000,698850000,2500000000,48,37,89,174
1308100000,721810000,470090000,2500000000,45,33,84,162
548300000,185780000,1729710000,2463790000,48,36,102,186
206080000,29220000,1903970000,2139270000,46,37,84,167
145650000,7790000,2015600000,2169040000,38,32,88,158
1391380000,443480000,665140000,2500000000,44,37,86,167
1357030000,921630000,221340000,2500000000,44,37,89,170
1599160000,242250000,658590000,2500000000,47,36,93,176
1356460000,740120000,403420000,2500000000,47,40,101,188
1663310000,158360000,678330000,2500000000,48,35,84,167
1355740000,182160000,962100000,2500000000,44,35,83,162
1753930000,81260000,664810000,2500000000,44,32,84,160
1689760000,76080000,734160000,2500000000,42,26,80,148
1698720000,102280000,699000000,2500000000,45,32,83,160
1731170000,208040000,560790000,2500000000,47,34,87,168
1472860000,135760000,891380000,2500000000,45,30,82,157
1626890000,151920000,721190000,2500000000,48,33,84,165
1802560000,399900000,297540000,2500000000,45,35,87,167
1822590000,125780000,551630000,2500000000,48,35,84,167
1743440000,345240000,411320000,2500000000,42,37,82,161
1796250000,181150000,522600000,2500000000,39,32,83,154
651380000,903760000,944860000,2500000000,42,32,84,158
833790000,683140000,976320000,2493250000,43,29,84,156
349010000,169640000,393650000,912300000,48,39,96,183
904000000,390140000,419100000,1713240000,46,26,75,147
936890000,626610000,821930000,2385430000,45,35,81,161
395750000,245880000,870610000,1512240000,46,36,85,167
852270000,684800000,426640000,1963710000,44,31,83,158
1010280000,250480000,1239240000,2500000000,47,37,91,175
333560000,71540000,1200650000,1605750000,41,34,84,159
1752710000,199070000,548220000,2500000000,45,33,86,164
1557400000,311350000,620850000,2489600000,47,41,105,193
1009820000,286330000,941540000,2237690000,49,38,94,181
1718860000,166800000,614340000,2500000000,45,35,84,164
1678070000,93630000,728300000,2500000000,45,33,87,165
1320860000,148090000,1031050000,2500000000,41,32,84,157
1556160000,46090000,897750000,2500000000,39,30,76,145
1369210000,196190000,934600000,2500000000,47,34,82,163
1701140000,105370000,693490000,2500000000,46,36,87,169
1636050000,177150000,686800000,2500000000,46,33,79,158
1689820000,41470000,768710000,2500000000,44,23,72,139
1827920000,205730000,466350000,2500000000,42,32,77,151
1582050000,397670000,520280000,2500000000,46,36,83,165
2056060000,86210000,357730000,2500000000,44,29,80,153
1906270000,116480000,477250000,2500000000,44,30,79,153
1393290000,111710000,995000000,2500000000,47,34,87,168
951240000,159340000,640040000,1750620000,48,34,93,175
1625560000,186390000,688050000,2500000000,48,37,90,175
1207080000,259010000,1033910000,2500000000,50,36,89,175
2124260000,43090000,331580000,2498930000,45,29,76,150
1479670000,117750000,902580000,2500000000,47,32,81,160
861500000,151020000,1477960000,2490480000,51,41,105,197
1682100000,473130000,344770000,2500000000,49,39,93,181
280210000,9930000,2191480000,2481620000,48,37,94,179
1423930000,28460000,1047610000,2500000000,43,24,69,136
1637180000,209060000,653760000,2500000000,46,35,84,165
1338160000,625210000,536630000,2500000000,48,46,100,194
1745170000,318210000,436620000,2500000000,42,35,86,163
1465510000,149400000,885090000,2500000000,48,34,89,171
1626360000,146720000,726920000,2500000000,44,38,84,166
1274850000,57610000,1167540000,2500000000,42,36,93,171
1016530000,93600000,1389870000,2500000000,50,43,112,205
1339800000,32240000,1127960000,2500000000,38,29,73,140
1632090000,39420000,828490000,2500000000,46,28,82,156
1627820000,15120000,857060000,2500000000,49,31,87,167
1568530000,73170000,858300000,2500000000,45,28,81,154
1926960000,12480000,560560000,2500000000,44,29,77,150
1505280000,25800000,968920000,2500000000,41,26,69,136
1657770000,5890000,836340000,2500000000,38,24,69,131
1948690000,11220000,540090000,2500000000,41,23,66,130
1543270000,20650000,936080000,2500000000,39,27,71,137
1728010000,6020000,765970000,2500000000,38,22,63,123
1560510000,1850000,937640000,2500000000,34,21,65,120
1514210000,10610000,975180000,2500000000,40,25,73,138
1619000000,0,881000000,2500000000,31,23,59,113
1364050000,1300000,1134650000,2500000000,36,27,67,130
1677250000,770000,821980000,2500000000,20,14,49,83
1460080000,0,1039920000,2500000000,29,21,59,109
1344920000,0,1155080000,2500000000,33,22,64,119
1867040000,290000,632670000,2500000000,38,23,73,134
417940000,13190000,2068870000,2500000000,26,30,75,131
1122940000,2490000,1374570000,2500000000,18,21,52,91
194710000,0,2305290000,2500000000,19,22,54,95
629530000,4070000,1866400000,2500000000,32,31,69,132
1170000,0,2498830000,2500000000,10,19,39,68
181240000,8300000,2310460000,2500000000,17,19,51,87
1649640000,27300000,823060000,2500000000,44,30,78,152
1773910000,22110000,703980000,2500000000,47,29,74,150
1773280000,68320000,658400000,2500000000,47,32,82,161
1812220000,18560000,669220000,2500000000,43,28,84,155
1520250000,14560000,965190000,2500000000,39,26,78,143
1463120000,17120000,1019760000,2500000000,43,26,77,146
1758190000,19920000,721890000,2500000000,39,24,73,136
1851790000,15380000,632830000,2500000000,42,26,72,140
1748710000,19790000,731410000,2499910000,40,28,78,146
1560760000,9360000,929880000,2500000000,37,24,73,134
1692170000,16160000,791670000,2500000000,44,27,81,152
1720930000,5610000,773460000,2500000000,40,23,71,134
1768500000,320000,731180000,2500000000,37,31,68,136
1180000000,0,1320000000,2500000000,31,24,64,119
1719010000,0,775720000,2494730000,33,20,56,109
1258820000,0,1241180000,2500000000,31,27,72,130
1852610000,3380000,644010000,2500000000,42,31,80,153
737140000,33650000,1729210000,2500000000,28,31,68,127
442000000,0,2058000000,2500000000,32,26,66,124
410590000,23670000,2065740000,2500000000,20,30,68,118
1111720000,3080000,1385200000,2500000000,40,30,74,144
304470000,18440000,2177090000,2500000000,16,22,48,86
86450000,7430000,2406120000,2500000000,13,24,60,97
1543740000,9130000,756730000,2309600000,37,22,67,126
1746770000,22260000,725190000,2494220000,45,26,82,153
1430440000,8650000,477980000,1917070000,41,24,72,137
1033180000,4970000,624090000,1662240000,39,26,71,136
1483150000,51760000,636360000,2171270000,50,37,91,178
720540000,1382320000,397140000,2500000000,39,25,79,143
1863370000,31950000,604680000,2500000000,51,36,87,174
1911620000,92500000,401250000,2405370000,48,39,89,176
1585430000,21980000,445850000,2053260000,50,33,83,166
3700000,706980000,1633860000,2344540000,21,33,77,131
887140000,565650000,1047210000,2500000000,33,34,93,160
0,6450000,2238960000,2245410000,8,31,49,88
2092410000,7255770000,5014050000,14362230000,43,37,93,173
6123690000,1635320000,2932730000,10691740000,47,38,100,185
1065880000,6099210000,1951470000,9116560000,48,35,91,174
5755350000,2370000,3508580000,9266300000,18,22,60,100
4120020000,3430980000,3389950000,10940950000,49,32,101,182
1459020000,3379480000,847850000,5686350000,31,37,101,169
1272610000,3149950000,831990000,5254550000,34,24,83,141
10412000000,460570000,3328120000,14200690000,41,30,92,163
4238460000,9999110000,4952940000,19190510000,19,24,67,110
3166610000,3125710000,7152560000,13444880000,51,45,105,201
3552970000,5799340000,1104820000,10457130000,46,32,95,173
2709350000,3672670000,2709470000,9091490000,28,36,97,161
1132670000,678000000,7320900000,9131570000,47,37,95,179
508430000,5441430000,8320380000,14270240000,45,31,79,155
3894530000,4525900000,2030890000,10451320000,47,41,93,181
5841950000,1611350000,3328900000,10782200000,32,29,73,134
730660000,2753350000,4851030000,8335040000,41,38,92,171
3746820000,3189620000,3821170000,10757610000,32,30,92,154
5956270000,880010000,13253030000,20089310000,28,32,77,137
3558690000,5001270000,2531990000,11091950000,49,28,87,164
6153530000,564330000,7114950000,13832810000,52,28,102,182
5604340000,3541280000,3751610000,12897230000,46,29,95,170
3097580000,1925670000,4018370000,9041620000,42,33,103,178
4357030000,1718780000,4371750000,10447560000,46,42,102,190
3538510000,4089950000,2478170000,10106630000,42,48,106,196
3423630000,263400000,6394920000,10081950000,35,38,95,168
4810740000,3462160000,1544080000,9816980000,48,31,91,170
3282540000,4585750000,2463560000,10331850000,41,35,93,169
3210710000,3263710000,4303810000,10778230000,42,33,98,173
638820000,2086160000,2881210000,5606190000,44,30,88,162
940020000,8127340000,1378930000,10446290000,46,35,89,170
4863110000,3931530000,1903580000,10698220000,47,30,80,157
2303210000,4855590000,7459360000,14618160000,44,29,89,162
879530000,6569590000,2878220000,10327340000,33,34,96,163
4757540000,2461010000,3849530000,11068080000,54,43,113,210
1407190000,5392690000,5782110000,12581990000,48,36,89,173
423780000,3472000000,833660000,4729440000,35,24,89,148
1003210000,2491390000,1951270000,5445870000,43,36,104,183
1211250000,254720000,6241240000,7707210000,32,28,76,136
2494190000,114570000,9937600000,12546360000,33,35,104,172
7450830000,1466510000,2168330000,11085670000,47,36,90,173
1832220000,6667550000,2486180000,10985950000,35,37,102,174
3457110000,6458370000,3909910000,13825390000,47,37,94,178
6083980000,5229800000,6549190000,17862970000,42,37,84,163
3567550000,2379180000,7885210000,13831940000,49,38,101,188
313040000,4814840000,4953660000,10081540000,49,37,97,183
3237550000,7104360000,2047740000,12389650000,32,22,79,133
2790270000,5455540000,2441060000,10686870000,35,27,68,130
2749360000,3486810000,2093000000,8329170000,45,35,81,161
4437880000,2015070000,4305300000,10758250000,53,39,92,184
3108200000,471830000,6699670000,10279700000,38,40,107,185
2357700000,4276770000,1518870000,8153340000,49,37,85,171
3052560000,6587350000,3167340000,12807250000,55,43,122,220
3460210000,6103550000,3253120000,12816880000,54,40,110,204
2411090000,1826890000,1368400000,5606380000,45,38,97,180
3764310000,25040000,1756710000,5546060000,45,33,91,169
7412540000,157070000,3554350000,11123960000,51,37,102,190
2691200000,3556500000,6048990000,12296690000,27,29,87,143
3582790000,5262790000,2377560000,11223140000,49,36,91,176
3536290000,4537800000,2894100000,10968190000,46,36,91,173
2075150000,6969480000,1998770000,11043400000,44,39,101,184
1045870000,2980070000,1139360000,5165300000,42,24,77,143
454060000,4796990000,3544620000,8795670000,47,37,92,176
541230000,8005130000,5993950000,14540310000,32,25,93,150
3889010000,2642570000,2389490000,8921070000,50,33,82,165
1962950000,679860000,4891300000,7534110000,51,39,110,200
549500000,3741580000,854190000,5145270000,47,32,98,177
5734800000,2054270000,6502930000,14292000000,40,39,88,167
3151610000,2885890000,4415120000,10452620000,27,22,86,135
511320000,4271180000,6018730000,10801230000,51,33,97,181
3085130000,4469590000,2871550000,10426270000,44,38,97,179
2238280000,364880000,6748980000,9352140000,43,22,79,144
4554270000,3004960000,1366240000,8925470000,23,34,71,128
1285110000,6831380000,2576620000,10693110000,33,40,105,178
3945950000,2012940000,3241210000,9200100000,46,44,103,193
5600460000,368250000,3242740000,9211450000,26,23,75,124
3867120000,3597810000,1258600000,8723530000,44,39,93,176
3003170000,30220000,2086750000,5120140000,28,24,76,128
4363430000,4480800000,1493140000,10337370000,49,37,93,179
1083250000,3161550000,5091280000,9336080000,31,32,87,150
484520000,2419740000,6066220000,8970480000,48,33,89,170
4374150000,7295140000,2428600000,14097890000,30,31,90,151
3750780000,3499710000,5306500000,12556990000,40,33,99,172
2089110000,3244340000,4101320000,9434770000,39,32,95,166
1405170000,2813050000,6530120000,10748340000,34,35,94,163
1770150000,3807580000,2002370000,7580100000,36,24,77,137
4122470000,7334410000,8229980000,19686860000,33,38,104,175
4362700000,2925050000,3000950000,10288700000,33,29,81,143
5624610000,5640000,3461160000,9091410000,32,35,94,161
2803360000,1554850000,1147780000,5505990000,36,33,95,164
3211170000,3024520000,2845360000,9081050000,43,44,112,199
4476000000,3787960000,1986600000,10250560000,47,36,85,168
2577300000,3966310000,3526470000,10070080000,47,34,99,180
5503310000,42720000,3048150000,8594180000,44,37,92,173
11343530000,804190000,4534420000,16682140000,31,31,78,140
6870730000,19520000,4230650000,11120900000,47,36,98,181
5865570000,5972320000,2596450000,14434340000,39,40,100,179
835980000,3430000,7024900000,7864310000,43,42,96,181
5009150000,20730000,7884720000,12914600000,39,34,102,175
5792800000,474100000,2939870000,9206770000,48,38,87,173
4307460000,3153160000,2881350000,10341970000,41,28,88,157
1554130000,2549860000,1071340000,5175330000,50,43,100,193
4521690000,300000,5899410000,10421400000,41,22,86,149
2678140000,1034210000,4550100000,8262450000,49,31,106,186
2880200000,1203680000,5963930000,10047810000,50,30,89,169
5073290000,2719060000,3291090000,11083440000,41,24,70,135
3093450000,6081640000,1808620000,10983710000,48,29,91,168
7123060000,3440300000,5096020000,15659380000,43,36,89,168
2745140000,5574930000,1766810000,10086880000,43,49,100,192
4984900000,1384690000,5156310000,11525900000,44,40,99,183
2721610000,663100000,4769100000,8153810000,42,44,114,200
480410000,7159820000,6688730000,14328960000,33,39,105,177
2218180000,6969500000,1524990000,10712670000,28,32,83,143
1234990000,5038150000,1959350000,8232490000,49,37,93,179
3218440000,2937670000,2770000000,8926110000,53,45,111,209
5781040000,249430000,5088470000,11118940000,47,41,92,180
7266050000,4530350000,4835800000,16632200000,44,33,96,173
471240000,3700950000,6661140000,10833330000,38,35,84,157
2214650000,646190000,6633700000,9494540000,46,30,95,171
3561590000,4665590000,4457330000,12684510000,39,35,97,171
2451370000,5270320000,1194410000,8916100000,29,38,87,154
10326670000,605160000,3186610000,14118440000,50,33,107,190
3061580000,2329220000,4694870000,10085670000,37,36,103,176
845430000,1430390000,2531030000,4806850000,43,42,95,180
2202160000,6389710000,2115770000,10707640000,36,38,98,172
4069820000,4855400000,4901870000,13827090000,47,38,90,175
7265720000,6231830000,4393590000,17891140000,30,38,91,159
5220570000,102160000,5009170000,10331900000,43,43,104,190
442720000,5475870000,5721480000,11640070000,33,26,85,144
6807130000,1632540000,2644000000,11083670000,42,34,81,157
1803100000,16161020000,3490330000,21454450000,37,32,72,141
6754110000,322170000,2015350000,9091630000,51,43,96,190
7218190000,1467520000,5432810000,14118520000,46,33,91,170
1405640000,5594280000,3661840000,10661760000,52,41,91,184
4163420000,1525370000,7247680000,12936470000,43,34,90,167
843360000,4252360000,7741520000,12837240000,34,21,81,136
7127460000,608180000,3363300000,11098940000,35,39,105,179
3118850000,10855400000,2671110000,16645360000,44,37,86,167
6100120000,2324570000,1912650000,10337340000,48,35,105,188
5919610000,56310000,3280510000,9256430000,48,40,106,194
6068960000,4020320000,3641440000,13730720000,44,31,78,153
4960350000,580230000,6244160000,11784740000,47,28,88,163
700560000,5734390000,6287050000,12722000000,46,30,91,167
836630000,827860000,12817650000,14482140000,46,39,108,193
1268100000,5087150000,4074340000,10429590000,50,40,89,179
6913230000,7979100000,5043070000,19935400000,41,34,89,164
367740000,1307050000,7121200000,8795990000,45,40,93,178
4264830000,3982060000,6318610000,14565500000,32,38,94,164
5572960000,2905120000,1864420000,10342500000,36,34,87,157
4301770000,148240000,5773040000,10223050000,40,42,109,191
437980000,5963670000,3099800000,9501450000,36,37,106,179
6794030000,41120000,4298840000,11133990000,49,34,103,186
3316470000,2501020000,4635260000,10452750000,49,43,104,196
1899420000,145260000,6876730000,8921410000,43,35,82,160
2176780000,7431770000,4644030000,14252580000,39,40,104,183
3486720000,4987610000,3625270000,12099600000,32,31,94,157
2708320000,6317090000,1333550000,10358960000,45,24,74,143
2355140000,291110000,5863390000,8509640000,26,20,69,115
4844100000,8060750000,3161950000,16066800000,42,36,89,167
1342990000,166310000,8280420000,9789720000,24,19,67,110
6694770000,3508010000,2614120000,12816900000,50,37,92,179
2476560000,7553050000,5618320000,15647930000,34,36,95,165
900130000,2449580000,2131230000,5480940000,52,42,102,196
1710470000,4393540000,7132880000,13236890000,44,47,97,188
8423840000,247660000,2467850000,11139350000,54,33,100,187
7004140000,26290000,4080270000,11110700000,49,26,103,178
11153410000,1974380000,10780550000,23908340000,42,31,90,163
2307140000,5146170000,1713430000,9166740000,53,36,104,193
6372570000,2957170000,2000850000,11330590000,52,37,107,196
2440370000,5572130000,2675590000,10688090000,38,36,95,169
604680000,1702520000,3379150000,5686350000,40,30,81,151
664660000,30050000,7868640000,8563350000,49,40,89,178
2976770000,3831520000,3653840000,10462130000,31,32,79,142
2067970000,5383800000,1519600000,8971370000,42,37,96,175
725790000,1098640000,14869470000,16693900000,45,32,97,174
1599700000,2441020000,8660650000,12701370000,48,30,99,177
199370000,2040840000,8704030000,10944240000,47,37,99,183
4723780000,3244180000,2473410000,10441370000,48,42,106,196
1963900000,2555430000,4667140000,9186470000,30,15,74,119
2231010000,26160000,2903070000,5160240000,39,33,100,172
2929340000,6554110000,3187060000,12670510000,48,42,101,191
616630000,136970000,8173450000,8927050000,49,44,108,201
2928500000,8642600000,4529950000,16101050000,45,43,102,190
1556240000,1195420000,1730570000,4482230000,38,31,76,145
9264940000,123910000,5489180000,14878030000,51,40,97,188
1360040000,5124450000,7077860000,13562350000,37,44,100,181
1212440000,7872560000,7548940000,16633940000,42,37,82,161
5854890000,2597600000,2245170000,10697660000,49,35,92,176
3395790000,6584970000,2511690000,12492450000,28,28,89,145
7232970000,543370000,3322550000,11098890000,45,39,92,176
6589760000,510810000,2980990000,10081560000,30,23,84,137
2131020000,1696810000,5249130000,9076960000,43,45,98,186
9975860000,557260000,5055930000,15589050000,40,35,85,160
4138160000,8004390000,3934280000,16076830000,31,26,94,151
4393240000,6458830000,6331720000,17183790000,44,30,88,162
672680000,8825830000,7142080000,16640590000,35,33,96,164
2796580000,2408570000,3514120000,8719270000,34,33,96,163
6501730000,10405820000,3388570000,20296120000,49,37,87,173
5656430000,372210000,8046440000,14075080000,50,26,85,161
2883360000,6113420000,1998820000,10995600000,52,28,103,183
4863450000,6542500000,3127260000,14533210000,32,40,87,159
158270000,1587870000,4352210000,6098350000,47,21,82,150
8123300000,73470000,4225120000,12421890000,31,32,89,152
2012940000,7721970000,4802580000,14537490000,31,29,82,142
1841210000,186580000,6918180000,8945970000,43,50,105,198
506770000,3531920000,7670790000,11709480000,21,33,73,127
4067840000,8680000,4885690000,8962210000,51,39,89,179
2961190000,11529590000,2986040000,17476820000,31,35,84,150
3931580000,548930000,7051160000,11531670000,42,27,71,140
2332350000,5400900000,1247910000,8981160000,26,26,79,131
687490000,4013280000,5669000000,10369770000,34,35,103,172
1952980000,6817470000,1686670000,10457120000,29,28,74,131
5493610000,923180000,4182790000,10599580000,47,35,92,174
1837420000,5194850000,3424110000,10456380000,48,34,97,179
3834650000,4698430000,1814460000,10347540000,47,33,87,167
242520000,5707220000,6207520000,12157260000,41,38,106,185
3599310000,4295950000,2185680000,10080940000,33,39,89,161
3296070000,4838490000,2213010000,10347570000,47,35,100,182
1228100000,4107260000,4745970000,10081330000,49,27,93,169
2242390000,813130000,8973970000,12029490000,33,23,84,140
9735950000,3990000,5105660000,14845600000,30,37,89,156
145390000,71770000,5085990000,5303150000,34,19,79,132
2833910000,2737850000,3504140000,9075900000,45,40,99,184
420460000,874100000,14403010000,15697570000,54,41,114,209
4744320000,2956430000,2998640000,10699390000,38,36,81,155
1418180000,4274680000,8542440000,14235300000,32,35,102,169
7288460000,132610000,2945380000,10366450000,47,35,96,178
4070960000,880860000,5123800000,10075620000,34,35,94,163
6279750000,705510000,4388790000,11374050000,53,45,112,210
550480000,349480000,11945350000,12845310000,53,42,111,206
6694820000,1735000000,2535120000,10964940000,48,24,78,150
3763300000,4392650000,5242220000,13398170000,45,27,77,149
4252130000,3759400000,6171760000,14183290000,45,41,94,180
1325500000,373400000,9144060000,10842960000,47,32,73,152
8274500000,1427130000,4992870000,14694500000,23,20,66,109
3189340000,5098010000,2054540000,10341890000,28,26,80,134
5750650000,1072250000,3177840000,10000740000,26,17,71,114
1182870000,2852540000,17634290000,21669700000,48,39,96,183
2769620000,5644490000,2271820000,10685930000,42,31,77,150
4429310000,7939380000,2772260000,15140950000,46,30,81,157
4419690000,642660000,3240580000,8302930000,52,35,91,178
2439230000,4408420000,1293970000,8141620000,20,26,73,119
1294930000,5658710000,5399270000,12352910000,33,34,100,167
4490610000,2958340000,2023780000,9472730000,46,31,79,156
1272450000,1354090000,2237150000,4863690000,35,41,111,187
6763910000,586850000,5697050000,13047810000,30,30,78,138
10901030000,1008980000,2736890000,14646900000,54,37,92,183
4393140000,4046200000,3545190000,11984530000,40,36,83,159
2099380000,1416910000,5165540000,8681830000,31,35,85,151
356520000,634400000,8256200000,9247120000,33,37,89,159
767490000,6500620000,3539750000,10807860000,48,31,100,179
2284290000,6006210000,6368830000,14659330000,42,42,90,174
4376040000,1594370000,2768690000,8739100000,33,41,85,159
3455930000,2496310000,4012140000,9964380000,21,20,63,104
2479460000,3527590000,7146680000,13153730000,39,28,101,168
1305610000,5674070000,9251490000,16231170000,48,30,78,156
3228210000,4764020000,1084010000,9076240000,28,19,77,124
2030260000,397280000,7268930000,9696470000,44,37,85,166
902780000,474930000,12566480000,13944190000,48,30,91,169
715440000,3409090000,6528490000,10653020000,34,30,86,150
5930680000,5039720000,4152860000,15123260000,48,34,82,164
4768650000,3688560000,3119150000,11576360000,30,29,80,139
1906020000,231250000,6653320000,8790590000,28,28,67,123
4120750000,4491100000,5225740000,13837590000,48,33,80,161
3630240000,6844070000,2197620000,12671930000,45,32,94,171
5848990000,1937900000,3070990000,10857880000,49,43,93,185
4625400000,214890000,4872150000,9712440000,52,37,104,193
3194270000,1560490000,8016350000,12771110000,36,23,93,152
3785780000,5543260000,5169990000,14499030000,53,43,109,205
2094580000,2120000,6829730000,8926430000,38,36,90,164
1952050000,9039310000,4121070000,15112430000,47,27,95,169
5429830000,3452730000,2697180000,11579740000,31,37,103,171
1768950000,7204490000,5502320000,14475760000,44,42,125,211
1622720000,5565190000,2893640000,10081550000,47,35,89,171
8884230000,1698270000,3525910000,14108410000,34,35,97,166
4716070000,5334320000,4052540000,14102930000,31,31,82,144
381340000,1869140000,8336200000,10586680000,41,27,89,157
1977880000,495320000,5086390000,7559590000,50,39,105,194
3149400000,5016530000,2170160000,10336090000,49,44,102,195
1754040000,7355190000,1353510000,10462740000,36,38,89,163
3793930000,4158540000,2384890000,10337360000,21,31,74,126
2066740000,4974440000,2164730000,9205910000,36,34,97,167
7671220000,3937780000,2503830000,14112830000,35,39,85,159
1901960000,2484720000,6071050000,10457730000,50,46,106,202
4359590000,69870000,1957650000,6387110000,49,36,83,168
2173530000,6997880000,8113010000,17284420000,33,38,91,162
5001060000,2231280000,5946240000,13178580000,48,41,101,190
3382260000,167450000,1610490000,5160200000,39,33,99,171
5467070000,4708120000,3665210000,13840400000,44,45,99,188
868810000,1102110000,13411640000,15382560000,36,44,104,184
2390590000,2678100000,3632610000,8701300000,46,43,100,189
43210000,1222440000,6398150000,7663800000,34,21,82,137
7058470000,719760000,6664680000,14442910000,39,32,96,167
6429180000,2993300000,7355240000,16777720000,47,36,101,184
7287910000,91200000,2988290000,10367400000,34,40,88,162
4307370000,7861090000,1925000000,14093460000,51,35,106,192
8630720000,2660630000,3127490000,14418840000,45,27,88,160
4114640000,5677560000,2974920000,12767120000,47,37,106,190
5701120000,914740000,11980810000,18596670000,50,29,99,178
540880000,11557030000,2307230000,14405140000,29,31,84,144
328760000,2254100000,2317140000,4900000000,46,34,104,184
1324890000,121750000,7320700000,8767340000,52,43,107,202
6371550000,349840000,5993650000,12715040000,47,43,109,199
5655950000,1380650000,3289510000,10326110000,48,40,91,179
8192610000,109370000,3668960000,11970940000,36,32,99,167
3052700000,1589330000,5740360000,10382390000,39,40,91,170
3556240000,3301540000,3385440000,10243220000,34,34,95,163
1030240000,5989280000,3062220000,10081740000,49,41,102,192
135660000,1223720000,3790660000,5150040000,47,34,101,182
3710950000,6955080000,4535700000,15201730000,33,37,105,175
2344570000,2873210000,5025610000,10243390000,33,35,88,156
577480000,6892620000,3321940000,10792040000,50,47,106,203
3661020000,3755190000,3041450000,10457660000,47,37,93,177
2245810000,6206410000,9646200000,18098420000,20,32,81,133
236330000,723660000,3724230000,4684220000,47,38,84,169
683270000,2892950000,10723770000,14299990000,47,32,96,175
6291460000,1787420000,2253430000,10332310000,30,30,92,152
830470000,10680570000,4594720000,16105760000,34,23,77,134
1603780000,9339720000,4261440000,15204940000,43,35,94,172
1526450000,4413800000,5403670000,11343920000,51,34,86,171
1174350000,618970000,3622470000,5415790000,50,37,90,177
1066180000,2071100000,7948400000,11085680000,50,40,98,188
3589790000,5830000,1790110000,5385730000,41,39,98,178
3432740000,3302740000,4016530000,10752010000,51,33,96,180
7761440000,511360000,2089770000,10362570000,33,24,84,141
2506480000,5296850000,1322980000,9126310000,43,36,95,174
1760170000,6451060000,1601350000,9812580000,27,25,65,117
5380500000,9310520000,2904020000,17595040000,35,32,92,159
2888920000,505230000,10439040000,13833190000,30,22,77,129
1969590000,4847020000,4353860000,11170470000,47,37,91,175
1415450000,1948370000,7880850000,11244670000,47,37,84,168
3110480000,860190000,9861910000,13832580000,49,34,98,181
8189970000,6258980000,5646360000,20095310000,38,36,99,173
3114420000,1428080000,627730000,5170230000,51,23,84,158
2015180000,604830000,7263630000,9883640000,38,39,106,183
1283540000,4857750000,4849550000,10990840000,44,45,93,182
2493510000,651100000,11154270000,14298880000,50,23,88,161
7853320000,1214640000,2035770000,11103730000,44,28,91,163
1223020000,2571100000,6867790000,10661910000,46,36,97,179
1858890000,6906530000,1947260000,10712680000,45,33,93,171
1831520000,1257240000,9597560000,12686320000,53,38,106,197
3255310000,4487580000,3035380000,10778270000,49,32,97,178
200280000,1608600000,7488210000,9297090000,44,33,81,158
4140720000,3422370000,3200160000,10763250000,42,44,108,194
474330000,7173810000,2819640000,10467780000,55,33,108,196
2795720000,6074550000,1694540000,10564810000,35,27,78,140
2885440000,2293130000,4907040000,10085610000,47,36,95,178
2943220000,62900000,11778640000,14784760000,44,36,85,165
2892110000,6003400000,1887780000,10783290000,45,39,93,177
3412010000,5218390000,1711440000,10341840000,44,34,88,166
1962680000,7396000000,1428360000,10787040000,39,43,114,196
1634760000,690630000,2734690000,5060080000,20,32,72,124
3561040000,3853560000,3553880000,10968480000,48,39,92,179
1231690000,7496000000,1614670000,10342360000,34,40,113,187
3326710000,2999320000,4116480000,10442510000,33,26,74,133
1919720000,389890000,6269440000,8579050000,41,32,102,175
3799150000,3180080000,976040000,7955270000,45,41,111,197
6429830000,80810000,2695750000,9206390000,34,45,112,191
3762060000,5104330000,1856800000,10723190000,50,35,89,174
3922790000,4554140000,1979440000,10456370000,45,36,94,175
6308990000,5180830000,3628130000,15117950000,30,34,73,137
269900000,2765650000,2094320000,5129870000,44,40,97,181
4114430000,9090160000,5463080000,18667670000,44,37,93,174
3159710000,5080140000,1841250000,10081100000,31,37,89,157
716440000,12660000,8813270000,9542370000,32,39,84,155
6959020000,3175990000,2532030000,12667040000,31,42,95,168
2819700000,1296370000,9737010000,13853080000,41,37,91,169
7355050000,654900000,3094120000,11104070000,53,38,94,185
1357470000,3493790000,4320610000,9171870000,33,48,101,182
1592170000,1856350000,1424920000,4873440000,43,42,92,177
2722320000,6829560000,1390410000,10942290000,48,32,95,175
6489700000,2973540000,7433100000,16896340000,38,40,111,189
5729150000,49490000,4593920000,10372560000,41,38,94,173
1968710000,6123490000,879030000,8971230000,25,36,95,156
5536000000,1207590000,3588960000,10332550000,51,35,92,178
3205760000,4764860000,2762620000,10733240000,44,36,93,173
1803450000,3913300000,3238820000,8955570000,33,28,82,143
6907650000,4972430000,2217450000,14097530000,44,35,90,169
3056400000,2781260000,4432220000,10269880000,40,20,86,146
538130000,4013100000,8005630000,12556860000,45,34,85,164
5805410000,1757380000,3190430000,10753220000,46,30,96,172
854020000,7580880000,2248350000,10683250000,49,37,96,182
1016950000,4683260000,4515400000,10215610000,32,39,89,160
139830000,4610000,5235570000,5380010000,32,39,106,177
5811220000,4277080000,3748740000,13837040000,31,33,83,147
3773870000,4189460000,8664350000,16627680000,49,43,100,192
1038650000,7975320000,1663620000,10677590000,51,43,107,201
3608080000,174440000,8667160000,12449680000,35,31,97,163
7235450000,2524770000,3162160000,12922380000,43,43,111,197
3275710000,881160000,1364150000,5521020000,26,32,86,144
2465730000,223100000,7125780000,9814610000,49,41,103,193
3496070000,4907620000,2048910000,10452600000,51,41,99,191
3742140000,6240880000,10999460000,20982480000,29,29,88,146
3065640000,7416360000,3345250000,13827250000,47,40,98,185
3145970000,3680070000,7381180000,14207220000,26,38,91,155
4155540000,865480000,1020960000,6041980000,45,38,99,182
1406530000,1965280000,1943800000,5315610000,51,32,102,185
999190000,9201360000,2595440000,12795990000,26,35,94,155
2391590000,983450000,5173870000,8548910000,37,34,93,164
904200000,5568960000,3608300000,10081460000,48,41,97,186
565170000,231950000,9416540000,10213660000,33,32,91,156
1341980000,293550000,7490820000,9126350000,43,32,78,153
7007080000,204140000,3156220000,10367440000,46,37,100,183
4983920000,3245390000,4693630000,12922940000,38,36,97,171
5613190000,2387790000,5985330000,13986310000,44,34,78,156
1763830000,7144560000,4913600000,13821990000,21,33,81,135
4252210000,2268840000,3936050000,10457100000,41,37,91,169
3280090000,1013820000,4526750000,8820660000,27,31,84,142
3170330000,7030430000,2878400000,13079160000,38,42,92,172
242940000,929130000,4123500000,5295570000,35,41,100,176
2604410000,10345020000,4381000000,17330430000,40,24,84,148
8925930000,2892260000,3716860000,15535050000,55,46,114,215
5569060000,2649050000,1606080000,9824190000,39,32,84,155
5802340000,4290080000,3744970000,13837390000,43,39,91,173
967980000,6122330000,1611930000,8702240000,25,27,73,125
249930000,619610000,11439450000,12308990000,54,33,110,197
3155490000,4250440000,2659180000,10065110000,47,31,90,168
2177650000,60000000,11620730000,13858380000,44,34,80,158
1384780000,2253510000,5397750000,9036040000,45,40,95,180
4447570000,4480840000,1408980000,10337390000,31,31,85,147
1431750000,2289850000,1158130000,4879730000,30,39,78,147
4518650000,3519330000,5890800000,13928780000,26,41,92,159
4468040000,5758540000,3965220000,14191800000,38,31,100,169
815650000,7915820000,1946120000,10677590000,33,34,98,165
892130000,1755180000,1232000000,3879310000,44,41,93,178
8588420000,861990000,2138410000,11588820000,44,30,78,152
260030000,1210050000,7125430000,8595510000,27,27,90,144
443610000,3673280000,3960560000,8077450000,45,37,87,169
6679410000,53370000,3639700000,10372480000,35,42,94,171
2471370000,0,8317080000,10788450000,47,39,94,180
1224300000,5079230000,2762610000,9066140000,44,33,83,160
3773750000,5744470000,4750370000,14268590000,47,31,88,166
3828510000,3195390000,3552930000,10576830000,36,26,85,147
2435110000,6293750000,5465200000,14194060000,48,42,120,210
5455420000,3324660000,5533740000,14313820000,42,42,95,179
3419730000,4460980000,1641190000,9521900000,48,29,91,168
423330000,1751970000,3380780000,5556080000,49,39,99,187
1738080000,5912880000,1584910000,9235870000,49,41,97,187
3011070000,4515200000,2555120000,10081390000,33,28,82,143
1728970000,8098020000,949990000,10776980000,31,37,92,160
1121190000,4018150000,700620000,5839960000,36,20,79,135
3453910000,4744440000,2509380000,10707730000,50,40,97,187
181380000,8657900000,4596570000,13435850000,37,30,93,160
1809150000,1430590000,4953060000,8192800000,33,22,81,136
315370000,1737030000,3238160000,5290560000,50,44,103,197
340980000,414640000,1743110000,2498730000,43,31,90,164
2717420000,4912820000,1270710000,8900950000,27,26,79,132
5397790000,4979720000,3460360000,13837870000,45,33,105,183
51940000,592880000,5113730000,5758550000,50,37,110,197
277460000,4222120000,966320000,5465900000,42,46,97,185
4154520000,35730000,6187350000,10377600000,33,38,89,160
14688690000,27952050000,9023890000,51664630000,50,39,100,189
12891920000,16781290000,13916200000,43589410000,25,37,84,146
19628590000,20562120000,11596040000,51786750000,54,37,107,198
13282860000,166980000,41177660000,54627500000,40,44,121,205
14881250000,35178610000,10094750000,60154610000,50,44,105,199
17826320000,10828950000,11713230000,40368500000,47,48,104,199
15064380000,22349510000,8553070000,45966960000,56,44,112,212
17889730000,2107760000,23510120000,43507610000,52,40,102,194
8957080000,18148920000,21587510000,48693510000,44,47,116,207
2073070000,4412760000,54919280000,61405110000,33,38,107,178
5883180000,23724300000,28192840000,57800320000,47,44,106,197
13900660000,25092300000,10624150000,49617110000,38,45,104,187
14965880000,1222320000,21780950000,37969150000,57,45,124,226
8162880000,19297090000,14794490000,42254460000,56,44,98,198
13221510000,11356920000,13809820000,38388250000,46,49,107,202
4803840000,1966650000,34607750000,41378240000,51,37,114,202
3030560000,837470000,36680400000,40548430000,47,48,104,199
1797920000,2257600000,34752040000,38807560000,46,45,99,190
12553060000,28615090000,36034690000,77202840000,53,41,108,202
33167960000,12165360000,36107490000,81440810000,49,43,106,198
15270310000,23760700000,13912760000,52943770000,48,48,113,209
15784620000,25286150000,10907860000,51978630000,51,45,110,206
11580610000,30457730000,15324200000,57362540000,49,42,103,194
30362510000,684480000,11947190000,42994180000,54,43,110,207
19591240000,16984710000,12811690000,49387640000,39,36,109,184
24252420000,9161280000,13754140000,47167840000,50,41,109,200
8273730000,1614490000,32612830000,42501050000,52,46,106,204
27248640000,9751460000,21769490000,58769590000,53,41,105,199
7219870000,33346430000,24673610000,65239910000,48,49,133,230
7118680000,26156020000,20222810000,53497510000,48,41,99,188
43835390000,2086680000,26912550000,72834620000,51,46,110,207
14091400000,19996590000,22906130000,56994120000,53,41,106,200
11415770000,26229500000,8570230000,46215500000,53,46,108,207
19544130000,15180960000,13267060000,47992150000,52,48,112,212
11756050000,1455940000,28711920000,41923910000,51,43,116,210
13333760000,11333080000,15435020000,40101860000,41,44,119,204
34919660000,995760000,18445420000,54360840000,34,40,109,183
34975890000,526460000,18949380000,54451730000,51,40,106,197
5169130000,24539980000,23816040000,53525150000,54,40,102,196
33686740000,7585480000,17589280000,58861500000,52,43,98,193
9365240000,18310450000,11931190000,39606880000,48,52,123,223
1616780000,11550140000,6674330000,19841250000,51,39,101,191
20416320000,11384840000,34305170000,66106330000,51,38,105,194
12443740000,445970000,39245040000,52134750000,47,44,121,212
19794290000,29494230000,13996920000,63285440000,50,42,106,198
9653380000,21743400000,23034960000,54431740000,47,46,104,197
12929890000,23778110000,12149510000,48857510000,45,41,111,197
9490840000,29054350000,15060180000,53605370000,49,42,110,201
28834080000,10426110000,16796220000,56056410000,46,42,112,200
27050410000,4847480000,17165950000,49063840000,36,45,107,188
29791400000,1229480000,21382880000,52403760000,50,40,103,193
9773830000,4290270000,18661090000,32725190000,51,42,101,194
43876940000,3613830000,17280410000,64771180000,49,52,122,223
16662590000,19693870000,19013700000,55370160000,54,42,100,196
26680330000,14110580000,15566590000,56357500000,51,39,119,209
11932860000,11760670000,14911630000,38605160000,51,44,102,197
16262000000,14490300000,10622070000,41374370000,46,45,103,194
11209730000,18255080000,9565020000,39029830000,37,45,118,200
16138370000,2336730000,33847770000,52322870000,24,32,83,139
2340480000,3054520000,41821380000,47216380000,50,46,105,201
12823290000,14414890000,27032890000,54271070000,51,46,104,201
10961480000,10167890000,14165020000,35294390000,46,42,101,189
20709620000,5080060000,16447540000,42237220000,49,44,105,198
29415400000,1505480000,15629810000,46550690000,57,41,121,219
13424810000,18323140000,12130760000,43878710000,50,44,110,204
2770640000,11569500000,26021290000,40361430000,48,49,123,220
12250760000,17575360000,29610010000,59436130000,43,47,111,201
13999180000,14524430000,10338550000,38862160000,55,45,116,216
18577640000,3277450000,17131130000,38986220000,35,47,119,201
17355570000,20340560000,18755270000,56451400000,46,42,95,183
2680990000,23726370000,28364030000,54771390000,51,37,112,200
16500030000,31514430000,9609920000,57624380000,51,41,105,197
17551490000,17429310000,12284260000,47265060000,49,42,100,191
13676080000,22550730000,14738420000,50965230000,56,46,122,224
11621170000,22565880000,7874330000,42061380000,48,42,102,192
7244610000,19895150000,23611560000,50751320000,50,48,129,227
15093100000,673430000,38229560000,53996090000,55,44,118,217
12939490000,27874090000,7838720000,48652300000,56,45,115,216
18174150000,27388190000,10238220000,55800560000,56,39,109,204
11576320000,23049290000,18956660000,53582270000,56,42,115,213
3444290000,5493000000,35781910000,44719200000,39,44,107,190
24132740000,32879810000,13481510000,70494060000,51,47,109,207
6212380000,33818070000,18840230000,58870680000,36,41,105,182
1529010000,20763580000,23195220000,45487810000,37,43,106,186
3001750000,16128280000,25736320000,44866350000,40,47,103,190
11281740000,21613460000,9727610000,42622810000,52,45,119,216
7291570000,17239340000,15584640000,40115550000,54,45,121,220
23450220000,13990370000,15417440000,52858030000,56,44,116,216
5618500000,38042770000,10145470000,53806740000,33,44,119,196
13045570000,6998190000,17440480000,37484240000,52,40,112,204
11285860000,10492030000,11315120000,33093010000,56,48,117,221
15711640000,10835970000,16140270000,42687880000,49,41,106,196
2214010000,17439270000,28660930000,48314210000,51,42,110,203
7034310000,29974940000,28031460000,65040710000,58,52,138,248
16463740000,26311820000,15075740000,57851300000,44,41,106,191
2836310000,17490720000,24759330000,45086360000,39,46,110,195
5660560000,12961240000,38924810000,57546610000,56,38,112,206
17847290000,32538430000,14964060000,65349780000,43,39,115,197
12100120000,642410000,41208810000,53951340000,49,45,102,196
18891520000,18865830000,9059510000,46816860000,45,38,100,183
11647100000,15655130000,10029540000,37331770000,44,42,107,193
6683910000,18388650000,17583910000,42656470000,46,43,98,187
33323030000,102200000,17948590000,51373820000,55,44,99,198
11654110000,14382380000,28809150000,54845640000,50,41,101,192
7132580000,1865720000,29916160000,38914460000,48,38,96,182
11928490000,8132020000,20054130000,40114640000,52,45,110,207
14199140000,6840040000,21612590000,42651770000,47,39,97,183
22298410000,27870410000,19829840000,69998660000,40,31,105,176
10982920000,12567980000,17831740000,41382640000,48,55,114,217
1285630000,4822580000,27849770000,33957980000,59,46,127,232
20299730000,16165660000,16070510000,52535900000,33,49,108,190
22661210000,9584630000,31872900000,64118740000,34,44,103,181
30163560000,57544970000,107645890000,195354420000,60,55,143,258
80996830000,22814490000,67703020000,171514340000,60,62,148,270
76968540000,115537360000,115058780000,307564680000,54,46,116,216
13953150000,16335420000,197429650000,227718220000,43,49,124,216
66577320000,12682960000,136928270000,216188550000,52,45,121,218
47163560000,91930370000,50242170000,189336100000,48,44,127,219
50034300000,53889740000,55448490000,159372530000,54,47,124,225
102071690000,21188030000,64444540000,187704260000,61,48,133,242
77965350000,62211590000,48867330000,189044270000,59,56,124,239
22204670000,37805940000,85725570000,145736180000,56,49,128,233
95968740000,1424720000,156615460000,254008920000,53,53,119,225
37421650000,69208740000,32885290000,139515680000,47,55,142,244
65980720000,185163160000,167165830000,418309710000,54,61,136,251
114210640000,11545900000,69482260000,195238800000,44,53,141,238
28751070000,94805900000,89321050000,212878020000,47,56,128,231
42638570000,77079600000,86474740000,206192910000,56,49,126,231
54196210000,71731130000,44037440000,169964780000,55,54,114,223
61368850000,83663580000,36119730000,181152160000,60,50,131,241
39264900000,49084600000,35091750000,123441250000,57,57,129,243
71309690000,52287350000,75765090000,199362130000,63,54,144,261
45132270000,68323450000,61721890000,175177610000,60,48,121,229
115967580000,5921170000,138577760000,260466510000,50,49,128,227
37958670000,96868090000,71293300000,206120060000,52,46,116,214
57571510000,80592210000,39896920000,178060640000,56,49,128,233
11176450000,59243360000,169341580000,239761390000,56,52,125,233
45530540000,55580010000,108130200000,209240750000,56,46,114,216
73279230000,66218060000,102147870000,241645160000,59,51,124,234
64310780000,113304950000,44242410000,221858140000,44,51,124,219
227629860000,85623790000,337075220000,650328870000,65,55,149,269
389106510000,41598560000,417029550000,847734620000,67,68,167,302
316509120000,349641450000,362144630000,1028295200000,67,70,157,294
44804660000,177304230000,503427630000,725536520000,69,63,164,296
160615010000,332926950000,324455220000,817997180000,50,62,149,261
228918450000,332404750000,228670510000,789993710000,61,58,138,257
274160590000,429170400000,447113540000,1150444530000,60,59,148,267
1596762660000,1695128470000,2708204500000,6000095630000,90,93,235,418
