Natural,Human_dominated,Area_Total,natural_sp,human_dominated_sp,Sp_Total
1822740000,667400000,2490140000,11,108,119
1830020000,368020000,2198040000,8,91,99
1353510000,1146490000,2500000000,9,101,110
1805400000,694600000,2500000000,6,106,112
2051990000,448010000,2500000000,12,114,126
737370000,1762630000,2500000000,10,113,123
1937070000,562930000,2500000000,9,91,100
343800000,2156200000,2500000000,10,115,125
501320000,1998680000,2500000000,15,122,137
1344410000,1155590000,2500000000,13,113,126
1014590000,1485410000,2500000000,14,116,130
2038490000,461510000,2500000000,9,98,107
1472190000,1027810000,2500000000,11,103,114
1742930000,757070000,2500000000,7,100,107
2251490000,248510000,2500000000,8,88,96
1976680000,523320000,2500000000,13,114,127
1657940000,842060000,2500000000,8,99,107
1544700000,955300000,2500000000,19,121,140
523780000,1976220000,2500000000,13,114,127
967930000,1532070000,2500000000,12,115,127
322380000,2177620000,2500000000,9,104,113
464110000,2035890000,2500000000,18,132,150
1635650000,864350000,2500000000,11,109,120
1420850000,1079150000,2500000000,14,121,135
1592970000,907030000,2500000000,22,145,167
1619130000,120200000,1739330000,14,108,122
1622260000,877740000,2500000000,15,116,131
1628260000,871740000,2500000000,7,84,91
850770000,1649230000,2500000000,9,114,123
1100250000,1399750000,2500000000,16,123,139
407710000,2092290000,2500000000,21,132,153
985640000,1514360000,2500000000,21,132,153
2128180000,141730000,2269910000,7,67,74
1889280000,495440000,2384720000,8,100,108
1550210000,949790000,2500000000,8,94,102
2019500000,480500000,2500000000,8,86,94
1927880000,572120000,2500000000,9,107,116
1845970000,654030000,2500000000,8,91,99
2150780000,349220000,2500000000,10,109,119
2208470000,291530000,2500000000,10,102,112
1598690000,901310000,2500000000,7,97,104
1808700000,691300000,2500000000,10,108,118
1531200000,968800000,2500000000,7,90,97
1843890000,656110000,2500000000,13,106,119
1912290000,587710000,2500000000,14,108,122
1592480000,907520000,2500000000,11,108,119
1734990000,765010000,2500000000,10,98,108
1644700000,855300000,2500000000,14,118,132
1608330000,891670000,2500000000,15,119,134
2130480000,369520000,2500000000,13,124,137
1830290000,669710000,2500000000,10,114,124
1659630000,840370000,2500000000,12,115,127
1707070000,792930000,2500000000,9,89,98
2177630000,322370000,2500000000,10,112,122
2102720000,397280000,2500000000,5,81,86
1775140000,724860000,2500000000,19,133,152
1437240000,1062760000,2500000000,14,132,146
843320000,1656680000,2500000000,14,118,132
1858980000,641020000,2500000000,14,127,141
2191560000,308440000,2500000000,17,109,126
2151550000,348450000,2500000000,11,117,128
1765880000,74160000,1840040000,19,63,82
2076890000,260260000,2337150000,14,61,75
2024390000,475610000,2500000000,20,66,86
2403210000,96790000,2500000000,17,73,90
1651870000,848130000,2500000000,13,77,90
2054800000,445200000,2500000000,15,69,84
2477390000,15820000,2493210000,22,75,97
1829250000,670750000,2500000000,13,85,98
2341340000,94470000,2435810000,17,68,85
2063250000,436750000,2500000000,20,76,96
1513050000,986950000,2500000000,9,78,87
1504350000,995650000,2500000000,11,85,96
2234380000,103690000,2338070000,21,85,106
383920000,2116080000,2500000000,6,70,76
1129180000,1370820000,2500000000,14,68,82
1387140000,1092460000,2479600000,15,76,91
406620000,2093380000,2500000000,10,75,85
618720000,1881280000,2500000000,7,80,87
501400000,1998600000,2500000000,6,73,79
616580000,1883420000,2500000000,8,83,91
472840000,2027160000,2500000000,6,72,78
343270000,2156730000,2500000000,11,80,91
1836440000,613290000,2449730000,21,83,104
1853580000,646420000,2500000000,17,72,89
964680000,1535320000,2500000000,19,134,153
1188070000,1311930000,2500000000,20,89,109
947110000,1552890000,2500000000,12,75,87
535120000,1964880000,2500000000,6,79,85
583480000,1916520000,2500000000,22,78,100
2435280000,64720000,2500000000,24,78,102
1345490000,1154510000,2500000000,18,137,155
699700000,1800300000,2500000000,13,106,119
1396180000,1103820000,2500000000,20,135,155
752730000,1747270000,2500000000,20,130,150
1226050000,1273950000,2500000000,26,151,177
1286650000,1213350000,2500000000,19,122,141
1892890000,181400000,2074290000,11,95,106
1308130000,1191870000,2500000000,22,136,158
87550000,2412450000,2500000000,11,96,107
513530000,1986470000,2500000000,19,125,144
1258770000,1241230000,2500000000,11,102,113
1692790000,807210000,2500000000,17,121,138
1360100000,1139900000,2500000000,13,111,124
771600000,1728400000,2500000000,20,134,154
1845850000,654150000,2500000000,17,126,143
1993390000,506610000,2500000000,19,119,138
547420000,1952580000,2500000000,11,102,113
394410000,2105590000,2500000000,13,125,138
1007080000,1492920000,2500000000,15,114,129
1610700000,889300000,2500000000,14,109,123
831070000,1668930000,2500000000,12,106,118
492760000,2007240000,2500000000,18,127,145
2022500000,477500000,2500000000,19,116,135
1390810000,1109190000,2500000000,15,107,122
1868760000,631240000,2500000000,10,100,110
1165530000,1334470000,2500000000,10,89,99
1357670000,1142330000,2500000000,11,115,126
2209120000,290880000,2500000000,16,103,119
1149990000,1350010000,2500000000,22,120,142
1218180000,1281820000,2500000000,13,110,123
843630000,1656370000,2500000000,21,134,155
1255000000,1245000000,2500000000,13,96,109
1645130000,854870000,2500000000,14,108,122
1900960000,599040000,2500000000,14,115,129
2251890000,248110000,2500000000,17,110,127
2122380000,377620000,2500000000,18,110,128
1811090000,688910000,2500000000,18,119,137
1339720000,1160280000,2500000000,23,135,158
1261150000,1238850000,2500000000,17,124,141
1753420000,746580000,2500000000,19,124,143
1811250000,688750000,2500000000,17,131,148
329360000,2170640000,2500000000,13,131,144
1456620000,1043380000,2500000000,19,132,151
2121830000,378170000,2500000000,17,131,148
2171740000,328260000,2500000000,17,125,142
290790000,2209210000,2500000000,13,125,138
597630000,1902370000,2500000000,13,130,143
1143390000,1356610000,2500000000,14,126,140
974700000,1525300000,2500000000,17,135,152
99810000,2400190000,2500000000,11,118,129
228040000,2271960000,2500000000,13,118,131
252440000,2247560000,2500000000,13,123,136
634040000,1865960000,2500000000,15,122,137
2375540000,124460000,2500000000,20,118,138
1459490000,1040510000,2500000000,17,129,146
2300830000,199170000,2500000000,16,118,134
1136230000,1363770000,2500000000,20,130,150
1945410000,294390000,2239800000,12,100,112
1583190000,96940000,1680130000,15,99,114
936160000,1563840000,2500000000,21,141,162
1180730000,1319270000,2500000000,16,129,145
1827190000,672810000,2500000000,22,137,159
1788180000,711820000,2500000000,16,127,143
1475620000,1024380000,2500000000,20,135,155
367500000,2132500000,2500000000,13,125,138
537400000,1962600000,2500000000,17,122,139
1926620000,573380000,2500000000,18,136,154
1511720000,988280000,2500000000,14,121,135
1905060000,594940000,2500000000,20,130,150
1538440000,961560000,2500000000,15,130,145
1764640000,735360000,2500000000,16,131,147
1307760000,1192240000,2500000000,15,131,146
1875410000,122590000,1998000000,10,95,105
1825160000,669770000,2494930000,18,116,134
1276270000,1223730000,2500000000,18,128,146
2076140000,423860000,2500000000,13,113,126
1415780000,1084220000,2500000000,13,122,135
1654040000,845960000,2500000000,16,122,138
2083610000,416390000,2500000000,13,103,116
2042990000,457010000,2500000000,18,131,149
1938070000,561930000,2500000000,15,129,144
1321080000,1178920000,2500000000,18,136,154
1298140000,1201860000,2500000000,16,129,145
1903480000,596520000,2500000000,17,130,147
1038190000,1461810000,2500000000,23,150,173
1921200000,578800000,2500000000,19,119,138
1225670000,1274330000,2500000000,21,137,158
1464960000,1035040000,2500000000,15,127,142
1009050000,1490950000,2500000000,19,122,141
1983170000,132880000,2116050000,15,111,126
436390000,2063610000,2500000000,10,117,127
881230000,1618770000,2500000000,21,138,159
1760470000,739530000,2500000000,16,106,122
1066210000,1433790000,2500000000,16,122,138
631580000,1868420000,2500000000,24,140,164
1048140000,1451860000,2500000000,21,135,156
1292510000,1207490000,2500000000,24,138,162
1972980000,527020000,2500000000,16,116,132
1311990000,1188010000,2500000000,22,143,165
1719790000,780210000,2500000000,20,119,139
2240110000,259890000,2500000000,25,129,154
2112140000,78760000,2190900000,11,107,118
1660730000,806010000,2466740000,16,131,147
1999300000,500700000,2500000000,8,109,117
753520000,1746480000,2500000000,13,119,132
1702530000,42170000,1744700000,11,110,121
1818100000,69360000,1887460000,8,97,105
1506150000,993850000,2500000000,15,123,138
1952880000,222800000,2175680000,14,127,141
1554460000,32990000,1587450000,6,98,104
439770000,2060230000,2500000000,17,140,157
1106750000,1393250000,2500000000,15,134,149
200320000,2299680000,2500000000,11,114,125
1523610000,976390000,2500000000,15,140,155
234910000,2265090000,2500000000,13,122,135
209810000,2290190000,2500000000,12,125,137
236620000,2263380000,2500000000,11,115,126
204880000,2295120000,2500000000,16,140,156
241170000,2258830000,2500000000,17,129,146
197540000,2302460000,2500000000,15,126,141
2251490000,248510000,2500000000,13,112,125
822430000,1677570000,2500000000,18,121,139
1372780000,1127220000,2500000000,24,135,159
797690000,1702310000,2500000000,20,115,135
1493510000,1006490000,2500000000,23,119,142
2317500000,182500000,2500000000,25,128,153
620890000,1879110000,2500000000,10,112,122
1629250000,870750000,2500000000,8,107,115
301250000,2198750000,2500000000,7,127,134
799220000,1700780000,2500000000,7,111,118
331740000,2168260000,2500000000,15,129,144
719800000,1780200000,2500000000,15,129,144
634030000,1865970000,2500000000,17,139,156
1898960000,601040000,2500000000,16,95,111
1343590000,1156410000,2500000000,13,98,111
1469770000,770760000,2240530000,12,88,100
1510470000,274970000,1785440000,15,89,104
1883580000,461070000,2344650000,20,99,119
1722330000,777670000,2500000000,21,80,101
1404670000,1095000000,2499670000,15,79,94
2379390000,120610000,2500000000,16,68,84
1975310000,524690000,2500000000,27,105,132
2152840000,347160000,2500000000,23,92,115
1699150000,800850000,2500000000,13,101,114
2147030000,350620000,2497650000,16,106,122
1553160000,945820000,2498980000,19,103,122
1755110000,744890000,2500000000,14,91,105
534260000,1965740000,2500000000,12,94,106
1410020000,1089980000,2500000000,18,109,127
638920000,1861080000,2500000000,19,107,126
875830000,1624170000,2500000000,14,101,115
1333680000,1166320000,2500000000,19,113,132
1016710000,1483290000,2500000000,13,111,124
1253270000,1246730000,2500000000,14,111,125
1732700000,767300000,2500000000,32,122,154
2097340000,401630000,2498970000,13,106,119
931920000,1568080000,2500000000,17,117,134
909410000,1590590000,2500000000,12,109,121
1742310000,515190000,2257500000,18,114,132
1772390000,727610000,2500000000,26,103,129
1246130000,1253870000,2500000000,18,110,128
1930390000,569610000,2500000000,26,107,133
756500000,1743500000,2500000000,16,106,122
1881500000,618500000,2500000000,10,99,109
1373830000,1126170000,2500000000,14,106,120
1710990000,789010000,2500000000,11,104,115
817580000,1682420000,2500000000,16,108,124
461120000,2038880000,2500000000,13,110,123
514780000,1985220000,2500000000,10,100,110
588760000,1911240000,2500000000,7,95,102
1709030000,297260000,2006290000,18,92,110
720870000,1779130000,2500000000,16,110,126
424320000,2075680000,2500000000,11,111,122
545900000,1954100000,2500000000,15,113,128
1181720000,1318280000,2500000000,29,117,146
231540000,2268460000,2500000000,13,104,117
615670000,1884330000,2500000000,22,119,141
91800000,2408200000,2500000000,12,105,117
169140000,2330860000,2500000000,17,115,132
85240000,2414760000,2500000000,10,107,117
287080000,2212920000,2500000000,15,109,124
218880000,2281120000,2500000000,19,118,137
134430000,2365570000,2500000000,18,117,135
1521200000,978800000,2500000000,22,126,148
777680000,1722320000,2500000000,17,116,133
817590000,1682410000,2500000000,18,115,133
1119600000,1380400000,2500000000,13,108,121
1462730000,1037270000,2500000000,21,120,141
903090000,1596910000,2500000000,24,126,150
923250000,1576750000,2500000000,28,115,143
1883560000,616440000,2500000000,10,99,109
1438270000,795600000,2233870000,30,118,148
950190000,1549810000,2500000000,17,106,123
352980000,2147020000,2500000000,7,97,104
856410000,1643590000,2500000000,16,120,136
413470000,2086530000,2500000000,11,116,127
2026790000,473210000,2500000000,17,105,122
1327940000,1172060000,2500000000,20,118,138
1453650000,853480000,2307130000,21,114,135
54290000,2445710000,2500000000,12,101,113
203760000,2296240000,2500000000,17,109,126
228290000,2271710000,2500000000,16,114,130
146110000,2353890000,2500000000,17,115,132
57350000,2442650000,2500000000,14,105,119
70940000,2429060000,2500000000,14,104,118
140270000,2359730000,2500000000,16,110,126
80930000,2419070000,2500000000,16,119,135
193760000,2306240000,2500000000,16,122,138
185010000,2314990000,2500000000,10,106,116
1150740000,1349260000,2500000000,24,114,138
312260000,2187740000,2500000000,13,121,134
243800000,2256200000,2500000000,9,110,119
223270000,2276730000,2500000000,14,116,130
191520000,2308480000,2500000000,13,116,129
1761050000,706990000,2468040000,20,127,147
316850000,2183150000,2500000000,13,115,128
1489760000,791280000,2281040000,14,127,141
246490000,2253510000,2500000000,8,108,116
416730000,2083270000,2500000000,9,113,122
390630000,2109370000,2500000000,11,117,128
2383990000,116010000,2500000000,19,89,108
2390850000,109150000,2500000000,17,81,98
2437160000,62840000,2500000000,21,89,110
2409730000,90270000,2500000000,27,85,112
2454130000,45870000,2500000000,18,93,111
2434750000,65250000,2500000000,19,87,106
2442770000,13280000,2456050000,33,85,118
2468250000,31750000,2500000000,27,90,117
2376650000,123350000,2500000000,16,106,122
1650090000,849910000,2500000000,22,111,133
1427760000,1072240000,2500000000,21,116,137
1794490000,705510000,2500000000,30,110,140
2414440000,85560000,2500000000,19,109,128
1776590000,723410000,2500000000,23,114,137
2398030000,101970000,2500000000,21,114,135
2426760000,73240000,2500000000,27,87,114
2226640000,273360000,2500000000,24,106,130
1987290000,512710000,2500000000,33,96,129
2266190000,29250000,2295440000,20,68,88
2202790000,219830000,2422620000,25,70,95
1347020000,1152980000,2500000000,12,118,130
1754530000,741730000,2496260000,22,126,148
1350050000,1149950000,2500000000,21,128,149
1490610000,1009390000,2500000000,19,125,144
1885330000,614670000,2500000000,17,129,146
436730000,2063270000,2500000000,25,136,161
1376260000,1123740000,2500000000,23,123,146
2372710000,127290000,2500000000,20,113,133
818790000,1681210000,2500000000,8,104,112
556700000,1943300000,2500000000,7,103,110
844110000,1655890000,2500000000,10,105,115
632990000,1867010000,2500000000,9,107,116
579710000,1920290000,2500000000,13,124,137
871170000,1628830000,2500000000,11,110,121
1240860000,1259140000,2500000000,16,122,138
1763800000,281400000,2045200000,24,130,154
1405610000,1094390000,2500000000,13,115,128
2155210000,344790000,2500000000,22,124,146
605670000,1894330000,2500000000,19,138,157
2265030000,234970000,2500000000,21,123,144
1146400000,1353600000,2500000000,19,124,143
2415500000,84500000,2500000000,19,109,128
987660000,1512340000,2500000000,16,129,145
2420990000,79010000,2500000000,20,113,133
401920000,2098080000,2500000000,13,108,121
368220000,2131780000,2500000000,9,108,117
595640000,1904360000,2500000000,17,116,133
281280000,2218720000,2500000000,18,119,137
1215940000,1284060000,2500000000,13,115,128
652480000,1847520000,2500000000,11,108,119
1355480000,1144520000,2500000000,13,111,124
1490440000,1009560000,2500000000,9,107,116
817490000,1682510000,2500000000,12,115,127
1193580000,1306420000,2500000000,9,106,115
918530000,1581470000,2500000000,12,117,129
810500000,1689500000,2500000000,14,115,129
655640000,1844360000,2500000000,15,131,146
407460000,2092540000,2500000000,19,133,152
764530000,1735470000,2500000000,19,137,156
557390000,1942610000,2500000000,13,116,129
638020000,1861980000,2500000000,12,125,137
586330000,1913670000,2500000000,13,128,141
773010000,1726990000,2500000000,16,134,150
699410000,1800590000,2500000000,17,130,147
1855070000,617790000,2472860000,16,122,138
2159540000,340460000,2500000000,22,130,152
1992880000,507120000,2500000000,18,123,141
1729310000,770690000,2500000000,13,120,133
1904450000,595550000,2500000000,16,132,148
2027320000,472680000,2500000000,16,118,134
1028630000,1471370000,2500000000,15,125,140
2249070000,250930000,2500000000,20,125,145
1365140000,1134860000,2500000000,21,145,166
1511300000,988700000,2500000000,26,152,178
764840000,1735160000,2500000000,13,117,130
721050000,1778950000,2500000000,17,121,138
976240000,1523760000,2500000000,13,121,134
1860570000,639430000,2500000000,11,117,128
1151460000,1348540000,2500000000,13,108,121
1021330000,1478670000,2500000000,12,119,131
1095860000,1404140000,2500000000,16,121,137
929390000,1570610000,2500000000,14,116,130
1538650000,961350000,2500000000,13,112,125
1590010000,909990000,2500000000,14,113,127
1002580000,1497420000,2500000000,16,120,136
1358420000,1141580000,2500000000,16,124,140
425980000,2074020000,2500000000,16,126,142
640500000,1859500000,2500000000,17,128,145
546820000,1953180000,2500000000,17,126,143
466990000,2033010000,2500000000,15,118,133
1726570000,773430000,2500000000,15,132,147
941750000,1558250000,2500000000,14,129,143
893830000,1606170000,2500000000,15,132,147
510920000,1989080000,2500000000,18,130,148
1929760000,432620000,2362380000,19,128,147
1647390000,574070000,2221460000,19,137,156
1361760000,1138240000,2500000000,23,135,158
1792930000,707070000,2500000000,15,121,136
1576190000,923810000,2500000000,22,140,162
1286350000,1213650000,2500000000,13,126,139
1793070000,706930000,2500000000,23,132,155
1124050000,1375950000,2500000000,19,131,150
2202680000,297320000,2500000000,17,122,139
723440000,1776560000,2500000000,16,131,147
1259110000,1240890000,2500000000,18,126,144
1052870000,1447130000,2500000000,28,144,172
1266620000,1233380000,2500000000,22,136,158
624830000,1875170000,2500000000,15,128,143
451220000,2048780000,2500000000,14,123,137
623070000,1876930000,2500000000,13,123,136
462450000,2037550000,2500000000,19,131,150
864430000,1635570000,2500000000,13,120,133
898070000,1601930000,2500000000,15,130,145
904980000,1595020000,2500000000,14,121,135
1232540000,1267460000,2500000000,10,117,127
1047290000,1452710000,2500000000,15,119,134
1319230000,1180770000,2500000000,21,143,164
1217480000,1282520000,2500000000,18,131,149
1324010000,1175990000,2500000000,25,141,166
1579000000,921000000,2500000000,21,127,148
1475210000,1024790000,2500000000,18,126,144
1458280000,1041720000,2500000000,26,141,167
1714920000,785080000,2500000000,20,127,147
519360000,1980640000,2500000000,24,137,161
993280000,1506720000,2500000000,17,130,147
881080000,1618920000,2500000000,28,152,180
856940000,1643060000,2500000000,19,135,154
702350000,1797650000,2500000000,21,136,157
744760000,1755240000,2500000000,19,139,158
712480000,1787520000,2500000000,21,133,154
870880000,1629120000,2500000000,27,148,175
1111100000,1388900000,2500000000,11,111,122
887400000,1612600000,2500000000,15,124,139
936360000,1563640000,2500000000,18,120,138
834230000,1665770000,2500000000,22,136,158
1973170000,199070000,2172240000,13,107,120
1724830000,775170000,2500000000,22,129,151
1695960000,804040000,2500000000,19,127,146
1999090000,500910000,2500000000,24,128,152
1952890000,547110000,2500000000,22,132,154
1389080000,1110920000,2500000000,26,135,161
1464150000,1035850000,2500000000,26,127,153
1610740000,889260000,2500000000,25,136,161
1420660000,1079340000,2500000000,30,135,165
1093680000,1406320000,2500000000,18,128,146
1223140000,1276860000,2500000000,23,134,157
460790000,2039210000,2500000000,11,109,120
462590000,2037410000,2500000000,10,122,132
394040000,2105960000,2500000000,12,111,123
292710000,2207290000,2500000000,11,116,127
525680000,1974320000,2500000000,15,134,149
464990000,2035010000,2500000000,7,111,118
651270000,1848730000,2500000000,15,128,143
602550000,1897450000,2500000000,11,111,122
1409720000,889160000,2298880000,11,100,111
801980000,1698020000,2500000000,13,114,127
363810000,2136190000,2500000000,18,117,135
1491480000,749430000,2240910000,17,112,129
1278450000,1221550000,2500000000,17,116,133
104920000,2395080000,2500000000,17,117,134
330820000,2169180000,2500000000,21,113,134
1455590000,1007120000,2462710000,19,124,143
2060590000,399720000,2460310000,13,100,113
300300000,2199700000,2500000000,23,130,153
1501640000,748120000,2249760000,19,120,139
185070000,2314930000,2500000000,16,116,132
619040000,1880960000,2500000000,16,128,144
501870000,1998130000,2500000000,12,129,141
879840000,1620160000,2500000000,18,133,151
557030000,1942970000,2500000000,16,123,139
413420000,2086580000,2500000000,10,111,121
726970000,1773030000,2500000000,18,127,145
1351410000,1144680000,2496090000,22,141,163
384550000,2115450000,2500000000,10,117,127
142590000,2357410000,2500000000,12,114,126
238010000,2261990000,2500000000,12,127,139
1456550000,1029400000,2485950000,19,134,153
94090000,2405910000,2500000000,17,136,153
1399800000,586000000,1985800000,15,108,123
513230000,1986770000,2500000000,17,131,148
784700000,1715300000,2500000000,18,124,142
330800000,2169200000,2500000000,15,125,140
880710000,1619290000,2500000000,17,128,145
829100000,1670900000,2500000000,16,133,149
590100000,1909900000,2500000000,12,119,131
436410000,2063590000,2500000000,17,125,142
586450000,1913550000,2500000000,16,122,138
323630000,2176370000,2500000000,16,132,148
181530000,2318470000,2500000000,14,123,137
484660000,2015340000,2500000000,18,126,144
526210000,1973790000,2500000000,18,130,148
654080000,1845920000,2500000000,22,141,163
114560000,2385440000,2500000000,16,125,141
679610000,1820390000,2500000000,27,144,171
1649580000,544670000,2194250000,17,130,147
1062020000,1437980000,2500000000,28,142,170
917610000,1582390000,2500000000,19,139,158
1155870000,1344130000,2500000000,16,121,137
1119230000,1380770000,2500000000,15,118,133
941920000,1558080000,2500000000,11,112,123
643900000,1856100000,2500000000,22,132,154
640920000,1859080000,2500000000,22,137,159
815280000,1684720000,2500000000,19,133,152
943420000,1556580000,2500000000,19,135,154
779830000,1720170000,2500000000,16,118,134
1478020000,1021980000,2500000000,18,125,143
1336530000,1163470000,2500000000,14,112,126
1327560000,1172440000,2500000000,17,119,136
644920000,1855080000,2500000000,19,132,151
852860000,1647140000,2500000000,22,145,167
452270000,2047730000,2500000000,22,139,161
310220000,2189780000,2500000000,24,142,166
485170000,2014830000,2500000000,25,146,171
1022290000,1477710000,2500000000,25,150,175
498890000,2001110000,2500000000,22,146,168
2009380000,490620000,2500000000,19,129,148
989160000,1510840000,2500000000,21,137,158
883470000,1616530000,2500000000,22,139,161
1165240000,1334760000,2500000000,27,151,178
2009150000,489170000,2498320000,22,135,157
874150000,1625850000,2500000000,15,124,139
1062290000,1437710000,2500000000,17,119,136
2290670000,91810000,2382480000,20,111,131
2312030000,115920000,2427950000,26,108,134
1465990000,13580000,1479570000,18,81,99
2365590000,134410000,2500000000,26,111,137
1890840000,609160000,2500000000,36,131,167
2388070000,111930000,2500000000,24,112,136
2428860000,71140000,2500000000,27,110,137
2474320000,25680000,2500000000,28,101,129
1672840000,827160000,2500000000,26,123,149
2374030000,125970000,2500000000,26,113,139
2471210000,28790000,2500000000,24,95,119
2468720000,31280000,2500000000,24,106,130
1754250000,8560000,1762810000,25,92,117
2121050000,378950000,2500000000,17,116,133
2048670000,451330000,2500000000,25,134,159
1859920000,640080000,2500000000,14,122,136
2366420000,133580000,2500000000,18,111,129
1990260000,509740000,2500000000,22,130,152
2100560000,399440000,2500000000,23,127,150
2396520000,103480000,2500000000,19,118,137
1954200000,545800000,2500000000,17,126,143
2369660000,130340000,2500000000,21,113,134
1728330000,171490000,1899820000,13,106,119
2398220000,101780000,2500000000,20,110,130
2374940000,125060000,2500000000,18,107,125
1098880000,1401120000,2500000000,27,125,152
1495760000,1004240000,2500000000,23,122,145
2288870000,211130000,2500000000,24,117,141
2393420000,106580000,2500000000,21,109,130
2344520000,155480000,2500000000,23,108,131
2188470000,311530000,2500000000,21,110,131
991260000,1508740000,2500000000,32,140,172
1967310000,532690000,2500000000,31,135,166
1319840000,1180160000,2500000000,28,127,155
2097780000,402220000,2500000000,23,127,150
1338320000,1161680000,2500000000,21,125,146
1213590000,1286410000,2500000000,24,118,142
926800000,1573200000,2500000000,24,139,163
1134650000,1365350000,2500000000,31,133,164
2229210000,270790000,2500000000,14,114,128
961780000,1538220000,2500000000,11,105,116
1636640000,863360000,2500000000,9,101,110
500710000,1999290000,2500000000,12,117,129
2219510000,280490000,2500000000,10,102,112
2409280000,90720000,2500000000,22,100,122
888550000,1611450000,2500000000,21,132,153
1726720000,773280000,2500000000,22,131,153
345910000,2154090000,2500000000,15,115,130
2012860000,487140000,2500000000,26,119,145
2351280000,148720000,2500000000,23,113,136
2319060000,180940000,2500000000,23,112,135
2372680000,127320000,2500000000,26,127,153
1366680000,1133320000,2500000000,26,123,149
958460000,1541540000,2500000000,28,127,155
893900000,1606100000,2500000000,23,128,151
1236920000,1263080000,2500000000,33,134,167
2153210000,303790000,2457000000,18,113,131
1216190000,1283810000,2500000000,20,134,154
2393780000,106220000,2500000000,10,105,115
664340000,1835660000,2500000000,15,125,140
2340350000,159650000,2500000000,10,104,114
1697550000,802450000,2500000000,26,130,156
99000000,2401000000,2500000000,13,110,123
1974700000,525300000,2500000000,28,127,155
73950000,2426050000,2500000000,14,109,123
2148450000,351550000,2500000000,21,114,135
2344290000,155710000,2500000000,23,125,148
2347170000,152830000,2500000000,19,106,125
2326770000,173230000,2500000000,21,126,147
1000210000,1499790000,2500000000,24,136,160
1545750000,954250000,2500000000,27,125,152
1015790000,1484210000,2500000000,26,133,159
2226950000,273050000,2500000000,24,110,134
1899020000,600980000,2500000000,8,99,107
1483350000,1016650000,2500000000,6,97,103
1412410000,1087590000,2500000000,12,108,120
1895340000,604660000,2500000000,22,135,157
1136130000,1363870000,2500000000,12,116,128
1669880000,830120000,2500000000,16,113,129
1026430000,1473570000,2500000000,10,97,107
151860000,2348140000,2500000000,13,112,125
1567700000,932300000,2500000000,19,116,135
81650000,2418350000,2500000000,14,102,116
1058710000,1441290000,2500000000,18,123,141
2267860000,232140000,2500000000,22,116,138
380420000,2119580000,2500000000,19,119,138
1921920000,578080000,2500000000,20,122,142
452160000,2047840000,2500000000,11,107,118
2292970000,207030000,2500000000,21,118,139
2097780000,402220000,2500000000,24,115,139
1990500000,509500000,2500000000,23,121,144
1422370000,1077630000,2500000000,26,121,147
2249580000,250420000,2500000000,20,104,124
1887810000,612190000,2500000000,24,127,151
2174620000,325380000,2500000000,21,113,134
1567430000,847730000,2415160000,12,109,121
822940000,1677060000,2500000000,14,103,117
1145610000,1354390000,2500000000,13,107,120
1996380000,503620000,2500000000,9,101,110
1571970000,928030000,2500000000,16,111,127
63310000,2436690000,2500000000,12,92,104
315270000,2184730000,2500000000,15,118,133
1110920000,1389080000,2500000000,20,118,138
201770000,2298230000,2500000000,6,93,99
2230190000,269810000,2500000000,23,107,130
2219930000,280070000,2500000000,26,114,140
1785660000,714340000,2500000000,26,126,152
2243760000,256240000,2500000000,19,92,111
1163290000,1336710000,2500000000,17,115,132
1055800000,1444200000,2500000000,15,110,125
1215130000,1284870000,2500000000,17,115,132
1334210000,1165790000,2500000000,13,109,122
340490000,2159510000,2500000000,17,138,155
731720000,1768280000,2500000000,21,135,156
766880000,1733120000,2500000000,17,120,137
842990000,1657010000,2500000000,16,130,146
635940000,1864060000,2500000000,24,149,173
403310000,2096690000,2500000000,18,141,159
361590000,2138410000,2500000000,16,130,146
494010000,2005990000,2500000000,15,124,139
551100000,1948900000,2500000000,25,150,175
419190000,2080810000,2500000000,25,149,174
272200000,2227800000,2500000000,24,138,162
543610000,1956390000,2500000000,19,132,151
1451840000,1048160000,2500000000,26,146,172
991940000,1508060000,2500000000,22,140,162
1080440000,1419560000,2500000000,19,134,153
1615760000,884240000,2500000000,16,115,131
1403290000,1096710000,2500000000,18,123,141
1176010000,1323990000,2500000000,24,137,161
912510000,1587490000,2500000000,21,128,149
529680000,1970320000,2500000000,18,139,157
992110000,1507890000,2500000000,12,112,124
975740000,1524260000,2500000000,15,127,142
1176690000,1323310000,2500000000,14,116,130
756060000,1743940000,2500000000,19,127,146
876230000,1623770000,2500000000,23,135,158
851150000,1648850000,2500000000,21,136,157
1527940000,972060000,2500000000,16,110,126
1344590000,1155410000,2500000000,17,116,133
1345790000,1154210000,2500000000,16,117,133
1166300000,1333700000,2500000000,19,123,142
346500000,2153500000,2500000000,16,131,147
293690000,2206310000,2500000000,21,123,144
387810000,2112190000,2500000000,20,128,148
740000000,1760000000,2500000000,20,123,143
372060000,2127940000,2500000000,19,135,154
331170000,2168830000,2500000000,21,136,157
268870000,2231130000,2500000000,22,134,156
338870000,2161130000,2500000000,19,136,155
481450000,2018550000,2500000000,21,134,155
1896300000,603700000,2500000000,22,141,163
589430000,1910570000,2500000000,23,138,161
1473670000,1026330000,2500000000,26,148,174
1483090000,24200000,1507290000,16,109,125
766980000,1733020000,2500000000,27,136,163
1435840000,1064160000,2500000000,23,137,160
1161960000,1338040000,2500000000,26,132,158
1378180000,1121820000,2500000000,21,123,144
1285150000,1214850000,2500000000,19,116,135
1108160000,1391840000,2500000000,16,113,129
1316280000,1183720000,2500000000,14,120,134
1221570000,1278430000,2500000000,21,135,156
956860000,1543140000,2500000000,23,140,163
1048780000,1451220000,2500000000,19,128,147
1247750000,1252250000,2500000000,15,117,132
1443930000,1056070000,2500000000,17,115,132
1139360000,1360640000,2500000000,18,122,140
626370000,1873630000,2500000000,18,130,148
997750000,1502250000,2500000000,21,121,142
1106180000,1393820000,2500000000,14,112,126
1015910000,1484090000,2500000000,19,125,144
1036780000,1463220000,2500000000,21,126,147
769850000,1730150000,2500000000,18,123,141
1011150000,1488850000,2500000000,17,118,135
568870000,1931130000,2500000000,25,127,152
933910000,1566090000,2500000000,21,126,147
503240000,1996760000,2500000000,18,131,149
619620000,1880380000,2500000000,23,141,164
1421710000,1078290000,2500000000,18,134,152
948280000,1551720000,2500000000,25,140,165
363980000,2136020000,2500000000,24,138,162
357260000,2142740000,2500000000,23,141,164
424770000,2075230000,2500000000,20,136,156
537850000,1962150000,2500000000,24,141,165
467930000,2032070000,2500000000,19,135,154
312600000,2187400000,2500000000,26,140,166
1929180000,570820000,2500000000,22,136,158
955120000,1544880000,2500000000,27,139,166
775680000,1724320000,2500000000,21,128,149
791810000,1708190000,2500000000,22,133,155
1717030000,782970000,2500000000,26,126,152
983850000,1516150000,2500000000,17,116,133
974240000,1525760000,2500000000,21,127,148
834770000,1665230000,2500000000,21,131,152
726340000,1773660000,2500000000,20,125,145
1013940000,1486060000,2500000000,14,110,124
824700000,1675300000,2500000000,17,114,131
572250000,1927750000,2500000000,12,116,128
940010000,1559990000,2500000000,18,115,133
1002340000,1497660000,2500000000,21,131,152
1026370000,1473630000,2500000000,22,138,160
1170850000,1329150000,2500000000,18,116,134
1188190000,1311810000,2500000000,22,125,147
447860000,2052140000,2500000000,22,131,153
1241560000,1258440000,2500000000,22,124,146
391570000,2108430000,2500000000,23,139,162
1091420000,1408580000,2500000000,21,125,146
413760000,2086240000,2500000000,22,130,152
1372840000,1127160000,2500000000,23,134,157
317010000,2182990000,2500000000,25,142,167
344980000,2155020000,2500000000,26,141,167
792710000,1707290000,2500000000,22,135,157
707180000,1792820000,2500000000,23,137,160
742460000,1757540000,2500000000,23,143,166
866100000,1633900000,2500000000,22,146,168
796320000,1703680000,2500000000,23,143,166
718800000,1781200000,2500000000,25,145,170
759610000,1740390000,2500000000,30,142,172
769900000,1730100000,2500000000,24,135,159
1646260000,853740000,2500000000,28,135,163
2393030000,106970000,2500000000,18,114,132
712920000,1787080000,2500000000,18,122,140
679390000,1820610000,2500000000,23,126,149
533120000,1966880000,2500000000,17,119,136
928150000,1571850000,2500000000,26,135,161
761700000,1738300000,2500000000,16,123,139
793920000,1706080000,2500000000,24,133,157
1154710000,1345290000,2500000000,18,128,146
942540000,1557460000,2500000000,23,131,154
440100000,2059900000,2500000000,24,126,150
812980000,1687020000,2500000000,25,125,150
2469830000,30170000,2500000000,32,104,136
2068650000,45950000,2114600000,22,125,147
2488880000,11120000,2500000000,21,99,120
2488610000,11390000,2500000000,12,87,99
2493170000,6830000,2500000000,13,89,102
2475960000,24040000,2500000000,25,102,127
2459640000,40360000,2500000000,16,90,106
2443120000,56880000,2500000000,17,85,102
2278900000,27010000,2305910000,19,74,93
2416710000,83290000,2500000000,23,92,115
1423480000,89220000,1512700000,17,110,127
1074960000,1425040000,2500000000,23,132,155
808630000,1691370000,2500000000,17,126,143
2462370000,37630000,2500000000,22,116,138
2196150000,68630000,2264780000,22,118,140
2426730000,73270000,2500000000,31,122,153
1098070000,880000,1098950000,10,77,87
2485840000,14160000,2500000000,20,88,108
2484330000,15670000,2500000000,17,83,100
2479720000,20280000,2500000000,18,102,120
2485030000,14970000,2500000000,19,95,114
2484470000,15530000,2500000000,20,91,111
2473860000,26140000,2500000000,24,99,123
2469930000,30070000,2500000000,18,90,108
2477460000,22540000,2500000000,23,84,107
2439460000,60540000,2500000000,26,104,130
2434780000,65220000,2500000000,20,86,106
2373530000,126470000,2500000000,25,107,132
2472990000,27010000,2500000000,22,99,121
2458440000,41560000,2500000000,27,114,141
2483000000,17000000,2500000000,14,86,100
2477810000,22190000,2500000000,30,104,134
738870000,1761130000,2500000000,20,130,150
1024160000,1475840000,2500000000,16,130,146
1223680000,1276320000,2500000000,20,129,149
1102050000,1397950000,2500000000,25,125,150
1302640000,1197360000,2500000000,24,136,160
1205560000,1294440000,2500000000,23,133,156
1060070000,220000,1060290000,8,52,60
2344260000,155740000,2500000000,22,124,146
2441610000,46200000,2487810000,25,125,150
1941610000,558390000,2500000000,30,134,164
1794940000,66700000,1861640000,15,111,126
2443640000,56360000,2500000000,20,87,107
2372070000,127930000,2500000000,23,123,146
2240150000,259850000,2500000000,25,126,151
1959430000,540570000,2500000000,28,128,156
2471700000,28300000,2500000000,24,95,119
2470800000,29200000,2500000000,24,88,112
2304680000,195320000,2500000000,29,128,157
2215450000,284550000,2500000000,21,119,140
2435650000,64350000,2500000000,25,102,127
2431150000,68850000,2500000000,31,113,144
2438470000,61530000,2500000000,26,99,125
2433720000,66280000,2500000000,30,113,143
2481270000,18730000,2500000000,31,103,134
2449440000,50560000,2500000000,29,105,134
2443630000,56370000,2500000000,29,106,135
2405870000,94130000,2500000000,33,100,133
2409680000,90320000,2500000000,36,120,156
2437810000,62190000,2500000000,29,104,133
2116860000,383140000,2500000000,35,127,162
2016900000,207330000,2224230000,11,110,121
2268880000,194830000,2463710000,17,116,133
2093510000,406490000,2500000000,34,136,170
2146300000,340530000,2486830000,32,134,166
1890870000,609130000,2500000000,32,130,162
2296050000,203950000,2500000000,29,127,156
2395780000,104220000,2500000000,19,111,130
2198260000,301740000,2500000000,21,117,138
1797680000,702320000,2500000000,19,125,144
1945560000,554440000,2500000000,24,133,157
2421870000,78130000,2500000000,27,118,145
2159900000,340100000,2500000000,24,135,159
2498640000,1360000,2500000000,28,101,129
2477020000,22980000,2500000000,26,99,125
2485260000,14740000,2500000000,29,94,123
2463010000,36990000,2500000000,30,104,134
2134520000,365480000,2500000000,33,129,162
2428310000,71690000,2500000000,32,112,144
2443480000,2230000,2445710000,18,67,85
2484890000,15110000,2500000000,30,90,120
2434810000,65190000,2500000000,21,92,113
2327360000,172640000,2500000000,25,106,131
2497950000,2050000,2500000000,21,73,94
2082940000,415790000,2498730000,11,95,106
2014790000,319010000,2333800000,6,76,82
2074260000,161500000,2235760000,7,76,83
2228920000,271080000,2500000000,14,94,108
1815360000,684640000,2500000000,3,74,77
1336040000,1163960000,2500000000,13,111,124
1742550000,757450000,2500000000,11,100,111
1452580000,1047420000,2500000000,11,94,105
921750000,1578250000,2500000000,8,104,112
1433430000,1025660000,2459090000,11,98,109
1143510000,1356490000,2500000000,10,101,111
1054990000,1445010000,2500000000,10,93,103
1235890000,1264110000,2500000000,15,111,126
1702990000,797010000,2500000000,11,98,109
1933500000,367280000,2300780000,16,115,131
1200600000,1299400000,2500000000,18,118,136
535420000,1964580000,2500000000,19,116,135
1122980000,1377020000,2500000000,14,105,119
1575350000,839240000,2414590000,8,78,86
1824310000,675690000,2500000000,10,76,86
1716070000,783930000,2500000000,13,102,115
1012340000,1487660000,2500000000,12,95,107
1825450000,674550000,2500000000,17,105,122
1679280000,820720000,2500000000,15,103,118
1477590000,1022410000,2500000000,14,106,120
1809750000,690250000,2500000000,17,99,116
783460000,1716540000,2500000000,16,103,119
1965450000,534550000,2500000000,13,103,116
1523240000,758500000,2281740000,7,97,104
1073390000,1426610000,2500000000,12,109,121
230510000,2269490000,2500000000,20,125,145
1258440000,1241560000,2500000000,26,144,170
1942720000,221770000,2164490000,13,120,133
2272170000,227830000,2500000000,21,101,122
1967720000,532280000,2500000000,26,131,157
2122160000,377840000,2500000000,22,119,141
1989810000,510190000,2500000000,24,127,151
1958190000,541810000,2500000000,21,114,135
2212460000,287540000,2500000000,21,108,129
1991210000,508790000,2500000000,23,116,139
2187010000,312990000,2500000000,19,103,122
1934940000,238910000,2173850000,8,74,82
1251600000,1248400000,2500000000,14,111,125
1192100000,1307900000,2500000000,11,96,107
1193830000,1306170000,2500000000,17,106,123
2082860000,417140000,2500000000,16,100,116
1547780000,735540000,2283320000,6,92,98
1056330000,1443670000,2500000000,11,108,119
1359610000,190850000,1550460000,6,71,77
1399930000,907460000,2307390000,5,73,78
2343360000,156640000,2500000000,13,106,119
2026100000,473900000,2500000000,25,147,172
2162170000,337830000,2500000000,24,148,172
1837080000,662920000,2500000000,26,145,171
2342490000,157510000,2500000000,21,118,139
1809200000,690800000,2500000000,25,123,148
2249590000,250410000,2500000000,25,120,145
1597660000,902340000,2500000000,21,124,145
1955850000,544150000,2500000000,28,134,162
2170330000,329670000,2500000000,22,111,133
2139800000,360200000,2500000000,18,97,115
2236170000,263830000,2500000000,22,113,135
1916620000,583380000,2500000000,21,114,135
1505190000,994810000,2500000000,18,102,120
1729190000,770810000,2500000000,17,104,121
439960000,2060040000,2500000000,6,85,91
1266270000,1233730000,2500000000,14,104,118
438810000,2061190000,2500000000,13,88,101
615270000,1884730000,2500000000,9,90,99
725360000,1774640000,2500000000,6,98,104
1929610000,570390000,2500000000,11,98,109
1833880000,666120000,2500000000,11,102,113
2017500000,482500000,2500000000,13,110,123
2107700000,392300000,2500000000,13,96,109
1673950000,826050000,2500000000,21,130,151
2057680000,442320000,2500000000,17,119,136
1160490000,1339510000,2500000000,17,120,137
1848080000,651920000,2500000000,10,103,113
1605720000,894280000,2500000000,23,126,149
1588240000,911760000,2500000000,22,133,155
1048770000,1451230000,2500000000,18,136,154
1254320000,1245680000,2500000000,25,139,164
2212820000,287180000,2500000000,19,106,125
1612020000,887980000,2500000000,22,117,139
1687380000,812620000,2500000000,22,115,137
1108100000,1391900000,2500000000,22,122,144
918510000,1581490000,2500000000,12,104,116
1568000000,916640000,2484640000,7,80,87
479110000,2020890000,2500000000,8,87,95
571350000,1928650000,2500000000,6,79,85
2345420000,154580000,2500000000,10,95,105
2090720000,409280000,2500000000,13,107,120
1663270000,836730000,2500000000,16,99,115
2062930000,437070000,2500000000,9,88,97
1288070000,1211930000,2500000000,16,115,131
1135810000,1364190000,2500000000,13,104,117
1536070000,963930000,2500000000,15,118,133
1195250000,1304750000,2500000000,16,114,130
1626390000,873610000,2500000000,15,114,129
1237010000,1262990000,2500000000,16,126,142
1037630000,1462370000,2500000000,16,120,136
1230960000,1269040000,2500000000,23,135,158
1234030000,1265970000,2500000000,17,119,136
977280000,1522720000,2500000000,26,147,173
859520000,1640480000,2500000000,17,127,144
562730000,1937270000,2500000000,21,134,155
870050000,1629950000,2500000000,15,119,134
764870000,1735130000,2500000000,25,148,173
2047160000,452840000,2500000000,19,124,143
2284220000,215780000,2500000000,17,118,135
1302610000,1197390000,2500000000,9,86,95
1828260000,671740000,2500000000,13,81,94
950230000,1549770000,2500000000,17,114,131
1495800000,1004200000,2500000000,18,119,137
783850000,1716150000,2500000000,20,123,143
990760000,1509240000,2500000000,13,117,130
582270000,1917730000,2500000000,22,136,158
1246750000,1253250000,2500000000,21,126,147
1821340000,678660000,2500000000,21,133,154
1174600000,1325400000,2500000000,27,150,177
1049690000,1450310000,2500000000,24,144,168
1696850000,406430000,2103280000,17,116,133
504160000,1995840000,2500000000,18,117,135
821280000,1678720000,2500000000,27,129,156
679410000,1820590000,2500000000,22,121,143
1026220000,1473780000,2500000000,23,122,145
1186140000,1313860000,2500000000,26,140,166
695560000,1804440000,2500000000,24,134,158
1084800000,1415200000,2500000000,22,130,152
1694120000,805880000,2500000000,20,117,137
1513420000,986580000,2500000000,23,142,165
1295910000,1204090000,2500000000,24,138,162
1297100000,1202900000,2500000000,27,145,172
1134730000,1365270000,2500000000,22,135,157
474330000,2025670000,2500000000,22,136,158
354480000,2145520000,2500000000,24,133,157
855350000,1644650000,2500000000,21,130,151
1161610000,1338390000,2500000000,19,135,154
1139290000,1360710000,2500000000,23,136,159
908640000,1591360000,2500000000,23,142,165
1331970000,1168030000,2500000000,21,136,157
711050000,1788950000,2500000000,24,143,167
451380000,2048620000,2500000000,20,137,157
929380000,1570620000,2500000000,23,136,159
428550000,2071450000,2500000000,22,143,165
982050000,1517950000,2500000000,24,141,165
2118660000,190540000,2309200000,21,120,141
1542390000,957610000,2500000000,24,146,170
1389400000,452280000,1841680000,19,112,131
1196690000,1303310000,2500000000,20,122,142
809080000,1690920000,2500000000,26,128,154
1427800000,1072200000,2500000000,19,119,138
1037710000,1462290000,2500000000,25,123,148
1101400000,1398600000,2500000000,30,145,175
1572840000,927160000,2500000000,27,157,184
1018210000,1481790000,2500000000,24,135,159
1258510000,1241490000,2500000000,29,151,180
627050000,1872950000,2500000000,24,143,167
1372620000,1127380000,2500000000,24,138,162
723170000,1776830000,2500000000,23,139,162
955770000,1544230000,2500000000,23,136,159
873790000,1626210000,2500000000,24,137,161
1281610000,1218390000,2500000000,23,140,163
984410000,1515590000,2500000000,26,144,170
1371650000,1128350000,2500000000,21,138,159
1422620000,1077380000,2500000000,22,138,160
1183700000,1316300000,2500000000,26,145,171
1599970000,900030000,2500000000,23,142,165
1391010000,1108990000,2500000000,25,141,166
1121740000,1378260000,2500000000,24,149,173
979710000,1520290000,2500000000,23,146,169
950600000,1549400000,2500000000,21,143,164
881010000,1618990000,2500000000,25,152,177
1265270000,1234730000,2500000000,24,149,173
577400000,1922600000,2500000000,22,143,165
1860450000,639550000,2500000000,22,141,163
1229540000,1270460000,2500000000,25,144,169
1295810000,84710000,1380520000,18,123,141
1603690000,684330000,2288020000,22,135,157
1372010000,1127990000,2500000000,20,133,153
1373110000,1126890000,2500000000,22,122,144
644660000,1855340000,2500000000,22,128,150
1503480000,996520000,2500000000,20,128,148
1083850000,1416150000,2500000000,23,135,158
1085960000,1414040000,2500000000,22,134,156
1099780000,1400220000,2500000000,25,138,163
783100000,1716900000,2500000000,28,141,169
727380000,1772620000,2500000000,25,146,171
865800000,1634200000,2500000000,24,143,167
994140000,1505860000,2500000000,25,141,166
928940000,1571060000,2500000000,24,143,167
1326480000,1173520000,2500000000,22,133,155
1531270000,968730000,2500000000,25,135,160
737110000,1762890000,2500000000,23,139,162
1170460000,1329540000,2500000000,22,142,164
1527940000,972060000,2500000000,18,137,155
1423730000,1076270000,2500000000,20,133,153
1032160000,1467840000,2500000000,17,134,151
1018040000,1481960000,2500000000,21,140,161
1092530000,1407470000,2500000000,23,134,157
1387910000,1112090000,2500000000,21,143,164
1699310000,800690000,2500000000,21,137,158
1351660000,1148340000,2500000000,21,137,158
954690000,1545310000,2500000000,22,138,160
963810000,1536190000,2500000000,21,137,158
1265070000,1234930000,2500000000,20,131,151
1611130000,888870000,2500000000,22,138,160
1206940000,1293060000,2500000000,21,138,159
1805630000,609910000,2415540000,22,139,161
1376330000,1123670000,2500000000,19,130,149
602910000,1897090000,2500000000,24,141,165
601400000,1898600000,2500000000,25,146,171
1102610000,1397390000,2500000000,21,137,158
491150000,2008850000,2500000000,26,139,165
1277920000,1222080000,2500000000,22,134,156
492290000,2007710000,2500000000,29,149,178
825740000,1674260000,2500000000,33,147,180
1042470000,1457530000,2500000000,29,147,176
1348740000,1151260000,2500000000,24,143,167
1180040000,1319960000,2500000000,25,137,162
849120000,1650880000,2500000000,25,148,173
1167920000,1332080000,2500000000,26,142,168
626790000,1873210000,2500000000,21,143,164
520380000,1979620000,2500000000,23,144,167
859010000,1640990000,2500000000,21,142,163
826730000,1673270000,2500000000,23,135,158
559750000,1940250000,2500000000,20,146,166
648050000,1851950000,2500000000,21,143,164
497340000,2002660000,2500000000,20,141,161
824170000,1675830000,2500000000,21,144,165
918660000,1581340000,2500000000,21,142,163
825020000,1674980000,2500000000,19,139,158
643080000,1856920000,2500000000,19,136,155
591890000,1908110000,2500000000,20,134,154
1677710000,822290000,2500000000,20,130,150
1336250000,1163750000,2500000000,20,136,156
1719880000,780120000,2500000000,20,136,156
833580000,1666420000,2500000000,19,134,153
658860000,1841140000,2500000000,22,127,149
210950000,2289050000,2500000000,24,128,152
1908300000,580990000,2489290000,24,132,156
1768280000,731720000,2500000000,34,139,173
1251940000,1248060000,2500000000,23,138,161
2055170000,444830000,2500000000,29,135,164
1915000000,278540000,2193540000,28,138,166
2256400000,243600000,2500000000,20,129,149
2175930000,324070000,2500000000,20,129,149
1218710000,1281290000,2500000000,28,139,167
1970930000,529070000,2500000000,21,131,152
2173940000,326060000,2500000000,25,131,156
2287830000,212170000,2500000000,23,130,153
2444720000,55280000,2500000000,19,113,132
2311120000,188880000,2500000000,22,127,149
2479570000,20430000,2500000000,26,107,133
2478110000,21890000,2500000000,24,110,134
2486460000,13540000,2500000000,30,113,143
2495240000,4760000,2500000000,25,92,117
2484920000,15080000,2500000000,34,100,134
2337720000,162280000,2500000000,22,127,149
1739360000,760640000,2500000000,26,138,164
2324920000,175080000,2500000000,24,129,153
1979940000,520060000,2500000000,34,144,178
2343770000,156230000,2500000000,25,124,149
2300660000,199340000,2500000000,23,130,153
2233640000,266360000,2500000000,24,129,153
2322560000,177440000,2500000000,22,129,151
1313920000,1186080000,2500000000,27,139,166
1887540000,612460000,2500000000,28,132,160
1958210000,541790000,2500000000,29,134,163
2143720000,356280000,2500000000,26,135,161
2131370000,368630000,2500000000,28,134,162
2261630000,238370000,2500000000,23,132,155
2135750000,364250000,2500000000,28,139,167
2209450000,290550000,2500000000,27,134,161
2437670000,62330000,2500000000,19,104,123
2309220000,190780000,2500000000,24,122,146
2478690000,21310000,2500000000,21,124,145
2441970000,58030000,2500000000,19,121,140
2448400000,51600000,2500000000,22,112,134
2458620000,41380000,2500000000,24,118,142
2393340000,106660000,2500000000,27,129,156
2491870000,8130000,2500000000,26,82,108
2495650000,4350000,2500000000,24,85,109
2476450000,23550000,2500000000,22,97,119
2498210000,1790000,2500000000,21,88,109
2492280000,7720000,2500000000,30,87,117
2479640000,20360000,2500000000,31,99,130
2338390000,161610000,2500000000,25,107,132
2477190000,22810000,2500000000,26,101,127
2426080000,73920000,2500000000,30,115,145
2425450000,74550000,2500000000,20,120,140
2258550000,241380000,2499930000,34,149,183
1974910000,523660000,2498570000,34,152,186
2328110000,171890000,2500000000,21,125,146
2439620000,60380000,2500000000,20,126,146
2371830000,128170000,2500000000,29,134,163
2329190000,170810000,2500000000,26,134,160
1317100000,1182900000,2500000000,28,137,165
2294530000,205470000,2500000000,25,127,152
2035810000,464190000,2500000000,33,135,168
1511060000,988940000,2500000000,29,139,168
2147030000,352970000,2500000000,25,129,154
1661540000,838460000,2500000000,25,138,163
1983170000,516830000,2500000000,29,133,162
2260400000,239600000,2500000000,25,135,160
2292210000,207790000,2500000000,24,128,152
2066920000,433080000,2500000000,26,132,158
1665210000,834790000,2500000000,27,143,170
2445700000,54300000,2500000000,26,111,137
2323960000,176040000,2500000000,24,129,153
2311170000,188830000,2500000000,24,129,153
2456730000,43270000,2500000000,22,106,128
2454860000,45140000,2500000000,26,120,146
2387330000,112670000,2500000000,26,123,149
2259440000,240560000,2500000000,25,127,152
2474120000,25880000,2500000000,25,91,116
2475620000,24380000,2500000000,25,103,128
2463670000,36330000,2500000000,21,102,123
2424310000,75690000,2500000000,23,113,136
2450350000,49650000,2500000000,26,107,133
2466070000,33930000,2500000000,26,104,130
2466580000,33420000,2500000000,20,83,103
2445270000,54730000,2500000000,21,97,118
2375730000,108910000,2484640000,29,138,167
1950230000,549770000,2500000000,30,133,163
1903740000,596260000,2500000000,33,143,176
1576390000,923610000,2500000000,26,133,159
2293510000,135970000,2429480000,31,134,165
1951430000,548570000,2500000000,29,140,169
1291340000,1208660000,2500000000,28,141,169
2179270000,49090000,2228360000,26,125,151
2303100000,196900000,2500000000,36,141,177
2400010000,99990000,2500000000,33,133,166
2379920000,80610000,2460530000,33,130,163
2384590000,115410000,2500000000,29,126,155
2253840000,246160000,2500000000,34,139,173
2490260000,9740000,2500000000,18,81,99
2397770000,102230000,2500000000,25,117,142
2475700000,24300000,2500000000,20,90,110
2485170000,14830000,2500000000,22,92,114
2463500000,36500000,2500000000,21,81,102
2468600000,31400000,2500000000,22,78,100
2464210000,35790000,2500000000,28,97,125
2490860000,9140000,2500000000,28,87,115
2496630000,3370000,2500000000,28,90,118
2495220000,4780000,2500000000,27,84,111
2496800000,3200000,2500000000,31,100,131
2495500000,4500000,2500000000,17,73,90
2494380000,5620000,2500000000,21,75,96
2497750000,2250000,2500000000,30,85,115
2498850000,1150000,2500000000,26,83,109
2448210000,51790000,2500000000,29,104,133
2472820000,27180000,2500000000,26,96,122
2313330000,8210000,2321540000,31,93,124
2470320000,29680000,2500000000,27,93,120
2494220000,5780000,2500000000,31,86,117
2494260000,5740000,2500000000,28,90,118
2477430000,22570000,2500000000,19,96,115
2484390000,15610000,2500000000,28,107,135
2481990000,18010000,2500000000,24,101,125
2492670000,7330000,2500000000,29,78,107
2493520000,6480000,2500000000,31,88,119
2496670000,3330000,2500000000,28,80,108
2495830000,4170000,2500000000,27,96,123
2500000000,0,2500000000,24,64,88
2499540000,460000,2500000000,31,87,118
2500000000,0,2500000000,30,70,100
2494870000,5130000,2500000000,31,98,129
2496770000,3230000,2500000000,25,77,102
2488870000,11130000,2500000000,20,73,93
2481910000,18090000,2500000000,27,87,114
2493370000,6630000,2500000000,23,68,91
2476830000,23170000,2500000000,31,91,122
2493370000,6630000,2500000000,23,88,111
2490530000,9470000,2500000000,22,96,118
2480170000,19830000,2500000000,23,88,111
2499430000,570000,2500000000,23,77,100
2500000000,0,2500000000,25,63,88
2487220000,12780000,2500000000,13,69,82
2311640000,188360000,2500000000,12,73,85
2150750000,349250000,2500000000,17,111,128
2027810000,472190000,2500000000,14,92,106
1880710000,619290000,2500000000,16,98,114
2338990000,161010000,2500000000,15,105,120
2103550000,396450000,2500000000,9,63,72
1730560000,769440000,2500000000,7,65,72
1921790000,578210000,2500000000,13,77,90
1671940000,828060000,2500000000,7,63,70
1741840000,758160000,2500000000,17,96,113
1941970000,558030000,2500000000,16,84,100
2349800000,150200000,2500000000,12,78,90
1889200000,610800000,2500000000,16,94,110
2242440000,257560000,2500000000,14,89,103
1052070000,1447930000,2500000000,14,96,110
1761990000,738010000,2500000000,11,84,95
1962140000,537860000,2500000000,13,83,96
2010700000,46020000,2056720000,5,46,51
2151020000,348980000,2500000000,7,58,65
1857510000,642490000,2500000000,14,95,109
2045300000,454700000,2500000000,13,86,99
1710690000,789310000,2500000000,7,66,73
2316350000,183650000,2500000000,9,65,74
2005610000,494390000,2500000000,22,115,137
2196420000,303580000,2500000000,12,92,104
1520090000,979910000,2500000000,10,71,81
2013020000,486980000,2500000000,8,73,81
455910000,2044090000,2500000000,6,79,85
1301490000,1198510000,2500000000,21,114,135
2100690000,350070000,2450760000,17,104,121
2025430000,474570000,2500000000,7,68,75
2178690000,321310000,2500000000,9,94,103
2369370000,130630000,2500000000,9,103,112
1205100000,1294900000,2500000000,12,106,118
672840000,1827160000,2500000000,20,112,132
974710000,1525290000,2500000000,16,110,126
2403610000,96390000,2500000000,17,104,121
585890000,1914110000,2500000000,17,115,132
749110000,1750890000,2500000000,21,129,150
602830000,1897170000,2500000000,16,105,121
79810000,2420190000,2500000000,14,105,119
468260000,2031740000,2500000000,18,122,140
508720000,1991280000,2500000000,22,131,153
742520000,1757480000,2500000000,15,120,135
906390000,1593610000,2500000000,22,127,149
796020000,1703980000,2500000000,20,120,140
1073110000,1426890000,2500000000,24,131,155
380480000,2119520000,2500000000,24,137,161
696340000,1803660000,2500000000,20,127,147
928230000,1571770000,2500000000,23,131,154
1287860000,1212140000,2500000000,8,95,103
2011940000,488060000,2500000000,12,100,112
421130000,2078870000,2500000000,16,125,141
404980000,2095020000,2500000000,23,127,150
311270000,2188730000,2500000000,18,122,140
458370000,2041630000,2500000000,22,147,169
40150000,2459850000,2500000000,14,110,124
242370000,2257630000,2500000000,16,116,132
508080000,1991920000,2500000000,24,132,156
481660000,2018340000,2500000000,24,141,165
137720000,2362280000,2500000000,16,112,128
151310000,2348690000,2500000000,20,127,147
335880000,2164120000,2500000000,16,122,138
604330000,1895670000,2500000000,22,139,161
1832270000,667730000,2500000000,19,121,140
1620030000,879970000,2500000000,30,156,186
1808580000,691420000,2500000000,18,124,142
1751560000,748440000,2500000000,23,123,146
1362130000,1137870000,2500000000,14,102,116
905560000,1594440000,2500000000,20,147,167
1959620000,540380000,2500000000,14,99,113
2245780000,254220000,2500000000,15,105,120
353310000,2146690000,2500000000,16,108,124
276140000,2223860000,2500000000,15,110,125
1081460000,1418540000,2500000000,11,100,111
1455780000,1044220000,2500000000,11,97,108
336710000,2163290000,2500000000,22,130,152
147810000,2352190000,2500000000,15,115,130
877500000,1622500000,2500000000,18,117,135
1408730000,1091270000,2500000000,13,104,117
737270000,1762730000,2500000000,25,139,164
346170000,2153830000,2500000000,22,132,154
1089480000,1410520000,2500000000,20,121,141
434890000,2065110000,2500000000,19,125,144
1272040000,1227960000,2500000000,22,119,141
1578310000,921690000,2500000000,15,114,129
1765730000,734270000,2500000000,16,126,142
698310000,1801690000,2500000000,13,103,116
1701190000,798810000,2500000000,28,161,189
1217240000,1282760000,2500000000,14,104,118
2110570000,389430000,2500000000,19,132,151
1875890000,624110000,2500000000,23,143,166
2211950000,288050000,2500000000,24,133,157
2025800000,474200000,2500000000,22,147,169
1175550000,1324450000,2500000000,24,144,168
377660000,2122340000,2500000000,14,122,136
1759880000,740120000,2500000000,13,89,102
624430000,1875570000,2500000000,9,95,104
2136710000,363290000,2500000000,17,94,111
1822090000,677910000,2500000000,19,106,125
2064000000,436000000,2500000000,10,89,99
2199880000,300120000,2500000000,16,108,124
329710000,2170290000,2500000000,16,108,124
2020000000,480000000,2500000000,23,128,151
1225590000,1274410000,2500000000,14,96,110
2245890000,254110000,2500000000,24,137,161
1703830000,796170000,2500000000,17,121,138
1779230000,720770000,2500000000,18,137,155
422530000,2077470000,2500000000,17,130,147
706490000,1793510000,2500000000,20,120,140
1563980000,936020000,2500000000,15,100,115
914970000,1585030000,2500000000,24,141,165
807900000,1692100000,2500000000,28,150,178
1060170000,1439830000,2500000000,21,136,157
1038900000,1461100000,2500000000,28,145,173
674310000,1825690000,2500000000,15,125,140
1352250000,1147750000,2500000000,24,144,168
954340000,1545660000,2500000000,16,129,145
1079100000,1420900000,2500000000,17,135,152
785510000,1714490000,2500000000,19,143,162
607350000,1892650000,2500000000,20,137,157
308270000,2191730000,2500000000,17,134,151
746330000,1753670000,2500000000,18,136,154
919730000,1580270000,2500000000,20,133,153
449370000,2050630000,2500000000,21,137,158
806810000,1693190000,2500000000,21,143,164
813680000,1686320000,2500000000,19,147,166
1311390000,1188610000,2500000000,19,132,151
1013830000,1486170000,2500000000,20,138,158
527570000,1972430000,2500000000,19,144,163
642230000,1857770000,2500000000,22,143,165
1931110000,540220000,2471330000,23,134,157
1224450000,1275550000,2500000000,24,141,165
1506640000,993360000,2500000000,21,140,161
1654250000,845750000,2500000000,18,120,138
712200000,1787800000,2500000000,22,130,152
1789140000,710860000,2500000000,21,124,145
1234540000,1265460000,2500000000,19,134,153
1983150000,516850000,2500000000,24,124,148
1235660000,1264340000,2500000000,20,142,162
1723380000,776620000,2500000000,26,135,161
1749320000,750680000,2500000000,22,125,147
1990020000,509980000,2500000000,26,124,150
469830000,2030170000,2500000000,18,126,144
1034390000,1465610000,2500000000,23,132,155
359710000,2140290000,2500000000,22,141,163
1172530000,1327470000,2500000000,22,130,152
1050990000,1449010000,2500000000,20,136,156
996690000,1503310000,2500000000,19,139,158
1517080000,982920000,2500000000,20,138,158
975370000,1524630000,2500000000,20,139,159
464320000,2035680000,2500000000,18,137,155
769850000,1730150000,2500000000,19,135,154
813510000,1686490000,2500000000,24,143,167
657020000,1842980000,2500000000,18,136,154
780310000,1719690000,2500000000,19,139,158
612870000,1887130000,2500000000,19,139,158
618100000,1881900000,2500000000,16,132,148
752910000,1747090000,2500000000,21,138,159
1076220000,1423780000,2500000000,21,134,155
896960000,1603040000,2500000000,18,134,152
993870000,1506130000,2500000000,23,139,162
1547200000,952800000,2500000000,20,136,156
224000000,0,224000000,21,138,159
1070180000,890970000,1961150000,21,141,162
0,0,0,21,136,157
472730000,863850000,1336580000,20,139,159
929100000,880000,929980000,12,111,123
1546170000,953830000,2500000000,22,127,149
1667320000,832680000,2500000000,16,126,142
1518520000,981480000,2500000000,22,126,148
1121600000,1378400000,2500000000,22,134,156
1427290000,1072710000,2500000000,24,134,158
1936120000,563880000,2500000000,20,119,139
1538890000,961110000,2500000000,23,123,146
1642780000,857220000,2500000000,21,119,140
964900000,1535100000,2500000000,20,134,154
956230000,1543770000,2500000000,20,128,148
861660000,1638340000,2500000000,19,137,156
758720000,1741280000,2500000000,18,136,154
637940000,1862060000,2500000000,19,147,166
1091910000,1408090000,2500000000,18,138,156
928260000,1571740000,2500000000,21,147,168
1072450000,1427550000,2500000000,20,145,165
746980000,1753020000,2500000000,20,142,162
706860000,1793140000,2500000000,20,145,165
959710000,1540290000,2500000000,19,144,163
1000970000,1499030000,2500000000,21,150,171
642850000,1857150000,2500000000,20,148,168
895970000,1604030000,2500000000,17,138,155
1027360000,1472640000,2500000000,23,144,167
1450900000,1049100000,2500000000,20,139,159
1150990000,1349010000,2500000000,23,140,163
849020000,1650980000,2500000000,24,148,172
0,0,0,22,144,166
277420000,809470000,1086890000,20,139,159
13550000,11650000,25200000,19,133,152
531070000,623430000,1154500000,24,140,164
1186960000,1313040000,2500000000,23,148,171
821090000,728650000,1549740000,24,162,186
1264460000,1235540000,2500000000,21,135,156
1064480000,1329350000,2393830000,27,149,176
1111680000,1388320000,2500000000,24,132,156
471860000,2028140000,2500000000,20,137,157
433440000,1680770000,2114210000,24,144,168
698790000,1800460000,2499250000,20,126,146
1625960000,874040000,2500000000,20,117,137
1467080000,1032920000,2500000000,20,118,138
1593480000,906520000,2500000000,21,118,139
1698200000,801800000,2500000000,24,130,154
1171650000,1328350000,2500000000,22,144,166
673580000,1490930000,2164510000,21,131,152
652930000,900880000,1553810000,22,155,177
8880000,6090000,14970000,22,137,159
548360000,1951640000,2500000000,18,148,166
884310000,1615690000,2500000000,22,145,167
745300000,1332230000,2077530000,20,157,177
446110000,2053890000,2500000000,19,147,166
691200000,1797160000,2488360000,19,142,161
734300000,1765700000,2500000000,19,147,166
387160000,644460000,1031620000,24,153,177
668280000,708180000,1376460000,24,155,179
741470000,1758530000,2500000000,22,148,170
892530000,1607470000,2500000000,20,143,163
1389080000,935690000,2324770000,23,152,175
668480000,489320000,1157800000,24,156,180
1173610000,1326390000,2500000000,24,138,162
1091800000,1408200000,2500000000,24,155,179
1214810000,437500000,1652310000,26,154,180
711230000,904650000,1615880000,23,150,173
400560000,1512460000,1913020000,16,132,148
896170000,1371240000,2267410000,23,141,164
1206460000,1293540000,2500000000,25,146,171
995950000,1504050000,2500000000,22,148,170
1147080000,1352920000,2500000000,22,139,161
728830000,1771170000,2500000000,14,119,133
775650000,1724350000,2500000000,17,119,136
0,6530000,6530000,20,126,146
377550000,1264120000,1641670000,19,134,153
537630000,630920000,1168550000,21,126,147
983660000,320280000,1303940000,19,117,136
764980000,77010000,841990000,18,114,132
499120000,291300000,790420000,20,110,130
2379690000,120310000,2500000000,28,127,155
2288380000,211620000,2500000000,33,137,170
2028980000,471020000,2500000000,36,139,175
2481320000,18680000,2500000000,25,98,123
2347130000,152870000,2500000000,34,130,164
2247150000,38170000,2285320000,32,118,150
2328240000,171760000,2500000000,38,135,173
1371020000,1128980000,2500000000,27,150,177
1215810000,1284190000,2500000000,27,145,172
1409480000,1090520000,2500000000,25,134,159
1081690000,1418310000,2500000000,20,126,146
2037060000,462940000,2500000000,26,144,170
1710470000,789530000,2500000000,23,136,159
2470840000,29160000,2500000000,28,131,159
2223080000,276920000,2500000000,39,138,177
2261910000,238090000,2500000000,41,140,181
2298490000,201510000,2500000000,41,144,185
1816620000,683380000,2500000000,31,150,181
1673400000,826600000,2500000000,37,143,180
2417180000,82820000,2500000000,45,152,197
2266400000,233600000,2500000000,43,153,196
2246070000,253930000,2500000000,29,140,169
2288120000,211880000,2500000000,33,145,178
2115910000,384090000,2500000000,43,145,188
2085670000,414330000,2500000000,44,149,193
1660100000,839900000,2500000000,31,136,167
1928080000,571920000,2500000000,29,138,167
2430900000,69100000,2500000000,40,144,184
2260970000,106630000,2367600000,42,146,188
2086750000,413250000,2500000000,45,146,191
1103420000,1396580000,2500000000,21,136,157
962740000,1537260000,2500000000,19,125,144
931490000,1568510000,2500000000,21,135,156
1565520000,934480000,2500000000,29,148,177
2051290000,411020000,2462310000,25,143,168
2165730000,274600000,2440330000,31,130,161
2181320000,318680000,2500000000,37,154,191
2179960000,46560000,2226520000,26,135,161
2144120000,7480000,2151600000,22,113,135
2312440000,187560000,2500000000,29,150,179
2166350000,333650000,2500000000,30,147,177
1835880000,664120000,2500000000,28,151,179
2071290000,428710000,2500000000,35,145,180
2213920000,18500000,2232420000,37,136,173
1829160000,670840000,2500000000,28,140,168
1531260000,968740000,2500000000,28,137,165
2441740000,58260000,2500000000,29,139,168
2133120000,366880000,2500000000,31,153,184
2112260000,387740000,2500000000,30,139,169
2290600000,209400000,2500000000,31,138,169
2176090000,323910000,2500000000,39,145,184
2238450000,261550000,2500000000,34,137,171
2481580000,18420000,2500000000,27,107,134
2489940000,10060000,2500000000,23,91,114
2496040000,3960000,2500000000,24,91,115
2500000000,0,2500000000,22,55,77
2468280000,31720000,2500000000,33,90,123
2498980000,1020000,2500000000,18,72,90
2497590000,2410000,2500000000,31,91,122
2500000000,0,2500000000,23,65,88
2469840000,30160000,2500000000,34,97,131
2497130000,2870000,2500000000,21,49,70
2486730000,13270000,2500000000,20,62,82
2490740000,9260000,2500000000,28,98,126
2455660000,44340000,2500000000,23,101,124
2289570000,210430000,2500000000,26,122,148
2350770000,149230000,2500000000,33,121,154
2482930000,17070000,2500000000,26,100,126
2473810000,26190000,2500000000,30,114,144
2468760000,31240000,2500000000,20,93,113
2496810000,3190000,2500000000,18,69,87
2484750000,15250000,2500000000,27,98,125
2497870000,2130000,2500000000,26,85,111
2476060000,23940000,2500000000,28,87,115
2492550000,7450000,2500000000,22,65,87
2490190000,9810000,2500000000,28,81,109
2494850000,5150000,2500000000,18,69,87
2500000000,0,2500000000,29,84,113
2497210000,2790000,2500000000,18,59,77
2500000000,0,2500000000,25,71,96
2499240000,760000,2500000000,22,59,81
2206840000,64670000,2271510000,30,118,148
2041390000,53510000,2094900000,33,121,154
2433300000,66700000,2500000000,35,124,159
2413090000,86910000,2500000000,29,112,141
2487770000,12230000,2500000000,21,73,94
2479890000,20110000,2500000000,19,90,109
2497080000,2920000,2500000000,40,111,151
2484220000,15780000,2500000000,37,112,149
2500000000,0,2500000000,26,71,97
2161440000,141640000,2303080000,41,142,183
2435420000,64580000,2500000000,35,115,150
2474390000,25610000,2500000000,38,109,147
2469940000,30060000,2500000000,33,117,150
2180610000,319390000,2500000000,23,122,145
1914710000,585290000,2500000000,18,123,141
2410650000,89350000,2500000000,19,119,138
1513490000,986510000,2500000000,13,122,135
2118390000,381610000,2500000000,17,128,145
1170720000,1329280000,2500000000,17,119,136
2239450000,260550000,2500000000,19,117,136
1720450000,678530000,2398980000,19,123,142
1948530000,551470000,2500000000,15,128,143
1793990000,684560000,2478550000,14,116,130
2308140000,191860000,2500000000,22,128,150
1606630000,893370000,2500000000,22,136,158
1907930000,592070000,2500000000,23,149,172
1873470000,626530000,2500000000,23,130,153
1951900000,548100000,2500000000,19,108,127
950260000,1549740000,2500000000,19,127,146
1936770000,563230000,2500000000,18,115,133
1465760000,1034240000,2500000000,25,126,151
1921050000,492030000,2413080000,13,91,104
1855410000,539620000,2395030000,15,85,100
2174410000,325590000,2500000000,15,88,103
1842250000,657750000,2500000000,17,126,143
1449980000,1050020000,2500000000,23,151,174
534940000,1965060000,2500000000,9,91,100
1235440000,1264560000,2500000000,20,138,158
928790000,1571210000,2500000000,13,128,141
630510000,1869490000,2500000000,12,120,132
1427110000,1072890000,2500000000,14,117,131
1549950000,950050000,2500000000,17,141,158
1245200000,1254800000,2500000000,15,125,140
1016840000,1483160000,2500000000,21,142,163
429380000,2070620000,2500000000,19,129,148
788300000,1711700000,2500000000,18,133,151
554980000,1945020000,2500000000,22,143,165
766840000,1733160000,2500000000,11,111,122
362980000,2137020000,2500000000,17,111,128
1267690000,1232310000,2500000000,16,112,128
1994900000,505100000,2500000000,14,91,105
2044700000,455300000,2500000000,14,93,107
2185210000,314790000,2500000000,18,90,108
2135270000,364730000,2500000000,13,101,114
607980000,1892020000,2500000000,15,109,124
1766690000,733310000,2500000000,25,146,171
2183700000,98700000,2282400000,21,147,168
1137460000,1362540000,2500000000,16,128,144
1041710000,1458290000,2500000000,27,162,189
1796480000,703520000,2500000000,20,147,167
2025950000,224670000,2250620000,21,151,172
748860000,1751140000,2500000000,25,149,174
630640000,1869360000,2500000000,8,104,112
419820000,2080180000,2500000000,14,126,140
86790000,2413210000,2500000000,14,99,113
257210000,1675760000,1932970000,20,131,151
745850000,1754150000,2500000000,7,95,102
514580000,1586430000,2101010000,15,118,133
202100000,1291490000,1493590000,21,125,146
611480000,1849700000,2461180000,20,126,146
235160000,459050000,694210000,17,118,135
1355770000,1133100000,2488870000,22,137,159
879840000,1620160000,2500000000,22,133,155
2160080000,339920000,2500000000,23,124,147
391840000,476980000,868820000,28,142,170
1129570000,399530000,1529100000,27,135,162
1251860000,1248140000,2500000000,24,143,167
1606800000,893200000,2500000000,23,137,160
1267140000,1232860000,2500000000,22,148,170
1367670000,857210000,2224880000,24,151,175
888260000,1611740000,2500000000,20,128,148
984540000,1515460000,2500000000,17,123,140
1072210000,1427790000,2500000000,19,132,151
1105170000,1394830000,2500000000,19,129,148
393290000,3350000,396640000,17,103,120
272430000,65890000,338320000,15,104,119
0,0,0,19,143,162
16820000,79180000,96000000,16,135,151
886820000,101810000,988630000,24,150,174
938440000,380700000,1319140000,26,145,171
0,0,0,25,149,174
1452120000,1047880000,2500000000,27,144,171
1760040000,739960000,2500000000,27,155,182
1268140000,640670000,1908810000,29,153,182
561950000,670190000,1232140000,27,158,185
247190000,1851990000,2099180000,16,125,141
396270000,266580000,662850000,29,157,186
50440000,289180000,339620000,13,116,129
1332520000,1167480000,2500000000,21,132,153
506630000,1993370000,2500000000,19,124,143
1758480000,741520000,2500000000,23,138,161
1092250000,1407750000,2500000000,23,137,160
1786910000,713090000,2500000000,28,144,172
1624440000,875560000,2500000000,23,140,163
1708780000,791220000,2500000000,23,136,159
2026890000,473110000,2500000000,31,151,182
1850990000,649010000,2500000000,29,147,176
1483970000,1016030000,2500000000,30,143,173
1765510000,734490000,2500000000,23,131,154
1832700000,667300000,2500000000,41,153,194
2126390000,373610000,2500000000,31,146,177
1878350000,621650000,2500000000,30,148,178
2416860000,83140000,2500000000,30,143,173
2363300000,136700000,2500000000,31,141,172
2417800000,82200000,2500000000,28,138,166
2466430000,33570000,2500000000,31,137,168
2144650000,355350000,2500000000,29,137,166
2389600000,110400000,2500000000,33,129,162
1669670000,830330000,2500000000,22,134,156
1444360000,1055640000,2500000000,31,152,183
1658480000,841520000,2500000000,22,135,157
1809000000,691000000,2500000000,23,132,155
1882830000,617170000,2500000000,21,132,153
1667530000,832470000,2500000000,22,143,165
1716120000,783880000,2500000000,26,130,156
1704980000,795020000,2500000000,23,137,160
1493390000,1006610000,2500000000,28,147,175
1734310000,765690000,2500000000,24,132,156
1817730000,682270000,2500000000,30,139,169
1502630000,997370000,2500000000,23,121,144
1634490000,865510000,2500000000,31,143,174
1754000000,746000000,2500000000,24,138,162
2279260000,184530000,2463790000,40,146,186
2116000000,23270000,2139270000,34,133,167
2154270000,14770000,2169040000,33,125,158
2089800000,410200000,2500000000,29,138,167
1781190000,718810000,2500000000,29,141,170
2295030000,204970000,2500000000,32,144,176
1785830000,714170000,2500000000,35,153,188
2391740000,108260000,2500000000,32,135,167
2430270000,69730000,2500000000,26,136,162
2458880000,41120000,2500000000,28,132,160
2464390000,35610000,2500000000,27,121,148
2452520000,47480000,2500000000,32,128,160
2280850000,219150000,2500000000,33,135,168
2425520000,74480000,2500000000,30,127,157
2425050000,74950000,2500000000,32,133,165
2212870000,287130000,2500000000,33,134,167
2432730000,67270000,2500000000,30,137,167
2273520000,226480000,2500000000,30,131,161
2405720000,94280000,2500000000,28,126,154
1263760000,1236240000,2500000000,20,138,158
1693270000,799980000,2493250000,23,133,156
632080000,280220000,912300000,29,154,183
1405100000,308140000,1713240000,23,124,147
1569980000,815450000,2385430000,23,138,161
1313160000,199080000,1512240000,25,142,167
1421420000,542290000,1963710000,25,133,158
2102750000,397250000,2500000000,27,148,175
1546770000,58980000,1605750000,22,137,159
2406650000,93350000,2500000000,27,137,164
2274960000,214640000,2489600000,41,152,193
1985140000,252550000,2237690000,32,149,181
2422330000,77670000,2500000000,28,136,164
2431760000,68240000,2500000000,31,134,165
2430540000,69460000,2500000000,26,131,157
2479880000,20120000,2500000000,22,123,145
2323670000,176330000,2500000000,30,133,163
2405040000,94960000,2500000000,30,139,169
2434570000,65430000,2500000000,27,131,158
2480420000,19580000,2500000000,23,116,139
2380880000,119120000,2500000000,28,123,151
2249410000,250590000,2500000000,31,134,165
2460370000,39630000,2500000000,31,122,153
2448170000,51830000,2500000000,28,125,153
2434350000,65650000,2500000000,29,139,168
1666470000,84150000,1750620000,31,144,175
2381060000,118940000,2500000000,31,144,175
2312450000,187550000,2500000000,33,142,175
2478470000,20460000,2498930000,26,124,150
2441680000,58320000,2500000000,30,130,160
2363810000,126670000,2490480000,45,152,197
2139990000,360010000,2500000000,36,145,181
2431050000,50570000,2481620000,40,139,179
2486450000,13550000,2500000000,34,102,136
2316490000,183510000,2500000000,31,134,165
1971630000,528370000,2500000000,39,155,194
2267910000,232090000,2500000000,30,133,163
2388540000,111460000,2500000000,33,138,171
2405360000,94640000,2500000000,33,133,166
2470980000,29020000,2500000000,41,130,171
2274770000,225230000,2500000000,47,158,205
2484490000,15510000,2500000000,27,113,140
2484020000,15980000,2500000000,32,124,156
2439700000,60300000,2500000000,36,131,167
2464680000,35320000,2500000000,31,123,154
2491360000,8640000,2500000000,31,119,150
2487250000,12750000,2500000000,29,107,136
2497530000,2470000,2500000000,30,101,131
2498250000,1750000,2500000000,28,102,130
2481280000,18720000,2500000000,29,108,137
2498150000,1850000,2500000000,28,95,123
2500000000,0,2500000000,30,90,120
2476680000,23320000,2500000000,32,106,138
2500000000,0,2500000000,26,87,113
2497670000,2330000,2500000000,30,100,130
2500000000,0,2500000000,20,63,83
2500000000,0,2500000000,29,80,109
2500000000,0,2500000000,34,85,119
2498310000,1690000,2500000000,36,98,134
2495280000,4720000,2500000000,37,94,131
2499580000,420000,2500000000,24,67,91
2500000000,0,2500000000,25,70,95
2499710000,290000,2500000000,34,98,132
2499400000,600000,2500000000,28,40,68
2498490000,1510000,2500000000,25,62,87
2483160000,16840000,2500000000,30,122,152
2488220000,11780000,2500000000,29,121,150
2462710000,37290000,2500000000,30,131,161
2491940000,8060000,2500000000,34,121,155
2493000000,7000000,2500000000,31,112,143
2491020000,8980000,2500000000,32,114,146
2486360000,13640000,2500000000,28,108,136
2494240000,5760000,2500000000,33,107,140
2496070000,3840000,2499910000,35,111,146
2499050000,950000,2500000000,33,101,134
2487360000,12640000,2500000000,35,117,152
2497360000,2640000,2500000000,32,102,134
2498180000,1820000,2500000000,34,102,136
2491500000,8500000,2500000000,29,90,119
2494730000,0,2494730000,26,83,109
2500000000,0,2500000000,33,97,130
2489070000,10930000,2500000000,37,116,153
2493780000,6220000,2500000000,31,96,127
2500000000,0,2500000000,30,94,124
2489750000,10250000,2500000000,37,81,118
2499040000,960000,2500000000,40,104,144
2499770000,230000,2500000000,23,63,86
2496630000,3370000,2500000000,34,63,97
2308350000,1250000,2309600000,27,99,126
2481600000,12620000,2494220000,28,125,153
1915120000,1950000,1917070000,32,105,137
1661590000,650000,1662240000,30,106,136
2136390000,34880000,2171270000,37,141,178
1017500000,1482500000,2500000000,18,125,143
2478810000,21190000,2500000000,32,142,174
2343900000,61470000,2405370000,31,145,176
2029090000,24170000,2053260000,33,133,166
1512100000,832440000,2344540000,19,112,131
1579150000,920850000,2500000000,22,138,160
2244270000,1140000,2245410000,28,60,88
6623900000,7738330000,14362230000,29,157,186
7974430000,2717310000,10691740000,39,101,140
2214780000,6901780000,9116560000,25,146,171
9266300000,0,9266300000,33,97,130
5131870000,5809080000,10940950000,20,103,123
1930990000,3755360000,5686350000,11,95,106
1467830000,3786720000,5254550000,32,139,171
13750980000,449710000,14200690000,25,136,161
9628340000,9562170000,19190510000,32,157,189
10438930000,3005950000,13444880000,35,142,177
4279990000,6177140000,10457130000,36,100,136
5544400000,3547090000,9091490000,18,135,153
7638360000,1493210000,9131570000,44,111,155
5144330000,9125910000,14270240000,35,155,190
4897750000,5553570000,10451320000,28,160,188
9494480000,1287720000,10782200000,26,151,177
5538710000,2796330000,8335040000,26,153,179
6512130000,4245480000,10757610000,34,143,177
14724270000,5365040000,20089310000,27,145,172
4913000000,6178950000,11091950000,29,147,176
13623560000,209250000,13832810000,20,124,144
8074090000,4823140000,12897230000,24,137,161
7781560000,1260060000,9041620000,30,147,177
6691600000,3755960000,10447560000,20,126,146
4378990000,5727640000,10106630000,27,146,173
9258950000,823000000,10081950000,27,151,178
5720840000,4096140000,9816980000,23,127,150
5847640000,4484210000,10331850000,48,161,209
6924290000,3853940000,10778230000,30,140,170
3557780000,2048410000,5606190000,17,118,135
1730990000,8715300000,10446290000,27,129,156
6062040000,4636180000,10698220000,32,91,123
10162640000,4455520000,14618160000,16,130,146
3735300000,6592040000,10327340000,27,165,192
7716380000,3351700000,11068080000,33,136,169
1643320000,10938670000,12581990000,31,161,192
822430000,3907010000,4729440000,29,151,180
2749710000,2696160000,5445870000,26,146,172
7319670000,387540000,7707210000,29,137,166
12495820000,50540000,12546360000,25,133,158
10069120000,1016550000,11085670000,16,120,136
3199490000,7786460000,10985950000,31,147,178
8067590000,5757800000,13825390000,24,142,166
11472110000,6390860000,17862970000,32,131,163
11307240000,2524700000,13831940000,26,162,188
4221160000,5860380000,10081540000,23,139,162
4888440000,7501210000,12389650000,30,136,166
3937270000,6749600000,10686870000,25,148,173
3548550000,4780620000,8329170000,29,158,187
8972880000,1785370000,10758250000,30,159,189
10117390000,162310000,10279700000,20,135,155
3371210000,4782130000,8153340000,29,150,179
4078690000,8728560000,12807250000,25,138,163
4858470000,7958410000,12816880000,24,153,177
3623770000,1982610000,5606380000,17,108,125
5523210000,22850000,5546060000,26,167,193
10998620000,125340000,11123960000,22,137,159
9053990000,3242700000,12296690000,26,154,180
4878160000,6344980000,11223140000,35,147,182
7201140000,3767050000,10968190000,31,151,182
3058420000,7984980000,11043400000,19,143,162
1631170000,3534130000,5165300000,27,149,176
3883130000,4912540000,8795670000,19,121,140
1625390000,12914920000,14540310000,23,141,164
4388690000,4532380000,8921070000,13,108,121
6132920000,1401190000,7534110000,38,117,155
1451480000,3693790000,5145270000,30,159,189
12035450000,2256550000,14292000000,26,147,173
4413770000,6038850000,10452620000,31,155,186
5769350000,5031880000,10801230000,23,145,168
3505230000,6921040000,10426270000,35,127,162
9236940000,115200000,9352140000,28,155,183
5943710000,2981760000,8925470000,16,98,114
2172380000,8520730000,10693110000,23,153,176
7189370000,2010730000,9200100000,16,122,138
8965780000,245670000,9211450000,30,118,148
4708710000,4014820000,8723530000,29,156,185
5086920000,33220000,5120140000,39,149,188
5048050000,5289320000,10337370000,17,131,148
5314910000,4021170000,9336080000,39,136,175
4699900000,4270580000,8970480000,24,165,189
5165910000,8931980000,14097890000,34,145,179
7011150000,5545840000,12556990000,37,142,179
5477980000,3956790000,9434770000,29,154,183
7997700000,2750640000,10748340000,30,102,132
1911160000,5668940000,7580100000,30,126,156
12520050000,7166810000,19686860000,27,147,174
4999670000,5289030000,10288700000,15,136,151
9031930000,59480000,9091410000,33,150,183
4145030000,1360960000,5505990000,48,167,215
6521550000,2559500000,9081050000,30,121,151
6228890000,4021670000,10250560000,29,116,145
2878750000,7191330000,10070080000,37,144,181
8562180000,32000000,8594180000,21,136,157
16162730000,519410000,16682140000,24,149,173
11104880000,16020000,11120900000,39,150,189
7638190000,6796150000,14434340000,27,149,176
7579220000,285090000,7864310000,26,152,178
12905810000,8790000,12914600000,28,142,170
8952620000,254150000,9206770000,29,110,139
5621190000,4720780000,10341970000,13,130,143
2362200000,2813130000,5175330000,24,145,169
10417550000,3850000,10421400000,21,150,171
7486200000,776250000,8262450000,29,139,168
9163160000,884650000,10047810000,28,149,177
7397090000,3686350000,11083440000,24,119,143
4681160000,6302550000,10983710000,16,144,160
11548470000,4110910000,15659380000,22,142,164
5371350000,4715530000,10086880000,24,151,175
10392650000,1133250000,11525900000,26,141,167
6842430000,1311380000,8153810000,24,152,176
4826390000,9502570000,14328960000,25,130,155
3138770000,7573900000,10712670000,21,145,166
3225040000,5007450000,8232490000,19,124,143
3855200000,5070910000,8926110000,39,140,179
10810930000,308010000,11118940000,34,133,167
11720730000,4911470000,16632200000,26,131,157
807740000,10025590000,10833330000,46,137,183
8654820000,839720000,9494540000,41,133,174
6985140000,5699370000,12684510000,33,160,193
3500140000,5415960000,8916100000,20,145,165
13444120000,674320000,14118440000,26,149,175
7429900000,2655770000,10085670000,31,145,176
3233050000,1573800000,4806850000,39,146,185
2804970000,7902670000,10707640000,24,146,170
8251840000,5575250000,13827090000,33,90,123
7772520000,10118620000,17891140000,22,147,169
8753340000,1578560000,10331900000,23,143,166
4892890000,6747180000,11640070000,27,154,181
9740220000,1343450000,11083670000,20,123,143
2995790000,18458660000,21454450000,17,111,128
8779710000,311920000,9091630000,28,151,179
12518220000,1600300000,14118520000,33,153,186
5164660000,5497100000,10661760000,33,153,186
12088070000,848400000,12936470000,24,138,162
4232050000,8605190000,12837240000,36,97,133
10676740000,422200000,11098940000,36,135,171
4137810000,12507550000,16645360000,28,141,169
6840780000,3496560000,10337340000,15,124,139
9220830000,35600000,9256430000,38,153,191
6648840000,7081880000,13730720000,12,112,124
11160390000,624350000,11784740000,26,146,172
4308740000,8413260000,12722000000,35,165,200
9158830000,5323310000,14482140000,40,120,160
2011140000,8418450000,10429590000,31,161,192
13197980000,6737420000,19935400000,40,121,161
4189670000,4606320000,8795990000,31,168,199
10651730000,3913770000,14565500000,33,160,193
6149100000,4193400000,10342500000,23,148,171
8277760000,1945290000,10223050000,28,146,174
2674300000,6827150000,9501450000,25,130,155
11078380000,55610000,11133990000,37,145,182
4558540000,5894210000,10452750000,30,152,182
8885160000,36250000,8921410000,30,147,177
2637560000,11615020000,14252580000,46,160,206
5711220000,6388380000,12099600000,27,90,117
3737620000,6621340000,10358960000,23,154,177
8457940000,51700000,8509640000,37,144,181
6245870000,9820930000,16066800000,33,163,196
9737250000,52470000,9789720000,21,135,156
8151780000,4665120000,12816900000,34,163,197
8223810000,7424120000,15647930000,30,136,166
2829940000,2651000000,5480940000,34,169,203
8305340000,4931550000,13236890000,21,142,163
10913710000,225640000,11139350000,27,147,174
11037860000,72840000,11110700000,23,139,162
21954050000,1954290000,23908340000,28,147,175
3966650000,5200090000,9166740000,21,136,157
9012810000,2317780000,11330590000,28,149,177
3811780000,6876310000,10688090000,23,127,150
4021620000,1664730000,5686350000,33,164,197
8556000000,7350000,8563350000,29,141,170
3403100000,7059030000,10462130000,35,141,176
2339360000,6632010000,8971370000,32,149,181
13212600000,3481300000,16693900000,28,133,161
7076500000,5624870000,12701370000,28,150,178
6075820000,4868420000,10944240000,24,149,173
6495850000,3945520000,10441370000,33,154,187
7051740000,2134730000,9186470000,28,156,184
4314230000,846010000,5160240000,19,132,151
5371820000,7298690000,12670510000,31,103,134
8414340000,512710000,8927050000,14,125,139
7667990000,8433060000,16101050000,32,116,148
3007490000,1474740000,4482230000,28,151,179
14798150000,79880000,14878030000,20,115,135
6561700000,7000650000,13562350000,39,163,202
10006580000,6627360000,16633940000,32,120,152
7714910000,2982750000,10697660000,42,137,179
6415480000,6076970000,12492450000,29,113,142
10782890000,316000000,11098890000,35,123,158
9749810000,331750000,10081560000,22,144,166
7790750000,1286210000,9076960000,37,138,175
15063540000,525510000,15589050000,18,140,158
5412890000,10663940000,16076830000,40,162,202
5610930000,11572860000,17183790000,35,169,204
892090000,15748500000,16640590000,33,146,179
6573480000,2145790000,8719270000,26,133,159
8125960000,12170160000,20296120000,24,147,171
13587230000,487850000,14075080000,33,176,209
3219530000,7776070000,10995600000,15,121,136
5171180000,9362030000,14533210000,23,144,167
3832850000,2265500000,6098350000,22,135,157
12330230000,91660000,12421890000,22,127,149
5591250000,8946240000,14537490000,28,154,182
8894740000,51230000,8945970000,29,170,199
8109960000,3599520000,11709480000,26,136,162
8952030000,10180000,8962210000,25,143,168
3317840000,14158980000,17476820000,24,144,168
10554480000,977190000,11531670000,30,175,205
2834500000,6146660000,8981160000,40,112,152
4666790000,5702980000,10369770000,23,161,184
2439130000,8017990000,10457120000,37,128,165
9051090000,1548490000,10599580000,28,144,172
2489700000,7966680000,10456380000,33,156,189
4450860000,5896680000,10347540000,15,131,146
4345810000,7811450000,12157260000,34,139,173
3899310000,6181630000,10080940000,29,129,158
4480480000,5867090000,10347570000,23,132,155
1703640000,8377690000,10081330000,20,110,130
10865760000,1163730000,12029490000,46,163,209
14831160000,14440000,14845600000,24,148,172
4569190000,733960000,5303150000,33,158,191
6138210000,2937690000,9075900000,45,148,193
13963590000,1733980000,15697570000,28,123,151
8589460000,2109930000,10699390000,28,152,180
4668840000,9566460000,14235300000,32,159,191
10298120000,68330000,10366450000,15,136,151
4518980000,5556640000,10075620000,41,167,208
10897410000,476640000,11374050000,26,155,181
8075240000,4770070000,12845310000,33,131,164
9942120000,1022820000,10964940000,31,144,175
7910690000,5487480000,13398170000,34,156,190
4983640000,9199650000,14183290000,30,153,183
7385100000,3457860000,10842960000,17,130,147
13075110000,1619390000,14694500000,8,92,100
4138690000,6203200000,10341890000,35,151,186
9027270000,973470000,10000740000,23,130,153
5961080000,15708620000,21669700000,37,152,189
3441510000,7244420000,10685930000,22,146,168
6777840000,8363110000,15140950000,36,142,178
6277640000,2025290000,8302930000,37,119,156
3555140000,4586480000,8141620000,21,147,168
5688600000,6664310000,12352910000,22,127,149
7030250000,2442480000,9472730000,20,125,145
3687240000,1176450000,4863690000,23,117,140
12354680000,693130000,13047810000,35,152,187
14088550000,558350000,14646900000,14,136,150
4917480000,7067050000,11984530000,51,122,173
7664680000,1017150000,8681830000,25,140,165
7312890000,1934230000,9247120000,28,163,191
1976060000,8831800000,10807860000,25,144,169
8481280000,6178050000,14659330000,28,150,178
5563460000,3175640000,8739100000,43,151,194
7621980000,2342400000,9964380000,22,147,169
7662720000,5491010000,13153730000,28,114,142
3713270000,12517900000,16231170000,26,140,166
5557480000,3518760000,9076240000,26,152,178
9574480000,121990000,9696470000,32,144,176
8466890000,5477300000,13944190000,23,151,174
7998650000,2654370000,10653020000,17,104,121
6255220000,8868040000,15123260000,37,141,178
6568010000,5008350000,11576360000,29,134,163
8693740000,96850000,8790590000,34,159,193
4933460000,8904130000,13837590000,32,150,182
4897160000,7774770000,12671930000,32,147,179
9149300000,1708580000,10857880000,46,160,206
9575780000,136660000,9712440000,21,139,160
10807270000,1963840000,12771110000,26,147,173
8347980000,6151050000,14499030000,25,142,167
8924270000,2160000,8926430000,34,140,174
3997240000,11115190000,15112430000,21,145,166
8706850000,2872890000,11579740000,25,93,118
6753160000,7722600000,14475760000,35,171,206
1794310000,8287240000,10081550000,27,154,181
12445660000,1662750000,14108410000,28,160,188
5447510000,8655420000,14102930000,27,154,181
5400740000,5185940000,10586680000,28,140,168
7296540000,263050000,7559590000,29,146,175
4369110000,5966980000,10336090000,40,134,174
2070090000,8392650000,10462740000,27,126,153
4694210000,5643150000,10337360000,25,160,185
2352310000,6853600000,9205910000,34,152,186
10186450000,3926380000,14112830000,34,152,186
2285210000,8172520000,10457730000,27,162,189
6348790000,38320000,6387110000,23,138,161
10500120000,6784300000,17284420000,19,140,159
10731150000,2447430000,13178580000,27,142,169
4284950000,875250000,5160200000,38,146,184
9501940000,4338460000,13840400000,30,134,164
5093140000,10289420000,15382560000,25,140,165
6172700000,2528600000,8701300000,34,151,185
4567360000,3096440000,7663800000,27,150,177
14033840000,409070000,14442910000,47,155,202
13424650000,3353070000,16777720000,25,158,183
10201370000,166030000,10367400000,27,134,161
5850790000,8242670000,14093460000,26,146,172
10807220000,3611620000,14418840000,24,147,171
7605700000,5161420000,12767120000,40,131,171
18139480000,457190000,18596670000,43,138,181
1126590000,13278550000,14405140000,28,166,194
2469140000,2430860000,4900000000,25,160,185
8728090000,39250000,8767340000,28,153,181
12296660000,418380000,12715040000,34,140,174
8578770000,1747340000,10326110000,16,130,146
11861440000,109500000,11970940000,37,152,189
8203010000,2179380000,10382390000,23,157,180
5529320000,4713900000,10243220000,26,157,183
1326020000,8755720000,10081740000,26,152,178
2583500000,2566540000,5150040000,43,116,159
4365410000,10836320000,15201730000,28,137,165
6845380000,3398010000,10243390000,17,120,137
933060000,9858980000,10792040000,23,123,146
4021800000,6435860000,10457660000,23,147,170
10861590000,7236830000,18098420000,18,147,165
3728280000,955940000,4684220000,43,140,183
7148200000,7151790000,14299990000,24,113,137
7878240000,2454070000,10332310000,15,98,113
5128420000,10977340000,16105760000,26,146,172
5630470000,9574470000,15204940000,21,132,153
6957250000,4386670000,11343920000,21,146,167
3971060000,1444730000,5415790000,31,160,191
4448410000,6637270000,11085680000,33,147,180
5367010000,18720000,5385730000,26,150,176
7680460000,3071550000,10752010000,28,140,168
9796590000,565980000,10362570000,35,122,157
2904300000,6222010000,9126310000,25,137,162
3004280000,6808300000,9812580000,38,158,196
6330560000,11264480000,17595040000,35,110,145
13594800000,238390000,13833190000,20,126,146
6330280000,4840190000,11170470000,28,153,181
9335660000,1909010000,11244670000,28,150,178
13510270000,322310000,13832580000,24,149,173
8575270000,11520040000,20095310000,27,139,166
3638500000,1531730000,5170230000,44,155,199
9619620000,264020000,9883640000,27,135,162
5388600000,5602240000,10990840000,31,105,136
14042890000,255990000,14298880000,46,164,210
10330870000,772860000,11103730000,24,151,175
8475610000,2186300000,10661910000,32,164,196
2541400000,8171280000,10712680000,22,152,174
11730430000,955890000,12686320000,19,139,158
6018770000,4759500000,10778270000,24,141,165
6464210000,2832880000,9297090000,30,160,190
7574450000,3188800000,10763250000,30,100,130
717540000,9750240000,10467780000,23,151,174
3581810000,6983000000,10564810000,36,161,197
6432370000,3653240000,10085610000,19,142,161
14776600000,8160000,14784760000,25,129,154
4722830000,6060460000,10783290000,35,160,195
3910440000,6431400000,10341840000,30,166,196
3221110000,7565930000,10787040000,21,139,160
4310370000,749710000,5060080000,25,109,134
4608410000,6360070000,10968480000,21,141,162
1943820000,8398540000,10342360000,24,149,173
6967300000,3475210000,10442510000,22,128,150
8344800000,234250000,8579050000,28,146,174
4898770000,3056500000,7955270000,30,134,164
9173700000,32690000,9206390000,28,122,150
4813790000,5909400000,10723190000,28,165,193
4354140000,6102230000,10456370000,26,144,170
6533560000,8584390000,15117950000,20,140,160
2170550000,2959320000,5129870000,24,148,172
5691770000,12975900000,18667670000,30,154,184
3317710000,6763390000,10081100000,36,164,200
9291790000,250580000,9542370000,14,127,141
9200040000,3467000000,12667040000,33,154,187
12179750000,1673330000,13853080000,33,124,157
10659580000,444490000,11104070000,21,112,133
5203040000,3968830000,9171870000,21,126,147
2947080000,1926360000,4873440000,39,128,167
3505190000,7437100000,10942290000,16,136,152
13035170000,3861170000,16896340000,27,151,178
10336200000,36360000,10372560000,30,146,176
2397300000,6573930000,8971230000,36,133,169
9154530000,1178020000,10332550000,37,104,141
5519620000,5213620000,10733240000,40,114,154
4294010000,4661560000,8955570000,27,112,139
8092830000,6004700000,14097530000,20,126,146
7592570000,2677310000,10269880000,21,145,166
6191770000,6365090000,12556860000,29,129,158
9348650000,1404570000,10753220000,36,123,159
2011300000,8671950000,10683250000,29,158,187
1823270000,8392340000,10215610000,30,159,189
5330170000,49840000,5380010000,19,144,163
6166090000,7670950000,13837040000,16,130,146
13423000000,3204680000,16627680000,21,143,164
2150090000,8527500000,10677590000,28,140,168
12400760000,48920000,12449680000,35,140,175
8828810000,4093570000,12922380000,27,146,173
4976370000,544650000,5521020000,18,143,161
9767720000,46890000,9814610000,39,121,160
4547190000,5905410000,10452600000,11,96,107
13162180000,7820300000,20982480000,33,148,181
5377800000,8449450000,13827250000,36,142,178
10194630000,4012590000,14207220000,29,158,187
5229360000,812620000,6041980000,35,125,160
3601880000,1713730000,5315610000,27,151,178
4401860000,8394130000,12795990000,22,143,165
6962970000,1585940000,8548910000,32,136,168
4654160000,5427300000,10081460000,20,129,149
8555970000,1657690000,10213660000,22,116,138
7867650000,1258700000,9126350000,25,148,173
10188000000,179440000,10367440000,31,159,190
10039600000,2883340000,12922940000,31,145,176
11049590000,2936720000,13986310000,37,141,178
4150770000,9671220000,13821990000,40,107,147
5059460000,5397640000,10457100000,22,147,169
6976130000,1844530000,8820660000,48,103,151
3707570000,9371590000,13079160000,35,139,174
4435570000,860000000,5295570000,23,158,181
3780730000,13549700000,17330430000,27,158,185
12723040000,2812010000,15535050000,40,122,162
7547280000,2276910000,9824190000,24,141,165
6096190000,7741200000,13837390000,20,144,164
1631440000,7070800000,8702240000,31,168,199
4819690000,7489300000,12308990000,16,122,138
5583860000,4481250000,10065110000,27,138,165
13821750000,36630000,13858380000,31,177,208
6943640000,2092400000,9036040000,15,120,135
5665470000,4671920000,10337390000,28,139,167
1927300000,2952430000,4879730000,21,134,155
9676640000,4252140000,13928780000,28,160,188
4972460000,9219340000,14191800000,29,156,185
1771100000,8906490000,10677590000,35,130,165
2018440000,1860870000,3879310000,29,145,174
11131240000,457580000,11588820000,32,158,190
7560040000,1035470000,8595510000,27,155,182
4506260000,3571190000,8077450000,29,123,152
10296500000,75980000,10372480000,38,174,212
10780040000,8410000,10788450000,36,154,190
2634540000,6431600000,9066140000,22,127,149
8979050000,5289540000,14268590000,29,144,173
7652900000,2923930000,10576830000,31,139,170
3039600000,11154460000,14194060000,18,125,143
10778900000,3534920000,14313820000,27,98,125
4940040000,4581860000,9521900000,27,155,182
3939380000,1616700000,5556080000,18,127,145
2070070000,7165800000,9235870000,16,104,120
3099230000,6982160000,10081390000,28,133,161
2401330000,8375650000,10776980000,23,148,171
2033480000,3806480000,5839960000,37,146,183
4360960000,6346770000,10707730000,28,134,162
3978130000,9457720000,13435850000,24,153,177
5902140000,2290660000,8192800000,27,141,168
4038540000,1252020000,5290560000,27,145,172
2082940000,415790000,2498730000,23,139,162
4391080000,4509870000,8900950000,31,154,185
5625350000,8212520000,13837870000,44,129,173
3561510000,2197040000,5758550000,16,128,144
1238420000,4227480000,5465900000,16,134,150
10355230000,22370000,10377600000,34,163,197
22491220000,29173410000,51664630000,50,171,221
24340400000,19249010000,43589410000,33,166,199
23163120000,28623630000,51786750000,49,154,203
54567300000,60200000,54627500000,33,173,206
18306940000,41847670000,60154610000,32,169,201
23790960000,16577540000,40368500000,50,173,223
22525800000,23441160000,45966960000,44,157,201
33193800000,10313810000,43507610000,24,163,187
29648790000,19044720000,48693510000,45,187,232
34639620000,26765490000,61405110000,31,178,209
19515820000,38284500000,57800320000,39,107,146
15175590000,34441520000,49617110000,30,166,196
37145900000,823250000,37969150000,31,135,166
17165470000,25088990000,42254460000,29,171,200
23173300000,15214950000,38388250000,53,151,204
33751540000,7626700000,41378240000,35,179,214
37424320000,3124110000,40548430000,43,176,219
24163850000,14643710000,38807560000,40,181,221
49257130000,27945710000,77202840000,33,164,197
67876710000,13564100000,81440810000,40,132,172
21839040000,31104730000,52943770000,27,165,192
21892950000,30085680000,51978630000,52,149,201
24915520000,32447020000,57362540000,29,161,190
42106850000,887330000,42994180000,50,153,203
22221070000,27166570000,49387640000,40,184,224
37651690000,9516150000,47167840000,31,162,193
41801490000,699560000,42501050000,34,158,192
47548860000,11220730000,58769590000,39,160,199
29510610000,35729300000,65239910000,22,149,171
27433830000,26063680000,53497510000,40,178,218
71113090000,1721530000,72834620000,28,176,204
34443510000,22550610000,56994120000,39,141,180
13205280000,33010220000,46215500000,30,171,201
20953780000,27038370000,47992150000,62,137,199
41153390000,770520000,41923910000,36,157,193
14603430000,25498430000,40101860000,51,124,175
53476100000,884740000,54360840000,31,156,187
53656960000,794770000,54451730000,44,155,199
15048690000,38476460000,53525150000,30,160,190
52879120000,5982380000,58861500000,47,172,219
19213200000,20393680000,39606880000,32,162,194
6368050000,13473200000,19841250000,23,124,147
53443080000,12663250000,66106330000,28,162,190
52001950000,132800000,52134750000,34,164,198
25489260000,37796180000,63285440000,30,159,189
31322460000,23109280000,54431740000,39,169,208
25383430000,23474080000,48857510000,29,143,172
22593430000,31011940000,53605370000,28,148,176
47675180000,8381230000,56056410000,30,149,179
45293830000,3770010000,49063840000,35,160,195
50968330000,1435430000,52403760000,34,172,206
26814530000,5910660000,32725190000,30,175,205
62584380000,2186800000,64771180000,26,161,187
36507090000,18863070000,55370160000,42,165,207
41612540000,14744960000,56357500000,32,164,196
14576230000,24028930000,38605160000,43,186,229
16909570000,24464800000,41374370000,37,177,214
17996300000,21033530000,39029830000,37,143,180
50876610000,1446260000,52322870000,43,183,226
26524290000,20692090000,47216380000,32,148,180
38659350000,15611720000,54271070000,43,181,224
22565620000,12728770000,35294390000,37,179,216
37113790000,5123430000,42237220000,38,181,219
44881540000,1669150000,46550690000,29,149,178
14194210000,29684500000,43878710000,40,183,223
15600950000,24760480000,40361430000,30,144,174
44539320000,14896810000,59436130000,36,170,206
18856120000,20006040000,38862160000,46,147,193
36620540000,2365680000,38986220000,43,137,180
27860440000,28590960000,56451400000,37,173,210
30039360000,24732030000,54771390000,52,169,221
22383480000,35240900000,57624380000,36,166,202
21024260000,26240800000,47265060000,33,167,200
29352760000,21612470000,50965230000,38,175,213
14654120000,27407260000,42061380000,24,156,180
19865510000,30885810000,50751320000,45,136,181
53775400000,220690000,53996090000,28,169,197
15020450000,33631850000,48652300000,22,132,154
23359920000,32440640000,55800560000,36,174,210
31977560000,21604710000,53582270000,51,132,183
26343090000,18376110000,44719200000,48,160,208
38214530000,32279530000,70494060000,34,105,139
10783240000,48087440000,58870680000,42,147,189
8472160000,37015650000,45487810000,44,189,233
10359090000,34507260000,44866350000,44,160,204
15149140000,27473670000,42622810000,30,170,200
23222210000,16893340000,40115550000,38,173,211
30553620000,22304410000,52858030000,33,150,183
10289060000,43517680000,53806740000,28,156,184
28337940000,9146300000,37484240000,40,184,224
21199040000,11893970000,33093010000,29,163,192
30038390000,12649490000,42687880000,38,162,200
19577480000,28736730000,48314210000,53,167,220
33872360000,31168350000,65040710000,34,171,205
32795820000,25055480000,57851300000,32,177,209
23959100000,21127260000,45086360000,37,169,206
46291980000,11254630000,57546610000,39,175,214
22711420000,42638360000,65349780000,36,179,215
53795960000,155380000,53951340000,38,162,200
24572170000,22244690000,46816860000,30,164,194
20353220000,16978550000,37331770000,41,168,209
11598980000,31057490000,42656470000,37,179,216
51251590000,122230000,51373820000,42,151,193
42554890000,12290750000,54845640000,30,164,194
38148320000,766140000,38914460000,31,164,195
28739370000,11375270000,40114640000,35,142,177
27267480000,15384290000,42651770000,29,167,196
44106810000,25891850000,69998660000,51,142,193
14125630000,27257010000,41382640000,37,183,220
20919850000,13038130000,33957980000,33,151,184
33877760000,18658140000,52535900000,30,164,194
55095650000,9023090000,64118740000,44,162,206
139669990000,55684430000,195354420000,53,192,245
150691890000,20822450000,171514340000,48,207,255
185741870000,121822810000,307564680000,32,165,197
165987810000,61730410000,227718220000,57,215,272
207459460000,8729090000,216188550000,41,112,153
96486230000,92849870000,189336100000,42,187,229
99527210000,59845320000,159372530000,48,203,251
164776170000,22928090000,187704260000,65,174,239
114680580000,74363690000,189044270000,46,205,251
111446170000,34290010000,145736180000,44,203,247
253142070000,866850000,254008920000,42,196,238
56829950000,82685730000,139515680000,49,202,251
227240080000,191069630000,418309710000,51,196,247
186395370000,8843430000,195238800000,45,199,244
79732200000,133145820000,212878020000,41,191,232
70660830000,135532080000,206192910000,45,192,237
75837840000,94126940000,169964780000,50,161,211
79289080000,101863080000,181152160000,46,165,211
56722290000,66718960000,123441250000,38,190,228
104696150000,94665980000,199362130000,38,186,224
105461840000,69715770000,175177610000,58,166,224
256053590000,4412920000,260466510000,39,179,218
69279850000,136840210000,206120060000,37,180,217
70123960000,107936680000,178060640000,42,182,224
99853090000,139908300000,239761390000,58,184,242
147231330000,62009420000,209240750000,61,165,226
134415140000,107230020000,241645160000,51,180,231
98844430000,123013710000,221858140000,44,186,230
560402900000,89925970000,650328870000,76,199,275
812142060000,35592560000,847734620000,69,196,265
512148520000,516146680000,1028295200000,62,245,307
372532760000,353003760000,725536520000,70,208,278
459376890000,358620290000,817997180000,57,230,287
380614250000,409379460000,789993710000,57,217,274
693620340000,456824190000,1150444530000,57,212,269
3864394900000,2135700730000,6000095630000,114,304,418
