polygon_id,Natural_t0,Human_dominated_t0,Area_Total_t0,natural_sp_t0,human_dominated_sp_t0,Sp_Total_t0,Natural_t1,Human_dominated_t1,Area_Total_t1,natural_sp_t1,human_dominated_sp_t1,Sp_Total_t1,delta_Natural,delta_Human_dominated,delta_Area_Total,delta_natural_sp,delta_human_dominated_sp,delta_Sp_Total
1_001,1846330000,643810000,2490140000,7,106,113,1822740000,667400000,2490140000,11,108,119,-23590000,23590000,0,4,2,6
1_002,1836300000,361740000,2198040000,11,98,109,1830020000,368020000,2198040000,8,91,99,-6280000,6280000,0,-3,-7,-10
1_003,1326200000,1173800000,2500000000,8,115,123,1353510000,1146490000,2500000000,9,101,110,27310000,-27310000,0,1,-14,-13
1_004,1764060000,735940000,2500000000,7,100,107,1805400000,694600000,2500000000,6,106,112,41340000,-41340000,0,-1,6,5
1_005,2007800000,492200000,2500000000,11,115,126,2051990000,448010000,2500000000,12,114,126,44190000,-44190000,0,1,-1,0
1_006,665710000,1834290000,2500000000,7,104,111,737370000,1762630000,2500000000,10,113,123,71660000,-71660000,0,3,9,12
1_007,2073890000,426110000,2500000000,9,104,113,1937070000,562930000,2500000000,9,91,100,-136820000,136820000,0,0,-13,-13
1_008,673510000,1826490000,2500000000,9,111,120,343800000,2156200000,2500000000,10,115,125,-329710000,329710000,0,1,4,5
1_009,588340000,1911660000,2500000000,9,109,118,501320000,1998680000,2500000000,15,122,137,-87020000,87020000,0,6,13,19
1_010,1321750000,1178250000,2500000000,11,105,116,1344410000,1155590000,2500000000,13,113,126,22660000,-22660000,0,2,8,10
1_011,1055120000,1444880000,2500000000,11,111,122,1014590000,1485410000,2500000000,14,116,130,-40530000,40530000,0,3,5,8
1_012,1990770000,509230000,2500000000,9,94,103,2038490000,461510000,2500000000,9,98,107,47720000,-47720000,0,0,4,4
1_013,1492240000,1007760000,2500000000,9,112,121,1472190000,1027810000,2500000000,11,103,114,-20050000,20050000,0,2,-9,-7
1_014,1686460000,813540000,2500000000,9,104,113,1742930000,757070000,2500000000,7,100,107,56470000,-56470000,0,-2,-4,-6
1_015,2251430000,248570000,2500000000,8,96,104,2251490000,248510000,2500000000,8,88,96,60000,-60000,0,0,-8,-8
1_016,2050080000,449920000,2500000000,11,118,129,1976680000,523320000,2500000000,13,114,127,-73400000,73400000,0,2,-4,-2
1_017,1920130000,579870000,2500000000,17,109,126,1657940000,842060000,2500000000,8,99,107,-262190000,262190000,0,-9,-10,-19
1_018,1712810000,787190000,2500000000,13,117,130,1544700000,955300000,2500000000,19,121,140,-168110000,168110000,0,6,4,10
1_019,659240000,1840760000,2500000000,10,107,117,523780000,1976220000,2500000000,13,114,127,-135460000,135460000,0,3,7,10
1_020,1169760000,1330240000,2500000000,11,120,131,967930000,1532070000,2500000000,12,115,127,-201830000,201830000,0,1,-5,-4
1_021,480830000,2019170000,2500000000,6,107,113,322380000,2177620000,2500000000,9,104,113,-158450000,158450000,0,3,-3,0
1_022,687010000,1812990000,2500000000,14,129,143,464110000,2035890000,2500000000,18,132,150,-222900000,222900000,0,4,3,7
1_023,1687980000,812020000,2500000000,10,110,120,1635650000,864350000,2500000000,11,109,120,-52330000,52330000,0,1,-1,0
1_024,1552900000,947100000,2500000000,17,130,147,1420850000,1079150000,2500000000,14,121,135,-132050000,132050000,0,-3,-9,-12
1_025,1645260000,854740000,2500000000,22,133,155,1592970000,907030000,2500000000,22,145,167,-52290000,52290000,0,0,12,12
1_026,1634500000,104830000,1739330000,13,115,128,1619130000,120200000,1739330000,14,108,122,-15370000,15370000,0,1,-7,-6
1_027,1718880000,781120000,2500000000,19,114,133,1622260000,877740000,2500000000,15,116,131,-96620000,96620000,0,-4,2,-2
1_028,1674690000,825310000,2500000000,4,82,86,1628260000,871740000,2500000000,7,84,91,-46430000,46430000,0,3,2,5
1_029,889460000,1610540000,2500000000,11,106,117,850770000,1649230000,2500000000,9,114,123,-38690000,38690000,0,-2,8,6
1_030,1582200000,917800000,2500000000,16,121,137,1100250000,1399750000,2500000000,16,123,139,-481950000,481950000,0,0,2,2
1_031,521720000,1978280000,2500000000,14,124,138,407710000,2092290000,2500000000,21,132,153,-114010000,114010000,0,7,8,15
1_032,1168470000,1331530000,2500000000,14,126,140,985640000,1514360000,2500000000,21,132,153,-182830000,182830000,0,7,6,13
1_033,2140990000,128920000,2269910000,6,67,73,2128180000,141730000,2269910000,7,67,74,-12810000,12810000,0,1,0,1
1_034,1903500000,481220000,2384720000,5,89,94,1889280000,495440000,2384720000,8,100,108,-14220000,14220000,0,3,11,14
1_035,1535960000,964040000,2500000000,9,78,87,1550210000,949790000,2500000000,8,94,102,14250000,-14250000,0,-1,16,15
1_036,2000870000,499130000,2500000000,9,87,96,2019500000,480500000,2500000000,8,86,94,18630000,-18630000,0,-1,-1,-2
1_037,1864400000,635600000,2500000000,12,97,109,1927880000,572120000,2500000000,9,107,116,63480000,-63480000,0,-3,10,7
1_038,1812670000,687330000,2500000000,9,101,110,1845970000,654030000,2500000000,8,91,99,33300000,-33300000,0,-1,-10,-11
1_039,1916030000,583970000,2500000000,10,107,117,2150780000,349220000,2500000000,10,109,119,234750000,-234750000,0,0,2,2
1_040,2123670000,376330000,2500000000,11,118,129,2208470000,291530000,2500000000,10,102,112,84800000,-84800000,0,-1,-16,-17
1_041,1731290000,768710000,2500000000,7,95,102,1598690000,901310000,2500000000,7,97,104,-132600000,132600000,0,0,2,2
1_042,1862220000,637780000,2500000000,9,98,107,1808700000,691300000,2500000000,10,108,118,-53520000,53520000,0,1,10,11
1_043,1743070000,756930000,2500000000,6,86,92,1531200000,968800000,2500000000,7,90,97,-211870000,211870000,0,1,4,5
1_044,1857680000,642320000,2500000000,9,98,107,1843890000,656110000,2500000000,13,106,119,-13790000,13790000,0,4,8,12
1_045,1949690000,550310000,2500000000,16,129,145,1912290000,587710000,2500000000,14,108,122,-37400000,37400000,0,-2,-21,-23
1_046,1590750000,909250000,2500000000,9,93,102,1592480000,907520000,2500000000,11,108,119,1730000,-1730000,0,2,15,17
1_047,1731550000,768450000,2500000000,7,100,107,1734990000,765010000,2500000000,10,98,108,3440000,-3440000,0,3,-2,1
1_048,1537500000,962500000,2500000000,14,117,131,1644700000,855300000,2500000000,14,118,132,107200000,-107200000,0,0,1,1
1_049,1660140000,839860000,2500000000,19,129,148,1608330000,891670000,2500000000,15,119,134,-51810000,51810000,0,-4,-10,-14
1_050,2054380000,445620000,2500000000,11,115,126,2130480000,369520000,2500000000,13,124,137,76100000,-76100000,0,2,9,11
1_051,1703840000,796160000,2500000000,12,122,134,1830290000,669710000,2500000000,10,114,124,126450000,-126450000,0,-2,-8,-10
1_052,1559980000,940020000,2500000000,13,121,134,1659630000,840370000,2500000000,12,115,127,99650000,-99650000,0,-1,-6,-7
1_053,1735610000,764390000,2500000000,9,98,107,1707070000,792930000,2500000000,9,89,98,-28540000,28540000,0,0,-9,-9
1_054,2200310000,299690000,2500000000,13,113,126,2177630000,322370000,2500000000,10,112,122,-22680000,22680000,0,-3,-1,-4
1_055,2185580000,314420000,2500000000,6,86,92,2102720000,397280000,2500000000,5,81,86,-82860000,82860000,0,-1,-5,-6
1_056,1853810000,646190000,2500000000,21,125,146,1775140000,724860000,2500000000,19,133,152,-78670000,78670000,0,-2,8,6
1_057,1390050000,1109950000,2500000000,17,116,133,1437240000,1062760000,2500000000,14,132,146,47190000,-47190000,0,-3,16,13
1_058,1132470000,1367530000,2500000000,21,137,158,843320000,1656680000,2500000000,14,118,132,-289150000,289150000,0,-7,-19,-26
1_059,1877780000,622220000,2500000000,14,117,131,1858980000,641020000,2500000000,14,127,141,-18800000,18800000,0,0,10,10
1_060,2110910000,389090000,2500000000,16,90,106,2191560000,308440000,2500000000,17,109,126,80650000,-80650000,0,1,19,20
1_061,2024540000,475460000,2500000000,11,110,121,2151550000,348450000,2500000000,11,117,128,127010000,-127010000,0,0,7,7
1_062,1754620000,85420000,1840040000,22,85,107,1765880000,74160000,1840040000,19,63,82,11260000,-11260000,0,-3,-22,-25
1_063,2074380000,262770000,2337150000,21,83,104,2076890000,260260000,2337150000,14,61,75,2510000,-2510000,0,-7,-22,-29
1_064,2035640000,464360000,2500000000,23,92,115,2024390000,475610000,2500000000,20,66,86,-11250000,11250000,0,-3,-26,-29
1_065,2348590000,151410000,2500000000,14,71,85,2403210000,96790000,2500000000,17,73,90,54620000,-54620000,0,3,2,5
1_066,1514510000,985490000,2500000000,13,63,76,1651870000,848130000,2500000000,13,77,90,137360000,-137360000,0,0,14,14
1_067,1965200000,534800000,2500000000,19,87,106,2054800000,445200000,2500000000,15,69,84,89600000,-89600000,0,-4,-18,-22
1_068,2435620000,57590000,2493210000,22,75,97,2477390000,15820000,2493210000,22,75,97,41770000,-41770000,0,0,0,0
1_069,1955030000,544970000,2500000000,16,86,102,1829250000,670750000,2500000000,13,85,98,-125780000,125780000,0,-3,-1,-4
1_070,2302580000,133230000,2435810000,28,88,116,2341340000,94470000,2435810000,17,68,85,38760000,-38760000,0,-11,-20,-31
1_071,2004110000,495890000,2500000000,18,86,104,2063250000,436750000,2500000000,20,76,96,59140000,-59140000,0,2,-10,-8
1_072,1614020000,885980000,2500000000,13,89,102,1513050000,986950000,2500000000,9,78,87,-100970000,100970000,0,-4,-11,-15
1_073,1469400000,1030600000,2500000000,15,92,107,1504350000,995650000,2500000000,11,85,96,34950000,-34950000,0,-4,-7,-11
1_074,2232160000,105910000,2338070000,26,92,118,2234380000,103690000,2338070000,21,85,106,2220000,-2220000,0,-5,-7,-12
1_075,442170000,2057830000,2500000000,17,80,97,383920000,2116080000,2500000000,6,70,76,-58250000,58250000,0,-11,-10,-21
1_076,1149350000,1350650000,2500000000,11,70,81,1129180000,1370820000,2500000000,14,68,82,-20170000,20170000,0,3,-2,1
1_077,1383210000,1096390000,2479600000,15,80,95,1387140000,1092460000,2479600000,15,76,91,3930000,-3930000,0,0,-4,-4
1_078,357920000,2142080000,2500000000,10,80,90,406620000,2093380000,2500000000,10,75,85,48700000,-48700000,0,0,-5,-5
1_079,610510000,1889490000,2500000000,7,79,86,618720000,1881280000,2500000000,7,80,87,8210000,-8210000,0,0,1,1
1_080,489270000,2010730000,2500000000,6,84,90,501400000,1998600000,2500000000,6,73,79,12130000,-12130000,0,0,-11,-11
1_081,616760000,1883240000,2500000000,12,88,100,616580000,1883420000,2500000000,8,83,91,-180000,180000,0,-4,-5,-9
1_082,529580000,1970420000,2500000000,8,80,88,472840000,2027160000,2500000000,6,72,78,-56740000,56740000,0,-2,-8,-10
1_083,366870000,2133130000,2500000000,19,85,104,343270000,2156730000,2500000000,11,80,91,-23600000,23600000,0,-8,-5,-13
1_084,1878200000,571530000,2449730000,19,93,112,1836440000,613290000,2449730000,21,83,104,-41760000,41760000,0,2,-10,-8
1_085,1864400000,635600000,2500000000,20,90,110,1853580000,646420000,2500000000,17,72,89,-10820000,10820000,0,-3,-18,-21
1_086,1040730000,1459270000,2500000000,19,122,141,964680000,1535320000,2500000000,19,134,153,-76050000,76050000,0,0,12,12
1_087,1190680000,1309320000,2500000000,20,92,112,1188070000,1311930000,2500000000,20,89,109,-2610000,2610000,0,0,-3,-3
1_088,936800000,1563200000,2500000000,17,87,104,947110000,1552890000,2500000000,12,75,87,10310000,-10310000,0,-5,-12,-17
1_089,530870000,1969130000,2500000000,6,90,96,535120000,1964880000,2500000000,6,79,85,4250000,-4250000,0,0,-11,-11
1_090,571770000,1928230000,2500000000,21,88,109,583480000,1916520000,2500000000,22,78,100,11710000,-11710000,0,1,-10,-9
1_091,2440490000,59510000,2500000000,28,86,114,2435280000,64720000,2500000000,24,78,102,-5210000,5210000,0,-4,-8,-12
1_092,964640000,1535360000,2500000000,20,134,154,1345490000,1154510000,2500000000,18,137,155,380850000,-380850000,0,-2,3,1
1_093,751160000,1748840000,2500000000,13,102,115,699700000,1800300000,2500000000,13,106,119,-51460000,51460000,0,0,4,4
1_094,1543620000,956380000,2500000000,18,117,135,1396180000,1103820000,2500000000,20,135,155,-147440000,147440000,0,2,18,20
1_095,840490000,1659510000,2500000000,17,127,144,752730000,1747270000,2500000000,20,130,150,-87760000,87760000,0,3,3,6
1_096,1256080000,1243920000,2500000000,19,133,152,1226050000,1273950000,2500000000,26,151,177,-30030000,30030000,0,7,18,25
1_097,1365120000,1134880000,2500000000,13,114,127,1286650000,1213350000,2500000000,19,122,141,-78470000,78470000,0,6,8,14
1_098,1952430000,121860000,2074290000,12,87,99,1892890000,181400000,2074290000,11,95,106,-59540000,59540000,0,-1,8,7
1_099,1544910000,955090000,2500000000,15,125,140,1308130000,1191870000,2500000000,22,136,158,-236780000,236780000,0,7,11,18
1_100,95550000,2404450000,2500000000,16,108,124,87550000,2412450000,2500000000,11,96,107,-8000000,8000000,0,-5,-12,-17
1_101,541700000,1958300000,2500000000,17,117,134,513530000,1986470000,2500000000,19,125,144,-28170000,28170000,0,2,8,10
1_102,1306910000,1193090000,2500000000,13,91,104,1258770000,1241230000,2500000000,11,102,113,-48140000,48140000,0,-2,11,9
1_103,1776590000,723410000,2500000000,16,107,123,1692790000,807210000,2500000000,17,121,138,-83800000,83800000,0,1,14,15
1_104,1582660000,917340000,2500000000,15,121,136,1360100000,1139900000,2500000000,13,111,124,-222560000,222560000,0,-2,-10,-12
1_105,580230000,1919770000,2500000000,16,121,137,771600000,1728400000,2500000000,20,134,154,191370000,-191370000,0,4,13,17
1_106,1936370000,563630000,2500000000,14,117,131,1845850000,654150000,2500000000,17,126,143,-90520000,90520000,0,3,9,12
1_107,1900120000,599880000,2500000000,16,109,125,1993390000,506610000,2500000000,19,119,138,93270000,-93270000,0,3,10,13
1_108,561120000,1938880000,2500000000,10,95,105,547420000,1952580000,2500000000,11,102,113,-13700000,13700000,0,1,7,8
1_109,453900000,2046100000,2500000000,13,111,124,394410000,2105590000,2500000000,13,125,138,-59490000,59490000,0,0,14,14
1_110,1018480000,1481520000,2500000000,16,112,128,1007080000,1492920000,2500000000,15,114,129,-11400000,11400000,0,-1,2,1
1_111,1595750000,904250000,2500000000,15,107,122,1610700000,889300000,2500000000,14,109,123,14950000,-14950000,0,-1,2,1
1_112,749900000,1750100000,2500000000,14,110,124,831070000,1668930000,2500000000,12,106,118,81170000,-81170000,0,-2,-4,-6
1_113,520720000,1979280000,2500000000,12,111,123,492760000,2007240000,2500000000,18,127,145,-27960000,27960000,0,6,16,22
1_114,2031680000,468320000,2500000000,23,113,136,2022500000,477500000,2500000000,19,116,135,-9180000,9180000,0,-4,3,-1
1_115,1422430000,1077570000,2500000000,16,108,124,1390810000,1109190000,2500000000,15,107,122,-31620000,31620000,0,-1,-1,-2
1_116,1830940000,669060000,2500000000,12,94,106,1868760000,631240000,2500000000,10,100,110,37820000,-37820000,0,-2,6,4
1_117,1158210000,1341790000,2500000000,13,90,103,1165530000,1334470000,2500000000,10,89,99,7320000,-7320000,0,-3,-1,-4
1_118,1216110000,1283890000,2500000000,13,103,116,1357670000,1142330000,2500000000,11,115,126,141560000,-141560000,0,-2,12,10
1_119,2211050000,288950000,2500000000,19,101,120,2209120000,290880000,2500000000,16,103,119,-1930000,1930000,0,-3,2,-1
1_120,1203690000,1296310000,2500000000,23,108,131,1149990000,1350010000,2500000000,22,120,142,-53700000,53700000,0,-1,12,11
1_121,1296010000,1203990000,2500000000,14,92,106,1218180000,1281820000,2500000000,13,110,123,-77830000,77830000,0,-1,18,17
1_122,851850000,1648150000,2500000000,23,127,150,843630000,1656370000,2500000000,21,134,155,-8220000,8220000,0,-2,7,5
1_123,1219300000,1280700000,2500000000,12,101,113,1255000000,1245000000,2500000000,13,96,109,35700000,-35700000,0,1,-5,-4
1_124,1588220000,911780000,2500000000,15,104,119,1645130000,854870000,2500000000,14,108,122,56910000,-56910000,0,-1,4,3
1_125,1845610000,654390000,2500000000,14,98,112,1900960000,599040000,2500000000,14,115,129,55350000,-55350000,0,0,17,17
1_126,2160380000,339620000,2500000000,14,96,110,2251890000,248110000,2500000000,17,110,127,91510000,-91510000,0,3,14,17
1_127,2066980000,433020000,2500000000,16,113,129,2122380000,377620000,2500000000,18,110,128,55400000,-55400000,0,2,-3,-1
1_128,1630310000,869690000,2500000000,14,106,120,1811090000,688910000,2500000000,18,119,137,180780000,-180780000,0,4,13,17
1_129,1302420000,1197580000,2500000000,22,125,147,1339720000,1160280000,2500000000,23,135,158,37300000,-37300000,0,1,10,11
1_130,1202800000,1297200000,2500000000,20,116,136,1261150000,1238850000,2500000000,17,124,141,58350000,-58350000,0,-3,8,5
1_131,1606280000,893720000,2500000000,19,127,146,1753420000,746580000,2500000000,19,124,143,147140000,-147140000,0,0,-3,-3
1_132,1845380000,654620000,2500000000,20,129,149,1811250000,688750000,2500000000,17,131,148,-34130000,34130000,0,-3,2,-1
1_133,623360000,1876640000,2500000000,17,140,157,329360000,2170640000,2500000000,13,131,144,-294000000,294000000,0,-4,-9,-13
1_134,1326620000,1173380000,2500000000,15,134,149,1456620000,1043380000,2500000000,19,132,151,130000000,-130000000,0,4,-2,2
1_135,2006540000,493460000,2500000000,17,131,148,2121830000,378170000,2500000000,17,131,148,115290000,-115290000,0,0,0,0
1_136,2113840000,386160000,2500000000,20,129,149,2171740000,328260000,2500000000,17,125,142,57900000,-57900000,0,-3,-4,-7
1_137,321210000,2178790000,2500000000,10,125,135,290790000,2209210000,2500000000,13,125,138,-30420000,30420000,0,3,0,3
1_138,561010000,1938990000,2500000000,16,123,139,597630000,1902370000,2500000000,13,130,143,36620000,-36620000,0,-3,7,4
1_139,1107080000,1392920000,2500000000,10,112,122,1143390000,1356610000,2500000000,14,126,140,36310000,-36310000,0,4,14,18
1_140,1042950000,1457050000,2500000000,17,129,146,974700000,1525300000,2500000000,17,135,152,-68250000,68250000,0,0,6,6
1_141,110460000,2389540000,2500000000,12,111,123,99810000,2400190000,2500000000,11,118,129,-10650000,10650000,0,-1,7,6
1_142,219710000,2280290000,2500000000,12,120,132,228040000,2271960000,2500000000,13,118,131,8330000,-8330000,0,1,-2,-1
1_143,271140000,2228860000,2500000000,16,124,140,252440000,2247560000,2500000000,13,123,136,-18700000,18700000,0,-3,-1,-4
1_144,638110000,1861890000,2500000000,13,124,137,634040000,1865960000,2500000000,15,122,137,-4070000,4070000,0,2,-2,0
1_145,2356410000,143590000,2500000000,18,111,129,2375540000,124460000,2500000000,20,118,138,19130000,-19130000,0,2,7,9
1_146,1488070000,1011930000,2500000000,16,129,145,1459490000,1040510000,2500000000,17,129,146,-28580000,28580000,0,1,0,1
1_147,2286380000,213620000,2500000000,19,116,135,2300830000,199170000,2500000000,16,118,134,14450000,-14450000,0,-3,2,-1
1_148,1105360000,1394640000,2500000000,23,126,149,1136230000,1363770000,2500000000,20,130,150,30870000,-30870000,0,-3,4,1
1_149,1934490000,305310000,2239800000,7,93,100,1945410000,294390000,2239800000,12,100,112,10920000,-10920000,0,5,7,12
1_150,1566760000,113370000,1680130000,9,102,111,1583190000,96940000,1680130000,15,99,114,16430000,-16430000,0,6,-3,3
1_151,1009410000,1490590000,2500000000,22,128,150,936160000,1563840000,2500000000,21,141,162,-73250000,73250000,0,-1,13,12
1_152,1253060000,1246940000,2500000000,14,114,128,1180730000,1319270000,2500000000,16,129,145,-72330000,72330000,0,2,15,17
1_153,2094930000,405070000,2500000000,20,133,153,1827190000,672810000,2500000000,22,137,159,-267740000,267740000,0,2,4,6
1_154,1747490000,752510000,2500000000,16,115,131,1788180000,711820000,2500000000,16,127,143,40690000,-40690000,0,0,12,12
1_155,1415710000,1084290000,2500000000,21,124,145,1475620000,1024380000,2500000000,20,135,155,59910000,-59910000,0,-1,11,10
1_156,551220000,1948780000,2500000000,15,121,136,367500000,2132500000,2500000000,13,125,138,-183720000,183720000,0,-2,4,2
1_157,543120000,1956880000,2500000000,17,117,134,537400000,1962600000,2500000000,17,122,139,-5720000,5720000,0,0,5,5
1_158,1945660000,554340000,2500000000,18,128,146,1926620000,573380000,2500000000,18,136,154,-19040000,19040000,0,0,8,8
1_159,1446130000,1053870000,2500000000,20,128,148,1511720000,988280000,2500000000,14,121,135,65590000,-65590000,0,-6,-7,-13
1_160,1907420000,592580000,2500000000,17,115,132,1905060000,594940000,2500000000,20,130,150,-2360000,2360000,0,3,15,18
1_161,1704060000,795940000,2500000000,17,124,141,1538440000,961560000,2500000000,15,130,145,-165620000,165620000,0,-2,6,4
1_162,1884600000,615400000,2500000000,14,118,132,1764640000,735360000,2500000000,16,131,147,-119960000,119960000,0,2,13,15
1_163,1646720000,853280000,2500000000,19,129,148,1307760000,1192240000,2500000000,15,131,146,-338960000,338960000,0,-4,2,-2
1_164,1874630000,123370000,1998000000,11,102,113,1875410000,122590000,1998000000,10,95,105,780000,-780000,0,-1,-7,-8
1_165,1827280000,667650000,2494930000,18,119,137,1825160000,669770000,2494930000,18,116,134,-2120000,2120000,0,0,-3,-3
1_166,1209180000,1290820000,2500000000,15,114,129,1276270000,1223730000,2500000000,18,128,146,67090000,-67090000,0,3,14,17
1_167,2027250000,472750000,2500000000,16,114,130,2076140000,423860000,2500000000,13,113,126,48890000,-48890000,0,-3,-1,-4
1_168,1378240000,1121760000,2500000000,15,108,123,1415780000,1084220000,2500000000,13,122,135,37540000,-37540000,0,-2,14,12
1_169,1613400000,886600000,2500000000,16,113,129,1654040000,845960000,2500000000,16,122,138,40640000,-40640000,0,0,9,9
1_170,2041180000,458820000,2500000000,12,101,113,2083610000,416390000,2500000000,13,103,116,42430000,-42430000,0,1,2,3
1_171,1988400000,511600000,2500000000,19,131,150,2042990000,457010000,2500000000,18,131,149,54590000,-54590000,0,-1,0,-1
1_172,1906060000,593940000,2500000000,16,127,143,1938070000,561930000,2500000000,15,129,144,32010000,-32010000,0,-1,2,1
1_173,1220540000,1279460000,2500000000,22,144,166,1321080000,1178920000,2500000000,18,136,154,100540000,-100540000,0,-4,-8,-12
1_174,1427010000,1072990000,2500000000,17,118,135,1298140000,1201860000,2500000000,16,129,145,-128870000,128870000,0,-1,11,10
1_175,1907840000,592160000,2500000000,13,118,131,1903480000,596520000,2500000000,17,130,147,-4360000,4360000,0,4,12,16
1_176,1088870000,1411130000,2500000000,21,136,157,1038190000,1461810000,2500000000,23,150,173,-50680000,50680000,0,2,14,16
1_177,1899120000,600880000,2500000000,16,126,142,1921200000,578800000,2500000000,19,119,138,22080000,-22080000,0,3,-7,-4
1_178,1333010000,1166990000,2500000000,21,143,164,1225670000,1274330000,2500000000,21,137,158,-107340000,107340000,0,0,-6,-6
1_179,1461890000,1038110000,2500000000,15,125,140,1464960000,1035040000,2500000000,15,127,142,3070000,-3070000,0,0,2,2
1_180,1003030000,1496970000,2500000000,19,131,150,1009050000,1490950000,2500000000,19,122,141,6020000,-6020000,0,0,-9,-9
1_181,1979250000,136800000,2116050000,12,110,122,1983170000,132880000,2116050000,15,111,126,3920000,-3920000,0,3,1,4
1_182,420560000,2079440000,2500000000,16,125,141,436390000,2063610000,2500000000,10,117,127,15830000,-15830000,0,-6,-8,-14
1_183,856990000,1643010000,2500000000,14,128,142,881230000,1618770000,2500000000,21,138,159,24240000,-24240000,0,7,10,17
1_184,1624180000,875820000,2500000000,12,97,109,1760470000,739530000,2500000000,16,106,122,136290000,-136290000,0,4,9,13
1_185,976540000,1523460000,2500000000,18,113,131,1066210000,1433790000,2500000000,16,122,138,89670000,-89670000,0,-2,9,7
1_186,849330000,1650670000,2500000000,21,134,155,631580000,1868420000,2500000000,24,140,164,-217750000,217750000,0,3,6,9
1_187,1051970000,1448030000,2500000000,20,125,145,1048140000,1451860000,2500000000,21,135,156,-3830000,3830000,0,1,10,11
1_188,1277270000,1222730000,2500000000,19,131,150,1292510000,1207490000,2500000000,24,138,162,15240000,-15240000,0,5,7,12
1_189,1969350000,530650000,2500000000,24,131,155,1972980000,527020000,2500000000,16,116,132,3630000,-3630000,0,-8,-15,-23
1_190,1526590000,973410000,2500000000,24,136,160,1311990000,1188010000,2500000000,22,143,165,-214600000,214600000,0,-2,7,5
1_191,1713270000,786730000,2500000000,21,125,146,1719790000,780210000,2500000000,20,119,139,6520000,-6520000,0,-1,-6,-7
1_192,2203440000,296560000,2500000000,20,123,143,2240110000,259890000,2500000000,25,129,154,36670000,-36670000,0,5,6,11
1_193,2123450000,67450000,2190900000,5,98,103,2112140000,78760000,2190900000,11,107,118,-11310000,11310000,0,6,9,15
1_194,1675820000,790920000,2466740000,13,118,131,1660730000,806010000,2466740000,16,131,147,-15090000,15090000,0,3,13,16
1_195,2022910000,477090000,2500000000,5,98,103,1999300000,500700000,2500000000,8,109,117,-23610000,23610000,0,3,11,14
1_196,749690000,1750310000,2500000000,13,115,128,753520000,1746480000,2500000000,13,119,132,3830000,-3830000,0,0,4,4
1_197,1704880000,39820000,1744700000,7,101,108,1702530000,42170000,1744700000,11,110,121,-2350000,2350000,0,4,9,13
1_198,1822810000,64650000,1887460000,9,97,106,1818100000,69360000,1887460000,8,97,105,-4710000,4710000,0,-1,0,-1
1_199,1525190000,974810000,2500000000,11,127,138,1506150000,993850000,2500000000,15,123,138,-19040000,19040000,0,4,-4,0
1_200,1955030000,220650000,2175680000,12,125,137,1952880000,222800000,2175680000,14,127,141,-2150000,2150000,0,2,2,4
1_201,1555340000,32110000,1587450000,6,99,105,1554460000,32990000,1587450000,6,98,104,-880000,880000,0,0,-1,-1
1_202,439680000,2060320000,2500000000,13,131,144,439770000,2060230000,2500000000,17,140,157,90000,-90000,0,4,9,13
1_203,1096200000,1403800000,2500000000,10,117,127,1106750000,1393250000,2500000000,15,134,149,10550000,-10550000,0,5,17,22
1_204,201110000,2298890000,2500000000,13,127,140,200320000,2299680000,2500000000,11,114,125,-790000,790000,0,-2,-13,-15
1_205,1525610000,974390000,2500000000,18,139,157,1523610000,976390000,2500000000,15,140,155,-2000000,2000000,0,-3,1,-2
1_206,232950000,2267050000,2500000000,8,122,130,234910000,2265090000,2500000000,13,122,135,1960000,-1960000,0,5,0,5
1_207,209470000,2290530000,2500000000,11,124,135,209810000,2290190000,2500000000,12,125,137,340000,-340000,0,1,1,2
1_208,221930000,2278070000,2500000000,14,123,137,236620000,2263380000,2500000000,11,115,126,14690000,-14690000,0,-3,-8,-11
1_209,192980000,2307020000,2500000000,16,132,148,204880000,2295120000,2500000000,16,140,156,11900000,-11900000,0,0,8,8
1_210,232980000,2267020000,2500000000,13,127,140,241170000,2258830000,2500000000,17,129,146,8190000,-8190000,0,4,2,6
1_211,193870000,2306130000,2500000000,11,118,129,197540000,2302460000,2500000000,15,126,141,3670000,-3670000,0,4,8,12
1_212,2034940000,465060000,2500000000,16,109,125,2251490000,248510000,2500000000,13,112,125,216550000,-216550000,0,-3,3,0
1_213,837150000,1662850000,2500000000,19,105,124,822430000,1677570000,2500000000,18,121,139,-14720000,14720000,0,-1,16,15
1_214,1334830000,1165170000,2500000000,27,151,178,1372780000,1127220000,2500000000,24,135,159,37950000,-37950000,0,-3,-16,-19
1_215,758210000,1741790000,2500000000,21,121,142,797690000,1702310000,2500000000,20,115,135,39480000,-39480000,0,-1,-6,-7
1_216,1488270000,1011730000,2500000000,21,126,147,1493510000,1006490000,2500000000,23,119,142,5240000,-5240000,0,2,-7,-5
1_217,2290000000,210000000,2500000000,26,126,152,2317500000,182500000,2500000000,25,128,153,27500000,-27500000,0,-1,2,1
1_218,600300000,1899700000,2500000000,9,100,109,620890000,1879110000,2500000000,10,112,122,20590000,-20590000,0,1,12,13
1_219,1626640000,873360000,2500000000,7,99,106,1629250000,870750000,2500000000,8,107,115,2610000,-2610000,0,1,8,9
1_220,304030000,2195970000,2500000000,10,123,133,301250000,2198750000,2500000000,7,127,134,-2780000,2780000,0,-3,4,1
1_221,793480000,1706520000,2500000000,8,111,119,799220000,1700780000,2500000000,7,111,118,5740000,-5740000,0,-1,0,-1
1_222,329390000,2170610000,2500000000,8,115,123,331740000,2168260000,2500000000,15,129,144,2350000,-2350000,0,7,14,21
1_223,705090000,1794910000,2500000000,13,130,143,719800000,1780200000,2500000000,15,129,144,14710000,-14710000,0,2,-1,1
1_224,634560000,1865440000,2500000000,13,133,146,634030000,1865970000,2500000000,17,139,156,-530000,530000,0,4,6,10
1_225,1894920000,605080000,2500000000,15,91,106,1898960000,601040000,2500000000,16,95,111,4040000,-4040000,0,1,4,5
1_226,1357180000,1142820000,2500000000,18,106,124,1343590000,1156410000,2500000000,13,98,111,-13590000,13590000,0,-5,-8,-13
1_227,1485910000,754620000,2240530000,16,95,111,1469770000,770760000,2240530000,12,88,100,-16140000,16140000,0,-4,-7,-11
1_228,1522680000,262760000,1785440000,14,86,100,1510470000,274970000,1785440000,15,89,104,-12210000,12210000,0,1,3,4
1_229,1882810000,461840000,2344650000,21,107,128,1883580000,461070000,2344650000,20,99,119,770000,-770000,0,-1,-8,-9
1_230,1734610000,765390000,2500000000,16,81,97,1722330000,777670000,2500000000,21,80,101,-12280000,12280000,0,5,-1,4
1_231,1424820000,1074850000,2499670000,17,78,95,1404670000,1095000000,2499670000,15,79,94,-20150000,20150000,0,-2,1,-1
1_232,2385610000,114390000,2500000000,19,82,101,2379390000,120610000,2500000000,16,68,84,-6220000,6220000,0,-3,-14,-17
1_233,1971080000,528920000,2500000000,16,99,115,1975310000,524690000,2500000000,27,105,132,4230000,-4230000,0,11,6,17
1_234,2090170000,409830000,2500000000,29,108,137,2152840000,347160000,2500000000,23,92,115,62670000,-62670000,0,-6,-16,-22
1_235,1699740000,800260000,2500000000,19,105,124,1699150000,800850000,2500000000,13,101,114,-590000,590000,0,-6,-4,-10
1_236,2146000000,351650000,2497650000,14,112,126,2147030000,350620000,2497650000,16,106,122,1030000,-1030000,0,2,-6,-4
1_237,1596270000,902710000,2498980000,20,112,132,1553160000,945820000,2498980000,19,103,122,-43110000,43110000,0,-1,-9,-10
1_238,1740790000,759210000,2500000000,8,85,93,1755110000,744890000,2500000000,14,91,105,14320000,-14320000,0,6,6,12
1_239,590780000,1909220000,2500000000,17,98,115,534260000,1965740000,2500000000,12,94,106,-56520000,56520000,0,-5,-4,-9
1_240,1409590000,1090410000,2500000000,11,106,117,1410020000,1089980000,2500000000,18,109,127,430000,-430000,0,7,3,10
1_241,695760000,1804240000,2500000000,11,113,124,638920000,1861080000,2500000000,19,107,126,-56840000,56840000,0,8,-6,2
1_242,903120000,1596880000,2500000000,16,114,130,875830000,1624170000,2500000000,14,101,115,-27290000,27290000,0,-2,-13,-15
1_243,1431030000,1068970000,2500000000,15,110,125,1333680000,1166320000,2500000000,19,113,132,-97350000,97350000,0,4,3,7
1_244,1248240000,1251760000,2500000000,12,104,116,1016710000,1483290000,2500000000,13,111,124,-231530000,231530000,0,1,7,8
1_245,1536980000,963020000,2500000000,10,112,122,1253270000,1246730000,2500000000,14,111,125,-283710000,283710000,0,4,-1,3
1_246,1702510000,797490000,2500000000,23,117,140,1732700000,767300000,2500000000,32,122,154,30190000,-30190000,0,9,5,14
1_247,2210870000,288100000,2498970000,17,108,125,2097340000,401630000,2498970000,13,106,119,-113530000,113530000,0,-4,-2,-6
1_248,1345040000,1154960000,2500000000,12,104,116,931920000,1568080000,2500000000,17,117,134,-413120000,413120000,0,5,13,18
1_249,1443570000,1056430000,2500000000,12,107,119,909410000,1590590000,2500000000,12,109,121,-534160000,534160000,0,0,2,2
1_250,1770840000,486660000,2257500000,11,103,114,1742310000,515190000,2257500000,18,114,132,-28530000,28530000,0,7,11,18
1_251,1651650000,848350000,2500000000,26,116,142,1772390000,727610000,2500000000,26,103,129,120740000,-120740000,0,0,-13,-13
1_252,1187930000,1312070000,2500000000,15,109,124,1246130000,1253870000,2500000000,18,110,128,58200000,-58200000,0,3,1,4
1_253,1886440000,613560000,2500000000,30,129,159,1930390000,569610000,2500000000,26,107,133,43950000,-43950000,0,-4,-22,-26
1_254,668680000,1831320000,2500000000,10,98,108,756500000,1743500000,2500000000,16,106,122,87820000,-87820000,0,6,8,14
1_255,1798700000,701300000,2500000000,9,90,99,1881500000,618500000,2500000000,10,99,109,82800000,-82800000,0,1,9,10
1_256,1246710000,1253290000,2500000000,25,110,135,1373830000,1126170000,2500000000,14,106,120,127120000,-127120000,0,-11,-4,-15
1_257,1592660000,907340000,2500000000,17,107,124,1710990000,789010000,2500000000,11,104,115,118330000,-118330000,0,-6,-3,-9
1_258,822700000,1677300000,2500000000,15,112,127,817580000,1682420000,2500000000,16,108,124,-5120000,5120000,0,1,-4,-3
1_259,453300000,2046700000,2500000000,10,103,113,461120000,2038880000,2500000000,13,110,123,7820000,-7820000,0,3,7,10
1_260,496490000,2003510000,2500000000,11,108,119,514780000,1985220000,2500000000,10,100,110,18290000,-18290000,0,-1,-8,-9
1_261,586760000,1913240000,2500000000,6,94,100,588760000,1911240000,2500000000,7,95,102,2000000,-2000000,0,1,1,2
1_262,1709520000,296770000,2006290000,21,86,107,1709030000,297260000,2006290000,18,92,110,-490000,490000,0,-3,6,3
1_263,727960000,1772040000,2500000000,23,116,139,720870000,1779130000,2500000000,16,110,126,-7090000,7090000,0,-7,-6,-13
1_264,326260000,2173740000,2500000000,13,105,118,424320000,2075680000,2500000000,11,111,122,98060000,-98060000,0,-2,6,4
1_265,826710000,1673290000,2500000000,14,99,113,545900000,1954100000,2500000000,15,113,128,-280810000,280810000,0,1,14,15
1_266,1269870000,1230130000,2500000000,19,119,138,1181720000,1318280000,2500000000,29,117,146,-88150000,88150000,0,10,-2,8
1_267,202870000,2297130000,2500000000,10,102,112,231540000,2268460000,2500000000,13,104,117,28670000,-28670000,0,3,2,5
1_268,608120000,1891880000,2500000000,13,111,124,615670000,1884330000,2500000000,22,119,141,7550000,-7550000,0,9,8,17
1_269,118450000,2381550000,2500000000,10,100,110,91800000,2408200000,2500000000,12,105,117,-26650000,26650000,0,2,5,7
1_270,165070000,2334930000,2500000000,11,102,113,169140000,2330860000,2500000000,17,115,132,4070000,-4070000,0,6,13,19
1_271,131550000,2368450000,2500000000,12,104,116,85240000,2414760000,2500000000,10,107,117,-46310000,46310000,0,-2,3,1
1_272,356880000,2143120000,2500000000,11,110,121,287080000,2212920000,2500000000,15,109,124,-69800000,69800000,0,4,-1,3
1_273,225620000,2274380000,2500000000,14,117,131,218880000,2281120000,2500000000,19,118,137,-6740000,6740000,0,5,1,6
1_274,184100000,2315900000,2500000000,11,109,120,134430000,2365570000,2500000000,18,117,135,-49670000,49670000,0,7,8,15
1_275,1514600000,985400000,2500000000,14,116,130,1521200000,978800000,2500000000,22,126,148,6600000,-6600000,0,8,10,18
1_276,747130000,1752870000,2500000000,11,108,119,777680000,1722320000,2500000000,17,116,133,30550000,-30550000,0,6,8,14
1_277,827490000,1672510000,2500000000,14,108,122,817590000,1682410000,2500000000,18,115,133,-9900000,9900000,0,4,7,11
1_278,984270000,1515730000,2500000000,10,111,121,1119600000,1380400000,2500000000,13,108,121,135330000,-135330000,0,3,-3,0
1_279,1382000000,1118000000,2500000000,13,110,123,1462730000,1037270000,2500000000,21,120,141,80730000,-80730000,0,8,10,18
1_280,914580000,1585420000,2500000000,19,111,130,903090000,1596910000,2500000000,24,126,150,-11490000,11490000,0,5,15,20
1_281,814470000,1685530000,2500000000,21,107,128,923250000,1576750000,2500000000,28,115,143,108780000,-108780000,0,7,8,15
1_282,1630090000,869910000,2500000000,12,109,121,1883560000,616440000,2500000000,10,99,109,253470000,-253470000,0,-2,-10,-12
1_283,1418310000,815560000,2233870000,24,110,134,1438270000,795600000,2233870000,30,118,148,19960000,-19960000,0,6,8,14
1_284,948090000,1551910000,2500000000,18,111,129,950190000,1549810000,2500000000,17,106,123,2100000,-2100000,0,-1,-5,-6
1_285,350250000,2149750000,2500000000,8,98,106,352980000,2147020000,2500000000,7,97,104,2730000,-2730000,0,-1,-1,-2
1_286,851470000,1648530000,2500000000,18,117,135,856410000,1643590000,2500000000,16,120,136,4940000,-4940000,0,-2,3,1
1_287,413500000,2086500000,2500000000,9,103,112,413470000,2086530000,2500000000,11,116,127,-30000,30000,0,2,13,15
1_288,2026850000,473150000,2500000000,23,119,142,2026790000,473210000,2500000000,17,105,122,-60000,60000,0,-6,-14,-20
1_289,1416580000,1083420000,2500000000,17,121,138,1327940000,1172060000,2500000000,20,118,138,-88640000,88640000,0,3,-3,0
1_290,1520320000,786810000,2307130000,13,102,115,1453650000,853480000,2307130000,21,114,135,-66670000,66670000,0,8,12,20
1_291,64780000,2435220000,2500000000,11,99,110,54290000,2445710000,2500000000,12,101,113,-10490000,10490000,0,1,2,3
1_292,257440000,2242560000,2500000000,10,98,108,203760000,2296240000,2500000000,17,109,126,-53680000,53680000,0,7,11,18
1_293,329280000,2170720000,2500000000,13,109,122,228290000,2271710000,2500000000,16,114,130,-100990000,100990000,0,3,5,8
1_294,164850000,2335150000,2500000000,11,112,123,146110000,2353890000,2500000000,17,115,132,-18740000,18740000,0,6,3,9
1_295,76730000,2423270000,2500000000,13,99,112,57350000,2442650000,2500000000,14,105,119,-19380000,19380000,0,1,6,7
1_296,60190000,2439810000,2500000000,7,98,105,70940000,2429060000,2500000000,14,104,118,10750000,-10750000,0,7,6,13
1_297,122200000,2377800000,2500000000,13,105,118,140270000,2359730000,2500000000,16,110,126,18070000,-18070000,0,3,5,8
1_298,85040000,2414960000,2500000000,12,104,116,80930000,2419070000,2500000000,16,119,135,-4110000,4110000,0,4,15,19
1_299,197150000,2302850000,2500000000,16,116,132,193760000,2306240000,2500000000,16,122,138,-3390000,3390000,0,0,6,6
1_300,174040000,2325960000,2500000000,8,89,97,185010000,2314990000,2500000000,10,106,116,10970000,-10970000,0,2,17,19
1_301,1146580000,1353420000,2500000000,16,113,129,1150740000,1349260000,2500000000,24,114,138,4160000,-4160000,0,8,1,9
1_302,309290000,2190710000,2500000000,17,134,151,312260000,2187740000,2500000000,13,121,134,2970000,-2970000,0,-4,-13,-17
1_303,205380000,2294620000,2500000000,11,118,129,243800000,2256200000,2500000000,9,110,119,38420000,-38420000,0,-2,-8,-10
1_304,208420000,2291580000,2500000000,11,117,128,223270000,2276730000,2500000000,14,116,130,14850000,-14850000,0,3,-1,2
1_305,175210000,2324790000,2500000000,11,121,132,191520000,2308480000,2500000000,13,116,129,16310000,-16310000,0,2,-5,-3
1_306,1759240000,708800000,2468040000,16,128,144,1761050000,706990000,2468040000,20,127,147,1810000,-1810000,0,4,-1,3
1_307,316340000,2183660000,2500000000,12,123,135,316850000,2183150000,2500000000,13,115,128,510000,-510000,0,1,-8,-7
1_308,1489020000,792020000,2281040000,18,127,145,1489760000,791280000,2281040000,14,127,141,740000,-740000,0,-4,0,-4
1_309,234440000,2265560000,2500000000,9,119,128,246490000,2253510000,2500000000,8,108,116,12050000,-12050000,0,-1,-11,-12
1_310,405570000,2094430000,2500000000,10,122,132,416730000,2083270000,2500000000,9,113,122,11160000,-11160000,0,-1,-9,-10
1_311,382580000,2117420000,2500000000,8,117,125,390630000,2109370000,2500000000,11,117,128,8050000,-8050000,0,3,0,3
1_312,2389750000,110250000,2500000000,25,92,117,2383990000,116010000,2500000000,19,89,108,-5760000,5760000,0,-6,-3,-9
1_313,2373040000,126960000,2500000000,27,99,126,2390850000,109150000,2500000000,17,81,98,17810000,-17810000,0,-10,-18,-28
1_314,2448220000,51780000,2500000000,22,97,119,2437160000,62840000,2500000000,21,89,110,-11060000,11060000,0,-1,-8,-9
1_315,2366990000,133010000,2500000000,26,70,96,2409730000,90270000,2500000000,27,85,112,42740000,-42740000,0,1,15,16
1_316,2455160000,44840000,2500000000,19,94,113,2454130000,45870000,2500000000,18,93,111,-1030000,1030000,0,-1,-1,-2
1_317,2447930000,52070000,2500000000,19,100,119,2434750000,65250000,2500000000,19,87,106,-13180000,13180000,0,0,-13,-13
1_318,2428280000,27770000,2456050000,28,73,101,2442770000,13280000,2456050000,33,85,118,14490000,-14490000,0,5,12,17
1_319,2471400000,28600000,2500000000,27,75,102,2468250000,31750000,2500000000,27,90,117,-3150000,3150000,0,0,15,15
1_320,2376860000,123140000,2500000000,19,107,126,2376650000,123350000,2500000000,16,106,122,-210000,210000,0,-3,-1,-4
1_321,1591550000,908450000,2500000000,18,107,125,1650090000,849910000,2500000000,22,111,133,58540000,-58540000,0,4,4,8
1_322,1326880000,1173120000,2500000000,19,104,123,1427760000,1072240000,2500000000,21,116,137,100880000,-100880000,0,2,12,14
1_323,1816610000,683390000,2500000000,27,114,141,1794490000,705510000,2500000000,30,110,140,-22120000,22120000,0,3,-4,-1
1_324,2415430000,84570000,2500000000,21,111,132,2414440000,85560000,2500000000,19,109,128,-990000,990000,0,-2,-2,-4
1_325,1813810000,686190000,2500000000,22,104,126,1776590000,723410000,2500000000,23,114,137,-37220000,37220000,0,1,10,11
1_326,2393110000,106890000,2500000000,15,99,114,2398030000,101970000,2500000000,21,114,135,4920000,-4920000,0,6,15,21
1_327,2411650000,88350000,2500000000,35,88,123,2426760000,73240000,2500000000,27,87,114,15110000,-15110000,0,-8,-1,-9
1_328,2207420000,292580000,2500000000,24,89,113,2226640000,273360000,2500000000,24,106,130,19220000,-19220000,0,0,17,17
1_329,1922710000,577290000,2500000000,27,87,114,1987290000,512710000,2500000000,33,96,129,64580000,-64580000,0,6,9,15
1_330,2264260000,31180000,2295440000,27,82,109,2266190000,29250000,2295440000,20,68,88,1930000,-1930000,0,-7,-14,-21
1_331,2140030000,282590000,2422620000,29,77,106,2202790000,219830000,2422620000,25,70,95,62760000,-62760000,0,-4,-7,-11
1_332,1560290000,939710000,2500000000,15,117,132,1347020000,1152980000,2500000000,12,118,130,-213270000,213270000,0,-3,1,-2
1_333,1616690000,879570000,2496260000,21,120,141,1754530000,741730000,2496260000,22,126,148,137840000,-137840000,0,1,6,7
1_334,1279830000,1220170000,2500000000,19,123,142,1350050000,1149950000,2500000000,21,128,149,70220000,-70220000,0,2,5,7
1_335,1444020000,1055980000,2500000000,19,118,137,1490610000,1009390000,2500000000,19,125,144,46590000,-46590000,0,0,7,7
1_336,1777690000,722310000,2500000000,23,124,147,1885330000,614670000,2500000000,17,129,146,107640000,-107640000,0,-6,5,-1
1_337,435440000,2064560000,2500000000,21,131,152,436730000,2063270000,2500000000,25,136,161,1290000,-1290000,0,4,5,9
1_338,1373700000,1126300000,2500000000,21,111,132,1376260000,1123740000,2500000000,23,123,146,2560000,-2560000,0,2,12,14
1_339,2323760000,176240000,2500000000,22,119,141,2372710000,127290000,2500000000,20,113,133,48950000,-48950000,0,-2,-6,-8
1_340,818770000,1681230000,2500000000,7,97,104,818790000,1681210000,2500000000,8,104,112,20000,-20000,0,1,7,8
1_341,544520000,1955480000,2500000000,6,88,94,556700000,1943300000,2500000000,7,103,110,12180000,-12180000,0,1,15,16
1_342,820390000,1679610000,2500000000,9,104,113,844110000,1655890000,2500000000,10,105,115,23720000,-23720000,0,1,1,2
1_343,618270000,1881730000,2500000000,8,92,100,632990000,1867010000,2500000000,9,107,116,14720000,-14720000,0,1,15,16
1_344,587490000,1912510000,2500000000,14,126,140,579710000,1920290000,2500000000,13,124,137,-7780000,7780000,0,-1,-2,-3
1_345,869000000,1631000000,2500000000,7,107,114,871170000,1628830000,2500000000,11,110,121,2170000,-2170000,0,4,3,7
1_346,1319360000,1180640000,2500000000,18,119,137,1240860000,1259140000,2500000000,16,122,138,-78500000,78500000,0,-2,3,1
1_347,1763660000,281540000,2045200000,26,130,156,1763800000,281400000,2045200000,24,130,154,140000,-140000,0,-2,0,-2
1_348,1394760000,1105240000,2500000000,16,107,123,1405610000,1094390000,2500000000,13,115,128,10850000,-10850000,0,-3,8,5
1_349,2121870000,378130000,2500000000,24,128,152,2155210000,344790000,2500000000,22,124,146,33340000,-33340000,0,-2,-4,-6
1_350,656810000,1843190000,2500000000,19,124,143,605670000,1894330000,2500000000,19,138,157,-51140000,51140000,0,0,14,14
1_351,2237960000,262040000,2500000000,23,118,141,2265030000,234970000,2500000000,21,123,144,27070000,-27070000,0,-2,5,3
1_352,1141950000,1358050000,2500000000,22,118,140,1146400000,1353600000,2500000000,19,124,143,4450000,-4450000,0,-3,6,3
1_353,2380130000,119870000,2500000000,20,121,141,2415500000,84500000,2500000000,19,109,128,35370000,-35370000,0,-1,-12,-13
1_354,986970000,1513030000,2500000000,20,120,140,987660000,1512340000,2500000000,16,129,145,690000,-690000,0,-4,9,5
1_355,2394150000,105850000,2500000000,21,114,135,2420990000,79010000,2500000000,20,113,133,26840000,-26840000,0,-1,-1,-2
1_356,401050000,2098950000,2500000000,9,110,119,401920000,2098080000,2500000000,13,108,121,870000,-870000,0,4,-2,2
1_357,367110000,2132890000,2500000000,8,97,105,368220000,2131780000,2500000000,9,108,117,1110000,-1110000,0,1,11,12
1_358,597030000,1902970000,2500000000,13,119,132,595640000,1904360000,2500000000,17,116,133,-1390000,1390000,0,4,-3,1
1_359,276130000,2223870000,2500000000,9,107,116,281280000,2218720000,2500000000,18,119,137,5150000,-5150000,0,9,12,21
1_360,1212940000,1287060000,2500000000,11,108,119,1215940000,1284060000,2500000000,13,115,128,3000000,-3000000,0,2,7,9
1_361,641330000,1858670000,2500000000,9,95,104,652480000,1847520000,2500000000,11,108,119,11150000,-11150000,0,2,13,15
1_362,1354590000,1145410000,2500000000,13,120,133,1355480000,1144520000,2500000000,13,111,124,890000,-890000,0,0,-9,-9
1_363,1492770000,1007230000,2500000000,12,107,119,1490440000,1009560000,2500000000,9,107,116,-2330000,2330000,0,-3,0,-3
1_364,812110000,1687890000,2500000000,12,124,136,817490000,1682510000,2500000000,12,115,127,5380000,-5380000,0,0,-9,-9
1_365,1196740000,1303260000,2500000000,9,104,113,1193580000,1306420000,2500000000,9,106,115,-3160000,3160000,0,0,2,2
1_366,913880000,1586120000,2500000000,12,117,129,918530000,1581470000,2500000000,12,117,129,4650000,-4650000,0,0,0,0
1_367,814280000,1685720000,2500000000,15,110,125,810500000,1689500000,2500000000,14,115,129,-3780000,3780000,0,-1,5,4
1_368,652080000,1847920000,2500000000,12,126,138,655640000,1844360000,2500000000,15,131,146,3560000,-3560000,0,3,5,8
1_369,394670000,2105330000,2500000000,10,118,128,407460000,2092540000,2500000000,19,133,152,12790000,-12790000,0,9,15,24
1_370,743980000,1756020000,2500000000,18,141,159,764530000,1735470000,2500000000,19,137,156,20550000,-20550000,0,1,-4,-3
1_371,545830000,1954170000,2500000000,16,118,134,557390000,1942610000,2500000000,13,116,129,11560000,-11560000,0,-3,-2,-5
1_372,626370000,1873630000,2500000000,13,129,142,638020000,1861980000,2500000000,12,125,137,11650000,-11650000,0,-1,-4,-5
1_373,575140000,1924860000,2500000000,12,121,133,586330000,1913670000,2500000000,13,128,141,11190000,-11190000,0,1,7,8
1_374,764480000,1735520000,2500000000,15,130,145,773010000,1726990000,2500000000,16,134,150,8530000,-8530000,0,1,4,5
1_375,678850000,1821150000,2500000000,13,130,143,699410000,1800590000,2500000000,17,130,147,20560000,-20560000,0,4,0,4
1_376,1855040000,617820000,2472860000,17,124,141,1855070000,617790000,2472860000,16,122,138,30000,-30000,0,-1,-2,-3
1_377,2119490000,380510000,2500000000,23,129,152,2159540000,340460000,2500000000,22,130,152,40050000,-40050000,0,-1,1,0
1_378,1992750000,507250000,2500000000,22,135,157,1992880000,507120000,2500000000,18,123,141,130000,-130000,0,-4,-12,-16
1_379,1705050000,794950000,2500000000,12,121,133,1729310000,770690000,2500000000,13,120,133,24260000,-24260000,0,1,-1,0
1_380,1880090000,619910000,2500000000,23,134,157,1904450000,595550000,2500000000,16,132,148,24360000,-24360000,0,-7,-2,-9
1_381,1991880000,508120000,2500000000,17,123,140,2027320000,472680000,2500000000,16,118,134,35440000,-35440000,0,-1,-5,-6
1_382,1027130000,1472870000,2500000000,18,117,135,1028630000,1471370000,2500000000,15,125,140,1500000,-1500000,0,-3,8,5
1_383,2244310000,255690000,2500000000,18,123,141,2249070000,250930000,2500000000,20,125,145,4760000,-4760000,0,2,2,4
1_384,1369950000,1130050000,2500000000,20,131,151,1365140000,1134860000,2500000000,21,145,166,-4810000,4810000,0,1,14,15
1_385,1505350000,994650000,2500000000,28,149,177,1511300000,988700000,2500000000,26,152,178,5950000,-5950000,0,-2,3,1
1_386,759470000,1740530000,2500000000,15,114,129,764840000,1735160000,2500000000,13,117,130,5370000,-5370000,0,-2,3,1
1_387,717150000,1782850000,2500000000,17,113,130,721050000,1778950000,2500000000,17,121,138,3900000,-3900000,0,0,8,8
1_388,973850000,1526150000,2500000000,13,117,130,976240000,1523760000,2500000000,13,121,134,2390000,-2390000,0,0,4,4
1_389,1860360000,639640000,2500000000,14,120,134,1860570000,639430000,2500000000,11,117,128,210000,-210000,0,-3,-3,-6
1_390,1156890000,1343110000,2500000000,11,105,116,1151460000,1348540000,2500000000,13,108,121,-5430000,5430000,0,2,3,5
1_391,1022150000,1477850000,2500000000,12,112,124,1021330000,1478670000,2500000000,12,119,131,-820000,820000,0,0,7,7
1_392,1101320000,1398680000,2500000000,14,114,128,1095860000,1404140000,2500000000,16,121,137,-5460000,5460000,0,2,7,9
1_393,937750000,1562250000,2500000000,9,116,125,929390000,1570610000,2500000000,14,116,130,-8360000,8360000,0,5,0,5
1_394,1546250000,953750000,2500000000,14,120,134,1538650000,961350000,2500000000,13,112,125,-7600000,7600000,0,-1,-8,-9
1_395,1596390000,903610000,2500000000,15,111,126,1590010000,909990000,2500000000,14,113,127,-6380000,6380000,0,-1,2,1
1_396,1011370000,1488630000,2500000000,14,114,128,1002580000,1497420000,2500000000,16,120,136,-8790000,8790000,0,2,6,8
1_397,1367680000,1132320000,2500000000,16,108,124,1358420000,1141580000,2500000000,16,124,140,-9260000,9260000,0,0,16,16
1_398,424950000,2075050000,2500000000,14,125,139,425980000,2074020000,2500000000,16,126,142,1030000,-1030000,0,2,1,3
1_399,639570000,1860430000,2500000000,17,130,147,640500000,1859500000,2500000000,17,128,145,930000,-930000,0,0,-2,-2
1_400,539820000,1960180000,2500000000,14,126,140,546820000,1953180000,2500000000,17,126,143,7000000,-7000000,0,3,0,3
1_401,462240000,2037760000,2500000000,16,131,147,466990000,2033010000,2500000000,15,118,133,4750000,-4750000,0,-1,-13,-14
1_402,1670830000,829170000,2500000000,16,137,153,1726570000,773430000,2500000000,15,132,147,55740000,-55740000,0,-1,-5,-6
1_403,921040000,1578960000,2500000000,11,123,134,941750000,1558250000,2500000000,14,129,143,20710000,-20710000,0,3,6,9
1_404,853740000,1646260000,2500000000,14,136,150,893830000,1606170000,2500000000,15,132,147,40090000,-40090000,0,1,-4,-3
1_405,517790000,1982210000,2500000000,11,119,130,510920000,1989080000,2500000000,18,130,148,-6870000,6870000,0,7,11,18
1_406,1954170000,408210000,2362380000,20,136,156,1929760000,432620000,2362380000,19,128,147,-24410000,24410000,0,-1,-8,-9
1_407,1653860000,567600000,2221460000,24,122,146,1647390000,574070000,2221460000,19,137,156,-6470000,6470000,0,-5,15,10
1_408,1358510000,1141490000,2500000000,19,141,160,1361760000,1138240000,2500000000,23,135,158,3250000,-3250000,0,4,-6,-2
1_409,1791430000,708570000,2500000000,17,134,151,1792930000,707070000,2500000000,15,121,136,1500000,-1500000,0,-2,-13,-15
1_410,1591350000,908650000,2500000000,24,138,162,1576190000,923810000,2500000000,22,140,162,-15160000,15160000,0,-2,2,0
1_411,1300930000,1199070000,2500000000,18,121,139,1286350000,1213650000,2500000000,13,126,139,-14580000,14580000,0,-5,5,0
1_412,1815320000,684680000,2500000000,17,132,149,1793070000,706930000,2500000000,23,132,155,-22250000,22250000,0,6,0,6
1_413,1122610000,1377390000,2500000000,17,125,142,1124050000,1375950000,2500000000,19,131,150,1440000,-1440000,0,2,6,8
1_414,2208490000,291510000,2500000000,18,126,144,2202680000,297320000,2500000000,17,122,139,-5810000,5810000,0,-1,-4,-5
1_415,717100000,1782900000,2500000000,18,129,147,723440000,1776560000,2500000000,16,131,147,6340000,-6340000,0,-2,2,0
1_416,1257790000,1242210000,2500000000,15,129,144,1259110000,1240890000,2500000000,18,126,144,1320000,-1320000,0,3,-3,0
1_417,1051060000,1448940000,2500000000,21,135,156,1052870000,1447130000,2500000000,28,144,172,1810000,-1810000,0,7,9,16
1_418,1270810000,1229190000,2500000000,16,123,139,1266620000,1233380000,2500000000,22,136,158,-4190000,4190000,0,6,13,19
1_419,611160000,1888840000,2500000000,15,130,145,624830000,1875170000,2500000000,15,128,143,13670000,-13670000,0,0,-2,-2
1_420,446490000,2053510000,2500000000,15,130,145,451220000,2048780000,2500000000,14,123,137,4730000,-4730000,0,-1,-7,-8
1_421,611050000,1888950000,2500000000,17,127,144,623070000,1876930000,2500000000,13,123,136,12020000,-12020000,0,-4,-4,-8
1_422,457690000,2042310000,2500000000,11,115,126,462450000,2037550000,2500000000,19,131,150,4760000,-4760000,0,8,16,24
1_423,866220000,1633780000,2500000000,14,132,146,864430000,1635570000,2500000000,13,120,133,-1790000,1790000,0,-1,-12,-13
1_424,896160000,1603840000,2500000000,15,125,140,898070000,1601930000,2500000000,15,130,145,1910000,-1910000,0,0,5,5
1_425,903540000,1596460000,2500000000,11,118,129,904980000,1595020000,2500000000,14,121,135,1440000,-1440000,0,3,3,6
1_426,1227160000,1272840000,2500000000,13,120,133,1232540000,1267460000,2500000000,10,117,127,5380000,-5380000,0,-3,-3,-6
1_427,1062640000,1437360000,2500000000,19,125,144,1047290000,1452710000,2500000000,15,119,134,-15350000,15350000,0,-4,-6,-10
1_428,1324560000,1175440000,2500000000,24,141,165,1319230000,1180770000,2500000000,21,143,164,-5330000,5330000,0,-3,2,-1
1_429,1224050000,1275950000,2500000000,26,138,164,1217480000,1282520000,2500000000,18,131,149,-6570000,6570000,0,-8,-7,-15
1_430,1342610000,1157390000,2500000000,23,125,148,1324010000,1175990000,2500000000,25,141,166,-18600000,18600000,0,2,16,18
1_431,1570900000,929100000,2500000000,20,128,148,1579000000,921000000,2500000000,21,127,148,8100000,-8100000,0,1,-1,0
1_432,1483600000,1016400000,2500000000,19,130,149,1475210000,1024790000,2500000000,18,126,144,-8390000,8390000,0,-1,-4,-5
1_433,1460380000,1039620000,2500000000,24,136,160,1458280000,1041720000,2500000000,26,141,167,-2100000,2100000,0,2,5,7
1_434,1721130000,778870000,2500000000,20,127,147,1714920000,785080000,2500000000,20,127,147,-6210000,6210000,0,0,0,0
1_435,521090000,1978910000,2500000000,15,135,150,519360000,1980640000,2500000000,24,137,161,-1730000,1730000,0,9,2,11
1_436,996980000,1503020000,2500000000,17,118,135,993280000,1506720000,2500000000,17,130,147,-3700000,3700000,0,0,12,12
1_437,892540000,1607460000,2500000000,21,150,171,881080000,1618920000,2500000000,28,152,180,-11460000,11460000,0,7,2,9
1_438,861570000,1638430000,2500000000,18,127,145,856940000,1643060000,2500000000,19,135,154,-4630000,4630000,0,1,8,9
1_439,699660000,1800340000,2500000000,14,135,149,702350000,1797650000,2500000000,21,136,157,2690000,-2690000,0,7,1,8
1_440,742350000,1757650000,2500000000,17,119,136,744760000,1755240000,2500000000,19,139,158,2410000,-2410000,0,2,20,22
1_441,711480000,1788520000,2500000000,20,134,154,712480000,1787520000,2500000000,21,133,154,1000000,-1000000,0,1,-1,0
1_442,872010000,1627990000,2500000000,22,135,157,870880000,1629120000,2500000000,27,148,175,-1130000,1130000,0,5,13,18
1_443,1113630000,1386370000,2500000000,14,118,132,1111100000,1388900000,2500000000,11,111,122,-2530000,2530000,0,-3,-7,-10
1_444,885960000,1614040000,2500000000,13,123,136,887400000,1612600000,2500000000,15,124,139,1440000,-1440000,0,2,1,3
1_445,936400000,1563600000,2500000000,13,120,133,936360000,1563640000,2500000000,18,120,138,-40000,40000,0,5,0,5
1_446,830650000,1669350000,2500000000,13,125,138,834230000,1665770000,2500000000,22,136,158,3580000,-3580000,0,9,11,20
1_447,1979450000,192790000,2172240000,18,106,124,1973170000,199070000,2172240000,13,107,120,-6280000,6280000,0,-5,1,-4
1_448,1730230000,769770000,2500000000,23,142,165,1724830000,775170000,2500000000,22,129,151,-5400000,5400000,0,-1,-13,-14
1_449,1712770000,787230000,2500000000,21,133,154,1695960000,804040000,2500000000,19,127,146,-16810000,16810000,0,-2,-6,-8
1_450,2000180000,499820000,2500000000,23,129,152,1999090000,500910000,2500000000,24,128,152,-1090000,1090000,0,1,-1,0
1_451,1952470000,547530000,2500000000,20,132,152,1952890000,547110000,2500000000,22,132,154,420000,-420000,0,2,0,2
1_452,1401720000,1098280000,2500000000,23,137,160,1389080000,1110920000,2500000000,26,135,161,-12640000,12640000,0,3,-2,1
1_453,1469670000,1030330000,2500000000,22,134,156,1464150000,1035850000,2500000000,26,127,153,-5520000,5520000,0,4,-7,-3
1_454,1601850000,898150000,2500000000,22,132,154,1610740000,889260000,2500000000,25,136,161,8890000,-8890000,0,3,4,7
1_455,1423580000,1076420000,2500000000,25,125,150,1420660000,1079340000,2500000000,30,135,165,-2920000,2920000,0,5,10,15
1_456,1094510000,1405490000,2500000000,12,127,139,1093680000,1406320000,2500000000,18,128,146,-830000,830000,0,6,1,7
1_457,1228590000,1271410000,2500000000,17,123,140,1223140000,1276860000,2500000000,23,134,157,-5450000,5450000,0,6,11,17
1_458,458180000,2041820000,2500000000,11,121,132,460790000,2039210000,2500000000,11,109,120,2610000,-2610000,0,0,-12,-12
1_459,457770000,2042230000,2500000000,10,121,131,462590000,2037410000,2500000000,10,122,132,4820000,-4820000,0,0,1,1
1_460,394120000,2105880000,2500000000,14,116,130,394040000,2105960000,2500000000,12,111,123,-80000,80000,0,-2,-5,-7
1_461,290680000,2209320000,2500000000,11,114,125,292710000,2207290000,2500000000,11,116,127,2030000,-2030000,0,0,2,2
1_462,526450000,1973550000,2500000000,23,136,159,525680000,1974320000,2500000000,15,134,149,-770000,770000,0,-8,-2,-10
1_463,459960000,2040040000,2500000000,10,114,124,464990000,2035010000,2500000000,7,111,118,5030000,-5030000,0,-3,-3,-6
1_464,650490000,1849510000,2500000000,15,122,137,651270000,1848730000,2500000000,15,128,143,780000,-780000,0,0,6,6
1_465,602760000,1897240000,2500000000,10,112,122,602550000,1897450000,2500000000,11,111,122,-210000,210000,0,1,-1,0
1_466,1409820000,889060000,2298880000,11,97,108,1409720000,889160000,2298880000,11,100,111,-100000,100000,0,0,3,3
1_467,801870000,1698130000,2500000000,15,124,139,801980000,1698020000,2500000000,13,114,127,110000,-110000,0,-2,-10,-12
1_468,559520000,1940480000,2500000000,18,122,140,363810000,2136190000,2500000000,18,117,135,-195710000,195710000,0,0,-5,-5
1_469,1617010000,623900000,2240910000,20,123,143,1491480000,749430000,2240910000,17,112,129,-125530000,125530000,0,-3,-11,-14
1_470,1296700000,1203300000,2500000000,23,119,142,1278450000,1221550000,2500000000,17,116,133,-18250000,18250000,0,-6,-3,-9
1_471,76290000,2423710000,2500000000,20,117,137,104920000,2395080000,2500000000,17,117,134,28630000,-28630000,0,-3,0,-3
1_472,320220000,2179780000,2500000000,18,114,132,330820000,2169180000,2500000000,21,113,134,10600000,-10600000,0,3,-1,2
1_473,1422200000,1040510000,2462710000,23,130,153,1455590000,1007120000,2462710000,19,124,143,33390000,-33390000,0,-4,-6,-10
1_474,2051080000,409230000,2460310000,7,97,104,2060590000,399720000,2460310000,13,100,113,9510000,-9510000,0,6,3,9
1_475,234890000,2265110000,2500000000,24,128,152,300300000,2199700000,2500000000,23,130,153,65410000,-65410000,0,-1,2,1
1_476,1491920000,757840000,2249760000,21,121,142,1501640000,748120000,2249760000,19,120,139,9720000,-9720000,0,-2,-1,-3
1_477,143690000,2356310000,2500000000,24,131,155,185070000,2314930000,2500000000,16,116,132,41380000,-41380000,0,-8,-15,-23
1_478,622340000,1877660000,2500000000,9,118,127,619040000,1880960000,2500000000,16,128,144,-3300000,3300000,0,7,10,17
1_479,502070000,1997930000,2500000000,11,124,135,501870000,1998130000,2500000000,12,129,141,-200000,200000,0,1,5,6
1_480,879550000,1620450000,2500000000,14,126,140,879840000,1620160000,2500000000,18,133,151,290000,-290000,0,4,7,11
1_481,549560000,1950440000,2500000000,12,126,138,557030000,1942970000,2500000000,16,123,139,7470000,-7470000,0,4,-3,1
1_482,414870000,2085130000,2500000000,9,113,122,413420000,2086580000,2500000000,10,111,121,-1450000,1450000,0,1,-2,-1
1_483,724700000,1775300000,2500000000,12,130,142,726970000,1773030000,2500000000,18,127,145,2270000,-2270000,0,6,-3,3
1_484,1347830000,1148260000,2496090000,20,149,169,1351410000,1144680000,2496090000,22,141,163,3580000,-3580000,0,2,-8,-6
1_485,382560000,2117440000,2500000000,13,126,139,384550000,2115450000,2500000000,10,117,127,1990000,-1990000,0,-3,-9,-12
1_486,139880000,2360120000,2500000000,12,114,126,142590000,2357410000,2500000000,12,114,126,2710000,-2710000,0,0,0,0
1_487,237750000,2262250000,2500000000,12,120,132,238010000,2261990000,2500000000,12,127,139,260000,-260000,0,0,7,7
1_488,1456120000,1029830000,2485950000,18,135,153,1456550000,1029400000,2485950000,19,134,153,430000,-430000,0,1,-1,0
1_489,93510000,2406490000,2500000000,12,126,138,94090000,2405910000,2500000000,17,136,153,580000,-580000,0,5,10,15
1_490,1384690000,601110000,1985800000,17,106,123,1399800000,586000000,1985800000,15,108,123,15110000,-15110000,0,-2,2,0
1_491,480910000,2019090000,2500000000,11,121,132,513230000,1986770000,2500000000,17,131,148,32320000,-32320000,0,6,10,16
1_492,784190000,1715810000,2500000000,15,136,151,784700000,1715300000,2500000000,18,124,142,510000,-510000,0,3,-12,-9
1_493,331660000,2168340000,2500000000,11,124,135,330800000,2169200000,2500000000,15,125,140,-860000,860000,0,4,1,5
1_494,879040000,1620960000,2500000000,13,122,135,880710000,1619290000,2500000000,17,128,145,1670000,-1670000,0,4,6,10
1_495,820040000,1679960000,2500000000,15,135,150,829100000,1670900000,2500000000,16,133,149,9060000,-9060000,0,1,-2,-1
1_496,591390000,1908610000,2500000000,9,106,115,590100000,1909900000,2500000000,12,119,131,-1290000,1290000,0,3,13,16
1_497,434030000,2065970000,2500000000,13,136,149,436410000,2063590000,2500000000,17,125,142,2380000,-2380000,0,4,-11,-7
1_498,586540000,1913460000,2500000000,11,131,142,586450000,1913550000,2500000000,16,122,138,-90000,90000,0,5,-9,-4
1_499,321290000,2178710000,2500000000,14,128,142,323630000,2176370000,2500000000,16,132,148,2340000,-2340000,0,2,4,6
1_500,177170000,2322830000,2500000000,12,118,130,181530000,2318470000,2500000000,14,123,137,4360000,-4360000,0,2,5,7
1_501,485590000,2014410000,2500000000,13,117,130,484660000,2015340000,2500000000,18,126,144,-930000,930000,0,5,9,14
1_502,525380000,1974620000,2500000000,14,123,137,526210000,1973790000,2500000000,18,130,148,830000,-830000,0,4,7,11
1_503,640020000,1859980000,2500000000,17,132,149,654080000,1845920000,2500000000,22,141,163,14060000,-14060000,0,5,9,14
1_504,118360000,2381640000,2500000000,10,114,124,114560000,2385440000,2500000000,16,125,141,-3800000,3800000,0,6,11,17
1_505,669300000,1830700000,2500000000,19,134,153,679610000,1820390000,2500000000,27,144,171,10310000,-10310000,0,8,10,18
1_506,1654530000,539720000,2194250000,18,127,145,1649580000,544670000,2194250000,17,130,147,-4950000,4950000,0,-1,3,2
1_507,1022240000,1477760000,2500000000,20,134,154,1062020000,1437980000,2500000000,28,142,170,39780000,-39780000,0,8,8,16
1_508,909550000,1590450000,2500000000,17,132,149,917610000,1582390000,2500000000,19,139,158,8060000,-8060000,0,2,7,9
1_509,1158640000,1341360000,2500000000,12,118,130,1155870000,1344130000,2500000000,16,121,137,-2770000,2770000,0,4,3,7
1_510,1127690000,1372310000,2500000000,14,123,137,1119230000,1380770000,2500000000,15,118,133,-8460000,8460000,0,1,-5,-4
1_511,937680000,1562320000,2500000000,8,109,117,941920000,1558080000,2500000000,11,112,123,4240000,-4240000,0,3,3,6
1_512,643530000,1856470000,2500000000,18,136,154,643900000,1856100000,2500000000,22,132,154,370000,-370000,0,4,-4,0
1_513,640940000,1859060000,2500000000,16,133,149,640920000,1859080000,2500000000,22,137,159,-20000,20000,0,6,4,10
1_514,818170000,1681830000,2500000000,15,134,149,815280000,1684720000,2500000000,19,133,152,-2890000,2890000,0,4,-1,3
1_515,948370000,1551630000,2500000000,16,131,147,943420000,1556580000,2500000000,19,135,154,-4950000,4950000,0,3,4,7
1_516,780930000,1719070000,2500000000,11,107,118,779830000,1720170000,2500000000,16,118,134,-1100000,1100000,0,5,11,16
1_517,1477010000,1022990000,2500000000,16,130,146,1478020000,1021980000,2500000000,18,125,143,1010000,-1010000,0,2,-5,-3
1_518,1336790000,1163210000,2500000000,12,111,123,1336530000,1163470000,2500000000,14,112,126,-260000,260000,0,2,1,3
1_519,1345670000,1154330000,2500000000,13,119,132,1327560000,1172440000,2500000000,17,119,136,-18110000,18110000,0,4,0,4
1_520,641030000,1858970000,2500000000,12,124,136,644920000,1855080000,2500000000,19,132,151,3890000,-3890000,0,7,8,15
1_521,819520000,1680480000,2500000000,16,137,153,852860000,1647140000,2500000000,22,145,167,33340000,-33340000,0,6,8,14
1_522,445140000,2054860000,2500000000,14,132,146,452270000,2047730000,2500000000,22,139,161,7130000,-7130000,0,8,7,15
1_523,282400000,2217600000,2500000000,19,135,154,310220000,2189780000,2500000000,24,142,166,27820000,-27820000,0,5,7,12
1_524,399540000,2100460000,2500000000,21,141,162,485170000,2014830000,2500000000,25,146,171,85630000,-85630000,0,4,5,9
1_525,1012010000,1487990000,2500000000,19,140,159,1022290000,1477710000,2500000000,25,150,175,10280000,-10280000,0,6,10,16
1_526,434690000,2065310000,2500000000,16,139,155,498890000,2001110000,2500000000,22,146,168,64200000,-64200000,0,6,7,13
1_527,2001220000,498780000,2500000000,19,124,143,2009380000,490620000,2500000000,19,129,148,8160000,-8160000,0,0,5,5
1_528,997810000,1502190000,2500000000,18,136,154,989160000,1510840000,2500000000,21,137,158,-8650000,8650000,0,3,1,4
1_529,860000000,1640000000,2500000000,20,128,148,883470000,1616530000,2500000000,22,139,161,23470000,-23470000,0,2,11,13
1_530,1152500000,1347500000,2500000000,25,150,175,1165240000,1334760000,2500000000,27,151,178,12740000,-12740000,0,2,1,3
1_531,2004050000,494270000,2498320000,18,121,139,2009150000,489170000,2498320000,22,135,157,5100000,-5100000,0,4,14,18
1_532,878480000,1621520000,2500000000,16,126,142,874150000,1625850000,2500000000,15,124,139,-4330000,4330000,0,-1,-2,-3
1_533,1063140000,1436860000,2500000000,11,119,130,1062290000,1437710000,2500000000,17,119,136,-850000,850000,0,6,0,6
1_534,2294920000,87560000,2382480000,34,123,157,2290670000,91810000,2382480000,20,111,131,-4250000,4250000,0,-14,-12,-26
1_535,2314890000,113060000,2427950000,34,122,156,2312030000,115920000,2427950000,26,108,134,-2860000,2860000,0,-8,-14,-22
1_536,1465990000,13580000,1479570000,23,76,99,1465990000,13580000,1479570000,18,81,99,0,0,0,-5,5,0
1_537,2367810000,132190000,2500000000,32,120,152,2365590000,134410000,2500000000,26,111,137,-2220000,2220000,0,-6,-9,-15
1_538,1897860000,602140000,2500000000,40,134,174,1890840000,609160000,2500000000,36,131,167,-7020000,7020000,0,-4,-3,-7
1_539,2392740000,107260000,2500000000,31,107,138,2388070000,111930000,2500000000,24,112,136,-4670000,4670000,0,-7,5,-2
1_540,2431800000,68200000,2500000000,30,117,147,2428860000,71140000,2500000000,27,110,137,-2940000,2940000,0,-3,-7,-10
1_541,2475960000,24040000,2500000000,30,105,135,2474320000,25680000,2500000000,28,101,129,-1640000,1640000,0,-2,-4,-6
1_542,1676650000,823350000,2500000000,22,124,146,1672840000,827160000,2500000000,26,123,149,-3810000,3810000,0,4,-1,3
1_543,2378330000,121670000,2500000000,30,104,134,2374030000,125970000,2500000000,26,113,139,-4300000,4300000,0,-4,9,5
1_544,2472510000,27490000,2500000000,41,115,156,2471210000,28790000,2500000000,24,95,119,-1300000,1300000,0,-17,-20,-37
1_545,2469410000,30590000,2500000000,34,108,142,2468720000,31280000,2500000000,24,106,130,-690000,690000,0,-10,-2,-12
1_546,1754250000,8560000,1762810000,39,118,157,1754250000,8560000,1762810000,25,92,117,0,0,0,-14,-26,-40
1_547,2125810000,374190000,2500000000,16,109,125,2121050000,378950000,2500000000,17,116,133,-4760000,4760000,0,1,7,8
1_548,2050540000,449460000,2500000000,22,139,161,2048670000,451330000,2500000000,25,134,159,-1870000,1870000,0,3,-5,-2
1_549,1871060000,628940000,2500000000,16,128,144,1859920000,640080000,2500000000,14,122,136,-11140000,11140000,0,-2,-6,-8
1_550,2366140000,133860000,2500000000,19,118,137,2366420000,133580000,2500000000,18,111,129,280000,-280000,0,-1,-7,-8
1_551,1991230000,508770000,2500000000,21,123,144,1990260000,509740000,2500000000,22,130,152,-970000,970000,0,1,7,8
1_552,2109480000,390520000,2500000000,20,106,126,2100560000,399440000,2500000000,23,127,150,-8920000,8920000,0,3,21,24
1_553,2398330000,101670000,2500000000,23,118,141,2396520000,103480000,2500000000,19,118,137,-1810000,1810000,0,-4,0,-4
1_554,1978660000,521340000,2500000000,19,126,145,1954200000,545800000,2500000000,17,126,143,-24460000,24460000,0,-2,0,-2
1_555,2366590000,133410000,2500000000,22,118,140,2369660000,130340000,2500000000,21,113,134,3070000,-3070000,0,-1,-5,-6
1_556,1734440000,165380000,1899820000,14,90,104,1728330000,171490000,1899820000,13,106,119,-6110000,6110000,0,-1,16,15
1_557,2401020000,98980000,2500000000,20,118,138,2398220000,101780000,2500000000,20,110,130,-2800000,2800000,0,0,-8,-8
1_558,2371500000,128500000,2500000000,19,115,134,2374940000,125060000,2500000000,18,107,125,3440000,-3440000,0,-1,-8,-9
1_559,1109100000,1390900000,2500000000,24,133,157,1098880000,1401120000,2500000000,27,125,152,-10220000,10220000,0,3,-8,-5
1_560,1503670000,996330000,2500000000,20,114,134,1495760000,1004240000,2500000000,23,122,145,-7910000,7910000,0,3,8,11
1_561,2288800000,211200000,2500000000,23,117,140,2288870000,211130000,2500000000,24,117,141,70000,-70000,0,1,0,1
1_562,2397790000,102210000,2500000000,20,106,126,2393420000,106580000,2500000000,21,109,130,-4370000,4370000,0,1,3,4
1_563,2335370000,164630000,2500000000,23,110,133,2344520000,155480000,2500000000,23,108,131,9150000,-9150000,0,0,-2,-2
1_564,2191740000,308260000,2500000000,22,129,151,2188470000,311530000,2500000000,21,110,131,-3270000,3270000,0,-1,-19,-20
1_565,940670000,1559330000,2500000000,32,142,174,991260000,1508740000,2500000000,32,140,172,50590000,-50590000,0,0,-2,-2
1_566,1965880000,534120000,2500000000,31,136,167,1967310000,532690000,2500000000,31,135,166,1430000,-1430000,0,0,-1,-1
1_567,1133240000,1366760000,2500000000,25,129,154,1319840000,1180160000,2500000000,28,127,155,186600000,-186600000,0,3,-2,1
1_568,2019390000,480610000,2500000000,26,131,157,2097780000,402220000,2500000000,23,127,150,78390000,-78390000,0,-3,-4,-7
1_569,1339390000,1160610000,2500000000,23,131,154,1338320000,1161680000,2500000000,21,125,146,-1070000,1070000,0,-2,-6,-8
1_570,1220670000,1279330000,2500000000,25,131,156,1213590000,1286410000,2500000000,24,118,142,-7080000,7080000,0,-1,-13,-14
1_571,913050000,1586950000,2500000000,25,132,157,926800000,1573200000,2500000000,24,139,163,13750000,-13750000,0,-1,7,6
1_572,1066520000,1433480000,2500000000,26,132,158,1134650000,1365350000,2500000000,31,133,164,68130000,-68130000,0,5,1,6
1_573,2247670000,252330000,2500000000,17,116,133,2229210000,270790000,2500000000,14,114,128,-18460000,18460000,0,-3,-2,-5
1_574,932710000,1567290000,2500000000,11,109,120,961780000,1538220000,2500000000,11,105,116,29070000,-29070000,0,0,-4,-4
1_575,1617970000,882030000,2500000000,16,111,127,1636640000,863360000,2500000000,9,101,110,18670000,-18670000,0,-7,-10,-17
1_576,502870000,1997130000,2500000000,14,122,136,500710000,1999290000,2500000000,12,117,129,-2160000,2160000,0,-2,-5,-7
1_577,2196200000,303800000,2500000000,10,108,118,2219510000,280490000,2500000000,10,102,112,23310000,-23310000,0,0,-6,-6
1_578,2428520000,71480000,2500000000,19,117,136,2409280000,90720000,2500000000,22,100,122,-19240000,19240000,0,3,-17,-14
1_579,913900000,1586100000,2500000000,21,137,158,888550000,1611450000,2500000000,21,132,153,-25350000,25350000,0,0,-5,-5
1_580,1740950000,759050000,2500000000,18,129,147,1726720000,773280000,2500000000,22,131,153,-14230000,14230000,0,4,2,6
1_581,334560000,2165440000,2500000000,11,116,127,345910000,2154090000,2500000000,15,115,130,11350000,-11350000,0,4,-1,3
1_582,1968790000,531210000,2500000000,24,109,133,2012860000,487140000,2500000000,26,119,145,44070000,-44070000,0,2,10,12
1_583,2331910000,168090000,2500000000,21,119,140,2351280000,148720000,2500000000,23,113,136,19370000,-19370000,0,2,-6,-4
1_584,2293810000,206190000,2500000000,22,104,126,2319060000,180940000,2500000000,23,112,135,25250000,-25250000,0,1,8,9
1_585,2365620000,134380000,2500000000,22,119,141,2372680000,127320000,2500000000,26,127,153,7060000,-7060000,0,4,8,12
1_586,1395810000,1104190000,2500000000,23,124,147,1366680000,1133320000,2500000000,26,123,149,-29130000,29130000,0,3,-1,2
1_587,896120000,1603880000,2500000000,27,123,150,958460000,1541540000,2500000000,28,127,155,62340000,-62340000,0,1,4,5
1_588,896300000,1603700000,2500000000,19,123,142,893900000,1606100000,2500000000,23,128,151,-2400000,2400000,0,4,5,9
1_589,1195920000,1304080000,2500000000,31,135,166,1236920000,1263080000,2500000000,33,134,167,41000000,-41000000,0,2,-1,1
1_590,2161970000,295030000,2457000000,11,100,111,2153210000,303790000,2457000000,18,113,131,-8760000,8760000,0,7,13,20
1_591,1212640000,1287360000,2500000000,14,133,147,1216190000,1283810000,2500000000,20,134,154,3550000,-3550000,0,6,1,7
1_592,2388920000,111080000,2500000000,13,113,126,2393780000,106220000,2500000000,10,105,115,4860000,-4860000,0,-3,-8,-11
1_593,676090000,1823910000,2500000000,11,107,118,664340000,1835660000,2500000000,15,125,140,-11750000,11750000,0,4,18,22
1_594,2341810000,158190000,2500000000,9,108,117,2340350000,159650000,2500000000,10,104,114,-1460000,1460000,0,1,-4,-3
1_595,1694790000,805210000,2500000000,26,135,161,1697550000,802450000,2500000000,26,130,156,2760000,-2760000,0,0,-5,-5
1_596,87340000,2412660000,2500000000,11,113,124,99000000,2401000000,2500000000,13,110,123,11660000,-11660000,0,2,-3,-1
1_597,1952500000,547500000,2500000000,24,127,151,1974700000,525300000,2500000000,28,127,155,22200000,-22200000,0,4,0,4
1_598,69250000,2430750000,2500000000,13,114,127,73950000,2426050000,2500000000,14,109,123,4700000,-4700000,0,1,-5,-4
1_599,2102560000,397440000,2500000000,21,109,130,2148450000,351550000,2500000000,21,114,135,45890000,-45890000,0,0,5,5
1_600,2323180000,176820000,2500000000,24,121,145,2344290000,155710000,2500000000,23,125,148,21110000,-21110000,0,-1,4,3
1_601,2334710000,165290000,2500000000,20,97,117,2347170000,152830000,2500000000,19,106,125,12460000,-12460000,0,-1,9,8
1_602,2304360000,195640000,2500000000,22,105,127,2326770000,173230000,2500000000,21,126,147,22410000,-22410000,0,-1,21,20
1_603,1007700000,1492300000,2500000000,20,132,152,1000210000,1499790000,2500000000,24,136,160,-7490000,7490000,0,4,4,8
1_604,1445500000,1054500000,2500000000,23,121,144,1545750000,954250000,2500000000,27,125,152,100250000,-100250000,0,4,4,8
1_605,1132230000,1367770000,2500000000,27,131,158,1015790000,1484210000,2500000000,26,133,159,-116440000,116440000,0,-1,2,1
1_606,2247930000,252070000,2500000000,22,111,133,2226950000,273050000,2500000000,24,110,134,-20980000,20980000,0,2,-1,1
1_607,1896860000,603140000,2500000000,13,96,109,1899020000,600980000,2500000000,8,99,107,2160000,-2160000,0,-5,3,-2
1_608,1486480000,1013520000,2500000000,9,95,104,1483350000,1016650000,2500000000,6,97,103,-3130000,3130000,0,-3,2,-1
1_609,1417010000,1082990000,2500000000,11,108,119,1412410000,1087590000,2500000000,12,108,120,-4600000,4600000,0,1,0,1
1_610,1928930000,571070000,2500000000,17,115,132,1895340000,604660000,2500000000,22,135,157,-33590000,33590000,0,5,20,25
1_611,1137820000,1362180000,2500000000,14,107,121,1136130000,1363870000,2500000000,12,116,128,-1690000,1690000,0,-2,9,7
1_612,1679990000,820010000,2500000000,14,106,120,1669880000,830120000,2500000000,16,113,129,-10110000,10110000,0,2,7,9
1_613,1017250000,1482750000,2500000000,13,100,113,1026430000,1473570000,2500000000,10,97,107,9180000,-9180000,0,-3,-3,-6
1_614,157960000,2342040000,2500000000,12,116,128,151860000,2348140000,2500000000,13,112,125,-6100000,6100000,0,1,-4,-3
1_615,1538360000,961640000,2500000000,13,110,123,1567700000,932300000,2500000000,19,116,135,29340000,-29340000,0,6,6,12
1_616,82860000,2417140000,2500000000,10,97,107,81650000,2418350000,2500000000,14,102,116,-1210000,1210000,0,4,5,9
1_617,1065790000,1434210000,2500000000,17,126,143,1058710000,1441290000,2500000000,18,123,141,-7080000,7080000,0,1,-3,-2
1_618,2246000000,254000000,2500000000,23,116,139,2267860000,232140000,2500000000,22,116,138,21860000,-21860000,0,-1,0,-1
1_619,384770000,2115230000,2500000000,16,125,141,380420000,2119580000,2500000000,19,119,138,-4350000,4350000,0,3,-6,-3
1_620,1900940000,599060000,2500000000,22,119,141,1921920000,578080000,2500000000,20,122,142,20980000,-20980000,0,-2,3,1
1_621,566910000,1933090000,2500000000,10,106,116,452160000,2047840000,2500000000,11,107,118,-114750000,114750000,0,1,1,2
1_622,2301790000,198210000,2500000000,22,110,132,2292970000,207030000,2500000000,21,118,139,-8820000,8820000,0,-1,8,7
1_623,2108530000,391470000,2500000000,23,106,129,2097780000,402220000,2500000000,24,115,139,-10750000,10750000,0,1,9,10
1_624,1995460000,504540000,2500000000,22,112,134,1990500000,509500000,2500000000,23,121,144,-4960000,4960000,0,1,9,10
1_625,1552940000,947060000,2500000000,25,120,145,1422370000,1077630000,2500000000,26,121,147,-130570000,130570000,0,1,1,2
1_626,2282400000,217600000,2500000000,16,89,105,2249580000,250420000,2500000000,20,104,124,-32820000,32820000,0,4,15,19
1_627,1960670000,539330000,2500000000,22,129,151,1887810000,612190000,2500000000,24,127,151,-72860000,72860000,0,2,-2,0
1_628,2199580000,300420000,2500000000,22,99,121,2174620000,325380000,2500000000,21,113,134,-24960000,24960000,0,-1,14,13
1_629,1545250000,869910000,2415160000,9,95,104,1567430000,847730000,2415160000,12,109,121,22180000,-22180000,0,3,14,17
1_630,827460000,1672540000,2500000000,12,105,117,822940000,1677060000,2500000000,14,103,117,-4520000,4520000,0,2,-2,0
1_631,1143580000,1356420000,2500000000,10,98,108,1145610000,1354390000,2500000000,13,107,120,2030000,-2030000,0,3,9,12
1_632,1994960000,505040000,2500000000,13,99,112,1996380000,503620000,2500000000,9,101,110,1420000,-1420000,0,-4,2,-2
1_633,1567320000,932680000,2500000000,12,103,115,1571970000,928030000,2500000000,16,111,127,4650000,-4650000,0,4,8,12
1_634,63850000,2436150000,2500000000,7,83,90,63310000,2436690000,2500000000,12,92,104,-540000,540000,0,5,9,14
1_635,309590000,2190410000,2500000000,18,122,140,315270000,2184730000,2500000000,15,118,133,5680000,-5680000,0,-3,-4,-7
1_636,1126820000,1373180000,2500000000,25,125,150,1110920000,1389080000,2500000000,20,118,138,-15900000,15900000,0,-5,-7,-12
1_637,218220000,2281780000,2500000000,7,83,90,201770000,2298230000,2500000000,6,93,99,-16450000,16450000,0,-1,10,9
1_638,2234450000,265550000,2500000000,23,111,134,2230190000,269810000,2500000000,23,107,130,-4260000,4260000,0,0,-4,-4
1_639,2220740000,279260000,2500000000,26,122,148,2219930000,280070000,2500000000,26,114,140,-810000,810000,0,0,-8,-8
1_640,1850710000,649290000,2500000000,22,107,129,1785660000,714340000,2500000000,26,126,152,-65050000,65050000,0,4,19,23
1_641,2290270000,209730000,2500000000,22,97,119,2243760000,256240000,2500000000,19,92,111,-46510000,46510000,0,-3,-5,-8
1_642,1188410000,1311590000,2500000000,12,114,126,1163290000,1336710000,2500000000,17,115,132,-25120000,25120000,0,5,1,6
1_643,1074990000,1425010000,2500000000,11,118,129,1055800000,1444200000,2500000000,15,110,125,-19190000,19190000,0,4,-8,-4
1_644,1204570000,1295430000,2500000000,11,119,130,1215130000,1284870000,2500000000,17,115,132,10560000,-10560000,0,6,-4,2
1_645,1288020000,1211980000,2500000000,11,110,121,1334210000,1165790000,2500000000,13,109,122,46190000,-46190000,0,2,-1,1
1_646,341050000,2158950000,2500000000,11,126,137,340490000,2159510000,2500000000,17,138,155,-560000,560000,0,6,12,18
1_647,750560000,1749440000,2500000000,11,127,138,731720000,1768280000,2500000000,21,135,156,-18840000,18840000,0,10,8,18
1_648,874530000,1625470000,2500000000,10,108,118,766880000,1733120000,2500000000,17,120,137,-107650000,107650000,0,7,12,19
1_649,883090000,1616910000,2500000000,10,118,128,842990000,1657010000,2500000000,16,130,146,-40100000,40100000,0,6,12,18
1_650,634170000,1865830000,2500000000,20,137,157,635940000,1864060000,2500000000,24,149,173,1770000,-1770000,0,4,12,16
1_651,409580000,2090420000,2500000000,14,128,142,403310000,2096690000,2500000000,18,141,159,-6270000,6270000,0,4,13,17
1_652,430470000,2069530000,2500000000,9,124,133,361590000,2138410000,2500000000,16,130,146,-68880000,68880000,0,7,6,13
1_653,477390000,2022610000,2500000000,8,115,123,494010000,2005990000,2500000000,15,124,139,16620000,-16620000,0,7,9,16
1_654,442780000,2057220000,2500000000,20,135,155,551100000,1948900000,2500000000,25,150,175,108320000,-108320000,0,5,15,20
1_655,395990000,2104010000,2500000000,17,139,156,419190000,2080810000,2500000000,25,149,174,23200000,-23200000,0,8,10,18
1_656,218420000,2281580000,2500000000,16,136,152,272200000,2227800000,2500000000,24,138,162,53780000,-53780000,0,8,2,10
1_657,577790000,1922210000,2500000000,12,133,145,543610000,1956390000,2500000000,19,132,151,-34180000,34180000,0,7,-1,6
1_658,1453370000,1046630000,2500000000,18,126,144,1451840000,1048160000,2500000000,26,146,172,-1530000,1530000,0,8,20,28
1_659,988460000,1511540000,2500000000,18,128,146,991940000,1508060000,2500000000,22,140,162,3480000,-3480000,0,4,12,16
1_660,1081630000,1418370000,2500000000,17,130,147,1080440000,1419560000,2500000000,19,134,153,-1190000,1190000,0,2,4,6
1_661,1618750000,881250000,2500000000,15,121,136,1615760000,884240000,2500000000,16,115,131,-2990000,2990000,0,1,-6,-5
1_662,1409190000,1090810000,2500000000,18,132,150,1403290000,1096710000,2500000000,18,123,141,-5900000,5900000,0,0,-9,-9
1_663,1170700000,1329300000,2500000000,20,141,161,1176010000,1323990000,2500000000,24,137,161,5310000,-5310000,0,4,-4,0
1_664,913220000,1586780000,2500000000,15,132,147,912510000,1587490000,2500000000,21,128,149,-710000,710000,0,6,-4,2
1_665,533010000,1966990000,2500000000,16,133,149,529680000,1970320000,2500000000,18,139,157,-3330000,3330000,0,2,6,8
1_666,1012130000,1487870000,2500000000,11,117,128,992110000,1507890000,2500000000,12,112,124,-20020000,20020000,0,1,-5,-4
1_667,1059280000,1440720000,2500000000,13,130,143,975740000,1524260000,2500000000,15,127,142,-83540000,83540000,0,2,-3,-1
1_668,1167320000,1332680000,2500000000,13,122,135,1176690000,1323310000,2500000000,14,116,130,9370000,-9370000,0,1,-6,-5
1_669,744420000,1755580000,2500000000,13,127,140,756060000,1743940000,2500000000,19,127,146,11640000,-11640000,0,6,0,6
1_670,875080000,1624920000,2500000000,16,129,145,876230000,1623770000,2500000000,23,135,158,1150000,-1150000,0,7,6,13
1_671,890720000,1609280000,2500000000,15,128,143,851150000,1648850000,2500000000,21,136,157,-39570000,39570000,0,6,8,14
1_672,1518010000,981990000,2500000000,11,110,121,1527940000,972060000,2500000000,16,110,126,9930000,-9930000,0,5,0,5
1_673,1320210000,1179790000,2500000000,10,109,119,1344590000,1155410000,2500000000,17,116,133,24380000,-24380000,0,7,7,14
1_674,1331030000,1168970000,2500000000,11,107,118,1345790000,1154210000,2500000000,16,117,133,14760000,-14760000,0,5,10,15
1_675,1167150000,1332850000,2500000000,12,114,126,1166300000,1333700000,2500000000,19,123,142,-850000,850000,0,7,9,16
1_676,413920000,2086080000,2500000000,11,126,137,346500000,2153500000,2500000000,16,131,147,-67420000,67420000,0,5,5,10
1_677,308640000,2191360000,2500000000,12,118,130,293690000,2206310000,2500000000,21,123,144,-14950000,14950000,0,9,5,14
1_678,454440000,2045560000,2500000000,15,128,143,387810000,2112190000,2500000000,20,128,148,-66630000,66630000,0,5,0,5
1_679,752310000,1747690000,2500000000,13,126,139,740000000,1760000000,2500000000,20,123,143,-12310000,12310000,0,7,-3,4
1_680,378620000,2121380000,2500000000,13,132,145,372060000,2127940000,2500000000,19,135,154,-6560000,6560000,0,6,3,9
1_681,400640000,2099360000,2500000000,11,125,136,331170000,2168830000,2500000000,21,136,157,-69470000,69470000,0,10,11,21
1_682,334060000,2165940000,2500000000,15,133,148,268870000,2231130000,2500000000,22,134,156,-65190000,65190000,0,7,1,8
1_683,388020000,2111980000,2500000000,13,132,145,338870000,2161130000,2500000000,19,136,155,-49150000,49150000,0,6,4,10
1_684,498680000,2001320000,2500000000,15,133,148,481450000,2018550000,2500000000,21,134,155,-17230000,17230000,0,6,1,7
1_685,1897910000,602090000,2500000000,19,127,146,1896300000,603700000,2500000000,22,141,163,-1610000,1610000,0,3,14,17
1_686,609330000,1890670000,2500000000,18,141,159,589430000,1910570000,2500000000,23,138,161,-19900000,19900000,0,5,-3,2
1_687,1460060000,1039940000,2500000000,23,137,160,1473670000,1026330000,2500000000,26,148,174,13610000,-13610000,0,3,11,14
1_688,1483700000,23590000,1507290000,13,95,108,1483090000,24200000,1507290000,16,109,125,-610000,610000,0,3,14,17
1_689,724450000,1775550000,2500000000,21,128,149,766980000,1733020000,2500000000,27,136,163,42530000,-42530000,0,6,8,14
1_690,1450260000,1049740000,2500000000,25,136,161,1435840000,1064160000,2500000000,23,137,160,-14420000,14420000,0,-2,1,-1
1_691,1173460000,1326540000,2500000000,20,138,158,1161960000,1338040000,2500000000,26,132,158,-11500000,11500000,0,6,-6,0
1_692,1404150000,1095850000,2500000000,16,119,135,1378180000,1121820000,2500000000,21,123,144,-25970000,25970000,0,5,4,9
1_693,1327380000,1172620000,2500000000,15,102,117,1285150000,1214850000,2500000000,19,116,135,-42230000,42230000,0,4,14,18
1_694,1119380000,1380620000,2500000000,17,112,129,1108160000,1391840000,2500000000,16,113,129,-11220000,11220000,0,-1,1,0
1_695,1331970000,1168030000,2500000000,12,113,125,1316280000,1183720000,2500000000,14,120,134,-15690000,15690000,0,2,7,9
1_696,1211450000,1288550000,2500000000,16,131,147,1221570000,1278430000,2500000000,21,135,156,10120000,-10120000,0,5,4,9
1_697,968010000,1531990000,2500000000,18,133,151,956860000,1543140000,2500000000,23,140,163,-11150000,11150000,0,5,7,12
1_698,1033130000,1466870000,2500000000,14,116,130,1048780000,1451220000,2500000000,19,128,147,15650000,-15650000,0,5,12,17
1_699,1273010000,1226990000,2500000000,14,118,132,1247750000,1252250000,2500000000,15,117,132,-25260000,25260000,0,1,-1,0
1_700,1465860000,1034140000,2500000000,16,126,142,1443930000,1056070000,2500000000,17,115,132,-21930000,21930000,0,1,-11,-10
1_701,1195090000,1304910000,2500000000,13,120,133,1139360000,1360640000,2500000000,18,122,140,-55730000,55730000,0,5,2,7
1_702,634630000,1865370000,2500000000,17,132,149,626370000,1873630000,2500000000,18,130,148,-8260000,8260000,0,1,-2,-1
1_703,999090000,1500910000,2500000000,12,108,120,997750000,1502250000,2500000000,21,121,142,-1340000,1340000,0,9,13,22
1_704,1111410000,1388590000,2500000000,10,101,111,1106180000,1393820000,2500000000,14,112,126,-5230000,5230000,0,4,11,15
1_705,1068120000,1431880000,2500000000,16,123,139,1015910000,1484090000,2500000000,19,125,144,-52210000,52210000,0,3,2,5
1_706,1101940000,1398060000,2500000000,18,126,144,1036780000,1463220000,2500000000,21,126,147,-65160000,65160000,0,3,0,3
1_707,785170000,1714830000,2500000000,13,118,131,769850000,1730150000,2500000000,18,123,141,-15320000,15320000,0,5,5,10
1_708,1013710000,1486290000,2500000000,13,120,133,1011150000,1488850000,2500000000,17,118,135,-2560000,2560000,0,4,-2,2
1_709,569790000,1930210000,2500000000,18,136,154,568870000,1931130000,2500000000,25,127,152,-920000,920000,0,7,-9,-2
1_710,962670000,1537330000,2500000000,18,125,143,933910000,1566090000,2500000000,21,126,147,-28760000,28760000,0,3,1,4
1_711,569200000,1930800000,2500000000,15,129,144,503240000,1996760000,2500000000,18,131,149,-65960000,65960000,0,3,2,5
1_712,652500000,1847500000,2500000000,18,137,155,619620000,1880380000,2500000000,23,141,164,-32880000,32880000,0,5,4,9
1_713,1465220000,1034780000,2500000000,16,127,143,1421710000,1078290000,2500000000,18,134,152,-43510000,43510000,0,2,7,9
1_714,964260000,1535740000,2500000000,20,130,150,948280000,1551720000,2500000000,25,140,165,-15980000,15980000,0,5,10,15
1_715,365960000,2134040000,2500000000,22,134,156,363980000,2136020000,2500000000,24,138,162,-1980000,1980000,0,2,4,6
1_716,425160000,2074830000,2499990000,19,140,159,357260000,2142740000,2500000000,23,141,164,-67900000,67910000,10000,4,1,5
1_717,410180000,2089820000,2500000000,22,132,154,424770000,2075230000,2500000000,20,136,156,14590000,-14590000,0,-2,4,2
1_718,570240000,1929760000,2500000000,25,145,170,537850000,1962150000,2500000000,24,141,165,-32390000,32390000,0,-1,-4,-5
1_719,438320000,2061680000,2500000000,21,132,153,467930000,2032070000,2500000000,19,135,154,29610000,-29610000,0,-2,3,1
1_720,308590000,2191410000,2500000000,16,123,139,312600000,2187400000,2500000000,26,140,166,4010000,-4010000,0,10,17,27
1_721,1913300000,586700000,2500000000,26,124,150,1929180000,570820000,2500000000,22,136,158,15880000,-15880000,0,-4,12,8
1_722,956910000,1543090000,2500000000,22,136,158,955120000,1544880000,2500000000,27,139,166,-1790000,1790000,0,5,3,8
1_723,753670000,1746330000,2500000000,16,121,137,775680000,1724320000,2500000000,21,128,149,22010000,-22010000,0,5,7,12
1_724,776040000,1723960000,2500000000,17,121,138,791810000,1708190000,2500000000,22,133,155,15770000,-15770000,0,5,12,17
1_725,1689890000,810110000,2500000000,21,118,139,1717030000,782970000,2500000000,26,126,152,27140000,-27140000,0,5,8,13
1_726,1027590000,1472410000,2500000000,12,108,120,983850000,1516150000,2500000000,17,116,133,-43740000,43740000,0,5,8,13
1_727,988940000,1511060000,2500000000,17,116,133,974240000,1525760000,2500000000,21,127,148,-14700000,14700000,0,4,11,15
1_728,848660000,1651340000,2500000000,18,122,140,834770000,1665230000,2500000000,21,131,152,-13890000,13890000,0,3,9,12
1_729,737860000,1762140000,2500000000,15,119,134,726340000,1773660000,2500000000,20,125,145,-11520000,11520000,0,5,6,11
1_730,1033090000,1466910000,2500000000,10,105,115,1013940000,1486060000,2500000000,14,110,124,-19150000,19150000,0,4,5,9
1_731,809990000,1690010000,2500000000,8,108,116,824700000,1675300000,2500000000,17,114,131,14710000,-14710000,0,9,6,15
1_732,599720000,1900280000,2500000000,10,119,129,572250000,1927750000,2500000000,12,116,128,-27470000,27470000,0,2,-3,-1
1_733,952010000,1547990000,2500000000,13,113,126,940010000,1559990000,2500000000,18,115,133,-12000000,12000000,0,5,2,7
1_734,1008320000,1491680000,2500000000,17,126,143,1002340000,1497660000,2500000000,21,131,152,-5980000,5980000,0,4,5,9
1_735,1073800000,1426200000,2500000000,16,135,151,1026370000,1473630000,2500000000,22,138,160,-47430000,47430000,0,6,3,9
1_736,1197700000,1302300000,2500000000,17,120,137,1170850000,1329150000,2500000000,18,116,134,-26850000,26850000,0,1,-4,-3
1_737,1278670000,1221330000,2500000000,17,128,145,1188190000,1311810000,2500000000,22,125,147,-90480000,90480000,0,5,-3,2
1_738,473140000,2026860000,2500000000,15,126,141,447860000,2052140000,2500000000,22,131,153,-25280000,25280000,0,7,5,12
1_739,1286530000,1213470000,2500000000,18,129,147,1241560000,1258440000,2500000000,22,124,146,-44970000,44970000,0,4,-5,-1
1_740,407610000,2092390000,2500000000,12,129,141,391570000,2108430000,2500000000,23,139,162,-16040000,16040000,0,11,10,21
1_741,1146600000,1353400000,2500000000,16,123,139,1091420000,1408580000,2500000000,21,125,146,-55180000,55180000,0,5,2,7
1_742,415480000,2084520000,2500000000,18,132,150,413760000,2086240000,2500000000,22,130,152,-1720000,1720000,0,4,-2,2
1_743,1427060000,1072940000,2500000000,20,128,148,1372840000,1127160000,2500000000,23,134,157,-54220000,54220000,0,3,6,9
1_744,332570000,2167430000,2500000000,19,133,152,317010000,2182990000,2500000000,25,142,167,-15560000,15560000,0,6,9,15
1_745,341780000,2158220000,2500000000,20,144,164,344980000,2155020000,2500000000,26,141,167,3200000,-3200000,0,6,-3,3
1_746,823750000,1676250000,2500000000,19,136,155,792710000,1707290000,2500000000,22,135,157,-31040000,31040000,0,3,-1,2
1_747,728160000,1771840000,2500000000,22,143,165,707180000,1792820000,2500000000,23,137,160,-20980000,20980000,0,1,-6,-5
1_748,756160000,1743840000,2500000000,21,142,163,742460000,1757540000,2500000000,23,143,166,-13700000,13700000,0,2,1,3
1_749,852220000,1647780000,2500000000,19,142,161,866100000,1633900000,2500000000,22,146,168,13880000,-13880000,0,3,4,7
1_750,798090000,1701910000,2500000000,19,136,155,796320000,1703680000,2500000000,23,143,166,-1770000,1770000,0,4,7,11
1_751,721980000,1778020000,2500000000,23,144,167,718800000,1781200000,2500000000,25,145,170,-3180000,3180000,0,2,1,3
1_752,783850000,1716150000,2500000000,26,147,173,759610000,1740390000,2500000000,30,142,172,-24240000,24240000,0,4,-5,-1
1_753,771800000,1728200000,2500000000,14,119,133,769900000,1730100000,2500000000,24,135,159,-1900000,1900000,0,10,16,26
1_754,1643110000,856890000,2500000000,24,130,154,1646260000,853740000,2500000000,28,135,163,3150000,-3150000,0,4,5,9
1_755,2392050000,107950000,2500000000,16,105,121,2393030000,106970000,2500000000,18,114,132,980000,-980000,0,2,9,11
1_756,730760000,1769240000,2500000000,17,129,146,712920000,1787080000,2500000000,18,122,140,-17840000,17840000,0,1,-7,-6
1_757,707700000,1792300000,2500000000,20,118,138,679390000,1820610000,2500000000,23,126,149,-28310000,28310000,0,3,8,11
1_758,571410000,1928590000,2500000000,13,122,135,533120000,1966880000,2500000000,17,119,136,-38290000,38290000,0,4,-3,1
1_759,991130000,1508870000,2500000000,21,129,150,928150000,1571850000,2500000000,26,135,161,-62980000,62980000,0,5,6,11
1_760,794090000,1705910000,2500000000,15,121,136,761700000,1738300000,2500000000,16,123,139,-32390000,32390000,0,1,2,3
1_761,794750000,1705250000,2500000000,20,133,153,793920000,1706080000,2500000000,24,133,157,-830000,830000,0,4,0,4
1_762,1230140000,1269860000,2500000000,17,124,141,1154710000,1345290000,2500000000,18,128,146,-75430000,75430000,0,1,4,5
1_763,951550000,1548450000,2500000000,19,137,156,942540000,1557460000,2500000000,23,131,154,-9010000,9010000,0,4,-6,-2
1_764,487110000,2012890000,2500000000,17,124,141,440100000,2059900000,2500000000,24,126,150,-47010000,47010000,0,7,2,9
1_765,857980000,1642020000,2500000000,22,119,141,812980000,1687020000,2500000000,25,125,150,-45000000,45000000,0,3,6,9
1_766,2470920000,29080000,2500000000,31,117,148,2469830000,30170000,2500000000,32,104,136,-1090000,1090000,0,1,-13,-12
1_767,2071470000,43130000,2114600000,30,130,160,2068650000,45950000,2114600000,22,125,147,-2820000,2820000,0,-8,-5,-13
1_768,2491060000,8940000,2500000000,25,95,120,2488880000,11120000,2500000000,21,99,120,-2180000,2180000,0,-4,4,0
1_769,2488670000,11330000,2500000000,22,97,119,2488610000,11390000,2500000000,12,87,99,-60000,60000,0,-10,-10,-20
1_770,2494210000,5790000,2500000000,23,95,118,2493170000,6830000,2500000000,13,89,102,-1040000,1040000,0,-10,-6,-16
1_771,2476490000,23510000,2500000000,25,97,122,2475960000,24040000,2500000000,25,102,127,-530000,530000,0,0,5,5
1_772,2460940000,39060000,2500000000,23,103,126,2459640000,40360000,2500000000,16,90,106,-1300000,1300000,0,-7,-13,-20
1_773,2444390000,55610000,2500000000,24,99,123,2443120000,56880000,2500000000,17,85,102,-1270000,1270000,0,-7,-14,-21
1_774,2280870000,25040000,2305910000,26,99,125,2278900000,27010000,2305910000,19,74,93,-1970000,1970000,0,-7,-25,-32
1_775,2418840000,81160000,2500000000,37,109,146,2416710000,83290000,2500000000,23,92,115,-2130000,2130000,0,-14,-17,-31
1_776,1423340000,89360000,1512700000,14,92,106,1423480000,89220000,1512700000,17,110,127,140000,-140000,0,3,18,21
1_777,1058970000,1441030000,2500000000,17,125,142,1074960000,1425040000,2500000000,23,132,155,15990000,-15990000,0,6,7,13
1_778,789140000,1710860000,2500000000,18,118,136,808630000,1691370000,2500000000,17,126,143,19490000,-19490000,0,-1,8,7
1_779,2466660000,33340000,2500000000,27,113,140,2462370000,37630000,2500000000,22,116,138,-4290000,4290000,0,-5,3,-2
1_780,2203950000,60830000,2264780000,26,124,150,2196150000,68630000,2264780000,22,118,140,-7800000,7800000,0,-4,-6,-10
1_781,2440890000,59110000,2500000000,28,119,147,2426730000,73270000,2500000000,31,122,153,-14160000,14160000,0,3,3,6
1_782,1098110000,840000,1098950000,18,82,100,1098070000,880000,1098950000,10,77,87,-40000,40000,0,-8,-5,-13
1_783,2489600000,10400000,2500000000,28,106,134,2485840000,14160000,2500000000,20,88,108,-3760000,3760000,0,-8,-18,-26
1_784,2486840000,13160000,2500000000,24,105,129,2484330000,15670000,2500000000,17,83,100,-2510000,2510000,0,-7,-22,-29
1_785,2483810000,16190000,2500000000,24,101,125,2479720000,20280000,2500000000,18,102,120,-4090000,4090000,0,-6,1,-5
1_786,2492390000,7610000,2500000000,22,103,125,2485030000,14970000,2500000000,19,95,114,-7360000,7360000,0,-3,-8,-11
1_787,2488960000,11040000,2500000000,28,103,131,2484470000,15530000,2500000000,20,91,111,-4490000,4490000,0,-8,-12,-20
1_788,2482270000,17730000,2500000000,30,106,136,2473860000,26140000,2500000000,24,99,123,-8410000,8410000,0,-6,-7,-13
1_789,2470530000,29470000,2500000000,22,91,113,2469930000,30070000,2500000000,18,90,108,-600000,600000,0,-4,-1,-5
1_790,2480520000,19480000,2500000000,33,106,139,2477460000,22540000,2500000000,23,84,107,-3060000,3060000,0,-10,-22,-32
1_791,2444390000,55610000,2500000000,32,107,139,2439460000,60540000,2500000000,26,104,130,-4930000,4930000,0,-6,-3,-9
1_792,2435400000,64600000,2500000000,33,111,144,2434780000,65220000,2500000000,20,86,106,-620000,620000,0,-13,-25,-38
1_793,2376160000,123840000,2500000000,37,113,150,2373530000,126470000,2500000000,25,107,132,-2630000,2630000,0,-12,-6,-18
1_794,2473240000,26760000,2500000000,27,106,133,2472990000,27010000,2500000000,22,99,121,-250000,250000,0,-5,-7,-12
1_795,2458690000,41310000,2500000000,36,110,146,2458440000,41560000,2500000000,27,114,141,-250000,250000,0,-9,4,-5
1_796,2484370000,15630000,2500000000,35,99,134,2483000000,17000000,2500000000,14,86,100,-1370000,1370000,0,-21,-13,-34
1_797,2477900000,22100000,2500000000,32,107,139,2477810000,22190000,2500000000,30,104,134,-90000,90000,0,-2,-3,-5
1_798,798060000,1701940000,2500000000,14,114,128,738870000,1761130000,2500000000,20,130,150,-59190000,59190000,0,6,16,22
1_799,1000840000,1499160000,2500000000,13,113,126,1024160000,1475840000,2500000000,16,130,146,23320000,-23320000,0,3,17,20
1_800,1209110000,1290890000,2500000000,15,117,132,1223680000,1276320000,2500000000,20,129,149,14570000,-14570000,0,5,12,17
1_801,1061940000,1438060000,2500000000,18,119,137,1102050000,1397950000,2500000000,25,125,150,40110000,-40110000,0,7,6,13
1_802,1317930000,1182070000,2500000000,22,122,144,1302640000,1197360000,2500000000,24,136,160,-15290000,15290000,0,2,14,16
1_803,1153350000,1346650000,2500000000,15,119,134,1205560000,1294440000,2500000000,23,133,156,52210000,-52210000,0,8,14,22
1_804,1060070000,220000,1060290000,10,54,64,1060070000,220000,1060290000,8,52,60,0,0,0,-2,-2,-4
1_805,2350910000,149090000,2500000000,31,126,157,2344260000,155740000,2500000000,22,124,146,-6650000,6650000,0,-9,-2,-11
1_806,2447110000,40700000,2487810000,24,126,150,2441610000,46200000,2487810000,25,125,150,-5500000,5500000,0,1,-1,0
1_807,1951200000,548800000,2500000000,31,139,170,1941610000,558390000,2500000000,30,134,164,-9590000,9590000,0,-1,-5,-6
1_808,1796820000,64820000,1861640000,20,106,126,1794940000,66700000,1861640000,15,111,126,-1880000,1880000,0,-5,5,0
1_809,2450020000,49980000,2500000000,26,108,134,2443640000,56360000,2500000000,20,87,107,-6380000,6380000,0,-6,-21,-27
1_810,2378550000,121450000,2500000000,27,126,153,2372070000,127930000,2500000000,23,123,146,-6480000,6480000,0,-4,-3,-7
1_811,2246430000,253570000,2500000000,24,123,147,2240150000,259850000,2500000000,25,126,151,-6280000,6280000,0,1,3,4
1_812,1968680000,531320000,2500000000,26,124,150,1959430000,540570000,2500000000,28,128,156,-9250000,9250000,0,2,4,6
1_813,2475620000,24380000,2500000000,31,109,140,2471700000,28300000,2500000000,24,95,119,-3920000,3920000,0,-7,-14,-21
1_814,2477440000,22560000,2500000000,31,103,134,2470800000,29200000,2500000000,24,88,112,-6640000,6640000,0,-7,-15,-22
1_815,2316170000,183830000,2500000000,31,121,152,2304680000,195320000,2500000000,29,128,157,-11490000,11490000,0,-2,7,5
1_816,2219120000,280880000,2500000000,31,122,153,2215450000,284550000,2500000000,21,119,140,-3670000,3670000,0,-10,-3,-13
1_817,2436390000,63610000,2500000000,36,112,148,2435650000,64350000,2500000000,25,102,127,-740000,740000,0,-11,-10,-21
1_818,2437580000,62420000,2500000000,35,120,155,2431150000,68850000,2500000000,31,113,144,-6430000,6430000,0,-4,-7,-11
1_819,2445590000,54410000,2500000000,39,118,157,2438470000,61530000,2500000000,26,99,125,-7120000,7120000,0,-13,-19,-32
1_820,2434000000,66000000,2500000000,34,106,140,2433720000,66280000,2500000000,30,113,143,-280000,280000,0,-4,7,3
1_821,2483160000,16840000,2500000000,30,94,124,2481270000,18730000,2500000000,31,103,134,-1890000,1890000,0,1,9,10
1_822,2451070000,48930000,2500000000,25,94,119,2449440000,50560000,2500000000,29,105,134,-1630000,1630000,0,4,11,15
1_823,2446500000,53500000,2500000000,32,95,127,2443630000,56370000,2500000000,29,106,135,-2870000,2870000,0,-3,11,8
1_824,2406450000,93550000,2500000000,25,91,116,2405870000,94130000,2500000000,33,100,133,-580000,580000,0,8,9,17
1_825,2410080000,89920000,2500000000,35,109,144,2409680000,90320000,2500000000,36,120,156,-400000,400000,0,1,11,12
1_826,2437810000,62190000,2500000000,35,97,132,2437810000,62190000,2500000000,29,104,133,0,0,0,-6,7,1
1_827,2125260000,374740000,2500000000,33,109,142,2116860000,383140000,2500000000,35,127,162,-8400000,8400000,0,2,18,20
1_828,2008840000,215390000,2224230000,14,106,120,2016900000,207330000,2224230000,11,110,121,8060000,-8060000,0,-3,4,1
1_829,2265690000,198020000,2463710000,14,117,131,2268880000,194830000,2463710000,17,116,133,3190000,-3190000,0,3,-1,2
1_830,2093090000,406910000,2500000000,30,135,165,2093510000,406490000,2500000000,34,136,170,420000,-420000,0,4,1,5
1_831,2137560000,349270000,2486830000,29,130,159,2146300000,340530000,2486830000,32,134,166,8740000,-8740000,0,3,4,7
1_832,1895660000,604340000,2500000000,32,134,166,1890870000,609130000,2500000000,32,130,162,-4790000,4790000,0,0,-4,-4
1_833,2306630000,193370000,2500000000,25,119,144,2296050000,203950000,2500000000,29,127,156,-10580000,10580000,0,4,8,12
1_834,2399620000,100380000,2500000000,23,108,131,2395780000,104220000,2500000000,19,111,130,-3840000,3840000,0,-4,3,-1
1_835,2206370000,293630000,2500000000,19,111,130,2198260000,301740000,2500000000,21,117,138,-8110000,8110000,0,2,6,8
1_836,1808300000,691700000,2500000000,22,120,142,1797680000,702320000,2500000000,19,125,144,-10620000,10620000,0,-3,5,2
1_837,1953830000,546170000,2500000000,25,131,156,1945560000,554440000,2500000000,24,133,157,-8270000,8270000,0,-1,2,1
1_838,2425990000,74010000,2500000000,26,119,145,2421870000,78130000,2500000000,27,118,145,-4120000,4120000,0,1,-1,0
1_839,2169110000,330890000,2500000000,29,128,157,2159900000,340100000,2500000000,24,135,159,-9210000,9210000,0,-5,7,2
1_840,2498640000,1360000,2500000000,33,96,129,2498640000,1360000,2500000000,28,101,129,0,0,0,-5,5,0
1_841,2480100000,19900000,2500000000,30,98,128,2477020000,22980000,2500000000,26,99,125,-3080000,3080000,0,-4,1,-3
1_842,2485900000,14100000,2500000000,34,92,126,2485260000,14740000,2500000000,29,94,123,-640000,640000,0,-5,2,-3
1_843,2463550000,36450000,2500000000,32,93,125,2463010000,36990000,2500000000,30,104,134,-540000,540000,0,-2,11,9
1_844,2136680000,363320000,2500000000,37,115,152,2134520000,365480000,2500000000,33,129,162,-2160000,2160000,0,-4,14,10
1_845,2429730000,70270000,2500000000,33,99,132,2428310000,71690000,2500000000,32,112,144,-1420000,1420000,0,-1,13,12
1_846,2443480000,2230000,2445710000,17,59,76,2443480000,2230000,2445710000,18,67,85,0,0,0,1,8,9
1_847,2484890000,15110000,2500000000,32,83,115,2484890000,15110000,2500000000,30,90,120,0,0,0,-2,7,5
1_848,2435760000,64240000,2500000000,35,99,134,2434810000,65190000,2500000000,21,92,113,-950000,950000,0,-14,-7,-21
1_849,2329870000,170130000,2500000000,26,98,124,2327360000,172640000,2500000000,25,106,131,-2510000,2510000,0,-1,8,7
1_850,2497950000,2050000,2500000000,28,85,113,2497950000,2050000,2500000000,21,73,94,0,0,0,-7,-12,-19
1_851,2107430000,391300000,2498730000,9,78,87,2082940000,415790000,2498730000,11,95,106,-24490000,24490000,0,2,17,19
1_852,2013390000,320410000,2333800000,8,65,73,2014790000,319010000,2333800000,6,76,82,1400000,-1400000,0,-2,11,9
1_853,2077140000,158620000,2235760000,12,95,107,2074260000,161500000,2235760000,7,76,83,-2880000,2880000,0,-5,-19,-24
1_854,2189860000,310140000,2500000000,14,91,105,2228920000,271080000,2500000000,14,94,108,39060000,-39060000,0,0,3,3
1_855,1807750000,692250000,2500000000,10,84,94,1815360000,684640000,2500000000,3,74,77,7610000,-7610000,0,-7,-10,-17
1_856,1331560000,1168440000,2500000000,11,100,111,1336040000,1163960000,2500000000,13,111,124,4480000,-4480000,0,2,11,13
1_857,1714770000,785230000,2500000000,13,98,111,1742550000,757450000,2500000000,11,100,111,27780000,-27780000,0,-2,2,0
1_858,1453760000,1046240000,2500000000,11,84,95,1452580000,1047420000,2500000000,11,94,105,-1180000,1180000,0,0,10,10
1_859,897120000,1602880000,2500000000,11,105,116,921750000,1578250000,2500000000,8,104,112,24630000,-24630000,0,-3,-1,-4
1_860,1413290000,1045800000,2459090000,10,101,111,1433430000,1025660000,2459090000,11,98,109,20140000,-20140000,0,1,-3,-2
1_861,1145020000,1354980000,2500000000,13,97,110,1143510000,1356490000,2500000000,10,101,111,-1510000,1510000,0,-3,4,1
1_862,1028790000,1471210000,2500000000,12,101,113,1054990000,1445010000,2500000000,10,93,103,26200000,-26200000,0,-2,-8,-10
1_863,1234760000,1265240000,2500000000,12,106,118,1235890000,1264110000,2500000000,15,111,126,1130000,-1130000,0,3,5,8
1_864,1671690000,828310000,2500000000,11,99,110,1702990000,797010000,2500000000,11,98,109,31300000,-31300000,0,0,-1,-1
1_865,1933610000,367170000,2300780000,12,111,123,1933500000,367280000,2300780000,16,115,131,-110000,110000,0,4,4,8
1_866,1198720000,1301280000,2500000000,15,116,131,1200600000,1299400000,2500000000,18,118,136,1880000,-1880000,0,3,2,5
1_867,547110000,1952890000,2500000000,28,130,158,535420000,1964580000,2500000000,19,116,135,-11690000,11690000,0,-9,-14,-23
1_868,1127940000,1372060000,2500000000,14,94,108,1122980000,1377020000,2500000000,14,105,119,-4960000,4960000,0,0,11,11
1_869,1573990000,840600000,2414590000,9,95,104,1575350000,839240000,2414590000,8,78,86,1360000,-1360000,0,-1,-17,-18
1_870,1824280000,675720000,2500000000,9,89,98,1824310000,675690000,2500000000,10,76,86,30000,-30000,0,1,-13,-12
1_871,1715770000,784230000,2500000000,17,120,137,1716070000,783930000,2500000000,13,102,115,300000,-300000,0,-4,-18,-22
1_872,998140000,1501860000,2500000000,13,113,126,1012340000,1487660000,2500000000,12,95,107,14200000,-14200000,0,-1,-18,-19
1_873,1831870000,668130000,2500000000,17,107,124,1825450000,674550000,2500000000,17,105,122,-6420000,6420000,0,0,-2,-2
1_874,1673520000,826480000,2500000000,18,119,137,1679280000,820720000,2500000000,15,103,118,5760000,-5760000,0,-3,-16,-19
1_875,1450770000,1049230000,2500000000,12,104,116,1477590000,1022410000,2500000000,14,106,120,26820000,-26820000,0,2,2,4
1_876,1799050000,700950000,2500000000,18,116,134,1809750000,690250000,2500000000,17,99,116,10700000,-10700000,0,-1,-17,-18
1_877,736290000,1763710000,2500000000,14,91,105,783460000,1716540000,2500000000,16,103,119,47170000,-47170000,0,2,12,14
1_878,1932800000,567200000,2500000000,16,108,124,1965450000,534550000,2500000000,13,103,116,32650000,-32650000,0,-3,-5,-8
1_879,1529460000,752280000,2281740000,8,94,102,1523240000,758500000,2281740000,7,97,104,-6220000,6220000,0,-1,3,2
1_880,1051070000,1448930000,2500000000,16,112,128,1073390000,1426610000,2500000000,12,109,121,22320000,-22320000,0,-4,-3,-7
1_881,238480000,2261520000,2500000000,14,125,139,230510000,2269490000,2500000000,20,125,145,-7970000,7970000,0,6,0,6
1_882,1269050000,1230950000,2500000000,23,140,163,1258440000,1241560000,2500000000,26,144,170,-10610000,10610000,0,3,4,7
1_883,1959090000,205400000,2164490000,12,110,122,1942720000,221770000,2164490000,13,120,133,-16370000,16370000,0,1,10,11
1_884,2287350000,212650000,2500000000,20,92,112,2272170000,227830000,2500000000,21,101,122,-15180000,15180000,0,1,9,10
1_885,1959680000,540320000,2500000000,21,117,138,1967720000,532280000,2500000000,26,131,157,8040000,-8040000,0,5,14,19
1_886,2127380000,372620000,2500000000,21,103,124,2122160000,377840000,2500000000,22,119,141,-5220000,5220000,0,1,16,17
1_887,1989140000,510860000,2500000000,22,120,142,1989810000,510190000,2500000000,24,127,151,670000,-670000,0,2,7,9
1_888,1984440000,515560000,2500000000,20,114,134,1958190000,541810000,2500000000,21,114,135,-26250000,26250000,0,1,0,1
1_889,2251360000,248640000,2500000000,22,101,123,2212460000,287540000,2500000000,21,108,129,-38900000,38900000,0,-1,7,6
1_890,2027530000,472470000,2500000000,24,111,135,1991210000,508790000,2500000000,23,116,139,-36320000,36320000,0,-1,5,4
1_891,2236450000,263550000,2500000000,20,85,105,2187010000,312990000,2500000000,19,103,122,-49440000,49440000,0,-1,18,17
1_892,1935090000,238760000,2173850000,7,70,77,1934940000,238910000,2173850000,8,74,82,-150000,150000,0,1,4,5
1_893,1259010000,1240990000,2500000000,15,109,124,1251600000,1248400000,2500000000,14,111,125,-7410000,7410000,0,-1,2,1
1_894,1186510000,1313490000,2500000000,11,99,110,1192100000,1307900000,2500000000,11,96,107,5590000,-5590000,0,0,-3,-3
1_895,1165570000,1334430000,2500000000,21,123,144,1193830000,1306170000,2500000000,17,106,123,28260000,-28260000,0,-4,-17,-21
1_896,2074110000,425890000,2500000000,22,124,146,2082860000,417140000,2500000000,16,100,116,8750000,-8750000,0,-6,-24,-30
1_897,1547620000,735700000,2283320000,9,83,92,1547780000,735540000,2283320000,6,92,98,160000,-160000,0,-3,9,6
1_898,1057680000,1442320000,2500000000,9,103,112,1056330000,1443670000,2500000000,11,108,119,-1350000,1350000,0,2,5,7
1_899,1358180000,192280000,1550460000,5,63,68,1359610000,190850000,1550460000,6,71,77,1430000,-1430000,0,1,8,9
1_900,1399500000,907890000,2307390000,11,96,107,1399930000,907460000,2307390000,5,73,78,430000,-430000,0,-6,-23,-29
1_901,2324520000,175480000,2500000000,20,104,124,2343360000,156640000,2500000000,13,106,119,18840000,-18840000,0,-7,2,-5
1_902,2047660000,452340000,2500000000,23,135,158,2026100000,473900000,2500000000,25,147,172,-21560000,21560000,0,2,12,14
1_903,2195660000,304340000,2500000000,18,131,149,2162170000,337830000,2500000000,24,148,172,-33490000,33490000,0,6,17,23
1_904,1833020000,666980000,2500000000,23,144,167,1837080000,662920000,2500000000,26,145,171,4060000,-4060000,0,3,1,4
1_905,2364210000,135790000,2500000000,20,127,147,2342490000,157510000,2500000000,21,118,139,-21720000,21720000,0,1,-9,-8
1_906,1832640000,667360000,2500000000,23,117,140,1809200000,690800000,2500000000,25,123,148,-23440000,23440000,0,2,6,8
1_907,2259500000,240500000,2500000000,24,119,143,2249590000,250410000,2500000000,25,120,145,-9910000,9910000,0,1,1,2
1_908,1622110000,877890000,2500000000,20,120,140,1597660000,902340000,2500000000,21,124,145,-24450000,24450000,0,1,4,5
1_909,1966460000,533540000,2500000000,22,119,141,1955850000,544150000,2500000000,28,134,162,-10610000,10610000,0,6,15,21
1_910,2211220000,288780000,2500000000,21,108,129,2170330000,329670000,2500000000,22,111,133,-40890000,40890000,0,1,3,4
1_911,2194050000,305950000,2500000000,19,95,114,2139800000,360200000,2500000000,18,97,115,-54250000,54250000,0,-1,2,1
1_912,2254380000,245620000,2500000000,21,105,126,2236170000,263830000,2500000000,22,113,135,-18210000,18210000,0,1,8,9
1_913,1972970000,527030000,2500000000,19,104,123,1916620000,583380000,2500000000,21,114,135,-56350000,56350000,0,2,10,12
1_914,1503640000,996360000,2500000000,17,113,130,1505190000,994810000,2500000000,18,102,120,1550000,-1550000,0,1,-11,-10
1_915,1689610000,810390000,2500000000,17,108,125,1729190000,770810000,2500000000,17,104,121,39580000,-39580000,0,0,-4,-4
1_916,390320000,2109680000,2500000000,9,94,103,439960000,2060040000,2500000000,6,85,91,49640000,-49640000,0,-3,-9,-12
1_917,1219650000,1280350000,2500000000,14,117,131,1266270000,1233730000,2500000000,14,104,118,46620000,-46620000,0,0,-13,-13
1_918,410360000,2089640000,2500000000,9,80,89,438810000,2061190000,2500000000,13,88,101,28450000,-28450000,0,4,8,12
1_919,555910000,1944090000,2500000000,10,100,110,615270000,1884730000,2500000000,9,90,99,59360000,-59360000,0,-1,-10,-11
1_920,730950000,1769050000,2500000000,13,110,123,725360000,1774640000,2500000000,6,98,104,-5590000,5590000,0,-7,-12,-19
1_921,1900530000,599470000,2500000000,18,129,147,1929610000,570390000,2500000000,11,98,109,29080000,-29080000,0,-7,-31,-38
1_922,1894420000,605580000,2500000000,14,108,122,1833880000,666120000,2500000000,11,102,113,-60540000,60540000,0,-3,-6,-9
1_923,2024450000,475550000,2500000000,13,108,121,2017500000,482500000,2500000000,13,110,123,-6950000,6950000,0,0,2,2
1_924,2126010000,373990000,2500000000,13,95,108,2107700000,392300000,2500000000,13,96,109,-18310000,18310000,0,0,1,1
1_925,1683000000,817000000,2500000000,17,114,131,1673950000,826050000,2500000000,21,130,151,-9050000,9050000,0,4,16,20
1_926,2080640000,419360000,2500000000,15,119,134,2057680000,442320000,2500000000,17,119,136,-22960000,22960000,0,2,0,2
1_927,1159170000,1340830000,2500000000,16,126,142,1160490000,1339510000,2500000000,17,120,137,1320000,-1320000,0,1,-6,-5
1_928,1847030000,652970000,2500000000,12,97,109,1848080000,651920000,2500000000,10,103,113,1050000,-1050000,0,-2,6,4
1_929,1607910000,892090000,2500000000,21,113,134,1605720000,894280000,2500000000,23,126,149,-2190000,2190000,0,2,13,15
1_930,1576020000,923980000,2500000000,18,121,139,1588240000,911760000,2500000000,22,133,155,12220000,-12220000,0,4,12,16
1_931,1028000000,1472000000,2500000000,18,133,151,1048770000,1451230000,2500000000,18,136,154,20770000,-20770000,0,0,3,3
1_932,1246210000,1253790000,2500000000,23,137,160,1254320000,1245680000,2500000000,25,139,164,8110000,-8110000,0,2,2,4
1_933,2231910000,268090000,2500000000,20,107,127,2212820000,287180000,2500000000,19,106,125,-19090000,19090000,0,-1,-1,-2
1_934,1620770000,879230000,2500000000,17,107,124,1612020000,887980000,2500000000,22,117,139,-8750000,8750000,0,5,10,15
1_935,1654870000,845130000,2500000000,18,107,125,1687380000,812620000,2500000000,22,115,137,32510000,-32510000,0,4,8,12
1_936,1104410000,1395590000,2500000000,19,123,142,1108100000,1391900000,2500000000,22,122,144,3690000,-3690000,0,3,-1,2
1_937,844750000,1655250000,2500000000,9,91,100,918510000,1581490000,2500000000,12,104,116,73760000,-73760000,0,3,13,16
1_938,1542850000,941790000,2484640000,9,79,88,1568000000,916640000,2484640000,7,80,87,25150000,-25150000,0,-2,1,-1
1_939,262440000,2237560000,2500000000,6,75,81,479110000,2020890000,2500000000,8,87,95,216670000,-216670000,0,2,12,14
1_940,483830000,2016170000,2500000000,4,66,70,571350000,1928650000,2500000000,6,79,85,87520000,-87520000,0,2,13,15
1_941,2336270000,163730000,2500000000,11,79,90,2345420000,154580000,2500000000,10,95,105,9150000,-9150000,0,-1,16,15
1_942,2123690000,376310000,2500000000,15,107,122,2090720000,409280000,2500000000,13,107,120,-32970000,32970000,0,-2,0,-2
1_943,1653790000,846210000,2500000000,13,96,109,1663270000,836730000,2500000000,16,99,115,9480000,-9480000,0,3,3,6
1_944,2016900000,483100000,2500000000,9,75,84,2062930000,437070000,2500000000,9,88,97,46030000,-46030000,0,0,13,13
1_945,1314530000,1185470000,2500000000,16,112,128,1288070000,1211930000,2500000000,16,115,131,-26460000,26460000,0,0,3,3
1_946,1130600000,1369400000,2500000000,11,103,114,1135810000,1364190000,2500000000,13,104,117,5210000,-5210000,0,2,1,3
1_947,1516980000,983020000,2500000000,18,112,130,1536070000,963930000,2500000000,15,118,133,19090000,-19090000,0,-3,6,3
1_948,1193410000,1306590000,2500000000,22,128,150,1195250000,1304750000,2500000000,16,114,130,1840000,-1840000,0,-6,-14,-20
1_949,1620260000,879740000,2500000000,18,120,138,1626390000,873610000,2500000000,15,114,129,6130000,-6130000,0,-3,-6,-9
1_950,1203440000,1296560000,2500000000,17,127,144,1237010000,1262990000,2500000000,16,126,142,33570000,-33570000,0,-1,-1,-2
1_951,1026300000,1473700000,2500000000,13,113,126,1037630000,1462370000,2500000000,16,120,136,11330000,-11330000,0,3,7,10
1_952,1152580000,1347420000,2500000000,22,132,154,1230960000,1269040000,2500000000,23,135,158,78380000,-78380000,0,1,3,4
1_953,1100930000,1399070000,2500000000,16,118,134,1234030000,1265970000,2500000000,17,119,136,133100000,-133100000,0,1,1,2
1_954,961150000,1538850000,2500000000,21,145,166,977280000,1522720000,2500000000,26,147,173,16130000,-16130000,0,5,2,7
1_955,842960000,1657040000,2500000000,14,114,128,859520000,1640480000,2500000000,17,127,144,16560000,-16560000,0,3,13,16
1_956,510560000,1989440000,2500000000,11,120,131,562730000,1937270000,2500000000,21,134,155,52170000,-52170000,0,10,14,24
1_957,816840000,1683160000,2500000000,10,107,117,870050000,1629950000,2500000000,15,119,134,53210000,-53210000,0,5,12,17
1_958,764270000,1735730000,2500000000,19,139,158,764870000,1735130000,2500000000,25,148,173,600000,-600000,0,6,9,15
1_959,2045570000,454430000,2500000000,19,104,123,2047160000,452840000,2500000000,19,124,143,1590000,-1590000,0,0,20,20
1_960,2277900000,222100000,2500000000,18,101,119,2284220000,215780000,2500000000,17,118,135,6320000,-6320000,0,-1,17,16
1_961,1260430000,1239570000,2500000000,12,101,113,1302610000,1197390000,2500000000,9,86,95,42180000,-42180000,0,-3,-15,-18
1_962,1840690000,659310000,2500000000,10,78,88,1828260000,671740000,2500000000,13,81,94,-12430000,12430000,0,3,3,6
1_963,891610000,1608390000,2500000000,13,106,119,950230000,1549770000,2500000000,17,114,131,58620000,-58620000,0,4,8,12
1_964,1502440000,997560000,2500000000,18,113,131,1495800000,1004200000,2500000000,18,119,137,-6640000,6640000,0,0,6,6
1_965,770570000,1729430000,2500000000,20,120,140,783850000,1716150000,2500000000,20,123,143,13280000,-13280000,0,0,3,3
1_966,955000000,1545000000,2500000000,14,118,132,990760000,1509240000,2500000000,13,117,130,35760000,-35760000,0,-1,-1,-2
1_967,549820000,1950180000,2500000000,20,135,155,582270000,1917730000,2500000000,22,136,158,32450000,-32450000,0,2,1,3
1_968,1236170000,1263830000,2500000000,19,131,150,1246750000,1253250000,2500000000,21,126,147,10580000,-10580000,0,2,-5,-3
1_969,1814830000,685170000,2500000000,24,129,153,1821340000,678660000,2500000000,21,133,154,6510000,-6510000,0,-3,4,1
1_970,1176330000,1323670000,2500000000,27,144,171,1174600000,1325400000,2500000000,27,150,177,-1730000,1730000,0,0,6,6
1_971,1051870000,1448130000,2500000000,23,130,153,1049690000,1450310000,2500000000,24,144,168,-2180000,2180000,0,1,14,15
1_972,1698250000,405030000,2103280000,19,124,143,1696850000,406430000,2103280000,17,116,133,-1400000,1400000,0,-2,-8,-10
1_973,561560000,1938440000,2500000000,13,118,131,504160000,1995840000,2500000000,18,117,135,-57400000,57400000,0,5,-1,4
1_974,822920000,1677080000,2500000000,18,127,145,821280000,1678720000,2500000000,27,129,156,-1640000,1640000,0,9,2,11
1_975,660610000,1839390000,2500000000,16,123,139,679410000,1820590000,2500000000,22,121,143,18800000,-18800000,0,6,-2,4
1_976,892570000,1607430000,2500000000,18,118,136,1026220000,1473780000,2500000000,23,122,145,133650000,-133650000,0,5,4,9
1_977,1217210000,1282790000,2500000000,21,138,159,1186140000,1313860000,2500000000,26,140,166,-31070000,31070000,0,5,2,7
1_978,742090000,1757910000,2500000000,18,134,152,695560000,1804440000,2500000000,24,134,158,-46530000,46530000,0,6,0,6
1_979,1082400000,1417600000,2500000000,24,141,165,1084800000,1415200000,2500000000,22,130,152,2400000,-2400000,0,-2,-11,-13
1_980,1719960000,780040000,2500000000,22,137,159,1694120000,805880000,2500000000,20,117,137,-25840000,25840000,0,-2,-20,-22
1_981,1512010000,987990000,2500000000,23,132,155,1513420000,986580000,2500000000,23,142,165,1410000,-1410000,0,0,10,10
1_982,1309960000,1190040000,2500000000,22,137,159,1295910000,1204090000,2500000000,24,138,162,-14050000,14050000,0,2,1,3
1_983,1293860000,1206140000,2500000000,22,138,160,1297100000,1202900000,2500000000,27,145,172,3240000,-3240000,0,5,7,12
1_984,1120730000,1379270000,2500000000,21,139,160,1134730000,1365270000,2500000000,22,135,157,14000000,-14000000,0,1,-4,-3
1_985,573400000,1926600000,2500000000,17,129,146,474330000,2025670000,2500000000,22,136,158,-99070000,99070000,0,5,7,12
1_986,418780000,2081220000,2500000000,16,127,143,354480000,2145520000,2500000000,24,133,157,-64300000,64300000,0,8,6,14
1_987,926910000,1573090000,2500000000,17,125,142,855350000,1644650000,2500000000,21,130,151,-71560000,71560000,0,4,5,9
1_988,1164450000,1335550000,2500000000,17,130,147,1161610000,1338390000,2500000000,19,135,154,-2840000,2840000,0,2,5,7
1_989,1129460000,1370540000,2500000000,16,130,146,1139290000,1360710000,2500000000,23,136,159,9830000,-9830000,0,7,6,13
1_990,923590000,1576410000,2500000000,15,126,141,908640000,1591360000,2500000000,23,142,165,-14950000,14950000,0,8,16,24
1_991,1317910000,1182090000,2500000000,19,135,154,1331970000,1168030000,2500000000,21,136,157,14060000,-14060000,0,2,1,3
1_992,740370000,1759630000,2500000000,19,141,160,711050000,1788950000,2500000000,24,143,167,-29320000,29320000,0,5,2,7
1_993,478950000,2021050000,2500000000,18,132,150,451380000,2048620000,2500000000,20,137,157,-27570000,27570000,0,2,5,7
1_994,950770000,1549230000,2500000000,22,141,163,929380000,1570620000,2500000000,23,136,159,-21390000,21390000,0,1,-5,-4
1_995,407850000,2092150000,2500000000,19,138,157,428550000,2071450000,2500000000,22,143,165,20700000,-20700000,0,3,5,8
1_996,993510000,1506490000,2500000000,21,128,149,982050000,1517950000,2500000000,24,141,165,-11460000,11460000,0,3,13,16
1_997,2125560000,183640000,2309200000,21,128,149,2118660000,190540000,2309200000,21,120,141,-6900000,6900000,0,0,-8,-8
1_998,1545380000,954620000,2500000000,27,138,165,1542390000,957610000,2500000000,24,146,170,-2990000,2990000,0,-3,8,5
1_999,1389640000,452040000,1841680000,13,116,129,1389400000,452280000,1841680000,19,112,131,-240000,240000,0,6,-4,2
1_1000,1140820000,1359180000,2500000000,16,109,125,1196690000,1303310000,2500000000,20,122,142,55870000,-55870000,0,4,13,17
1_1001,719460000,1780540000,2500000000,20,117,137,809080000,1690920000,2500000000,26,128,154,89620000,-89620000,0,6,11,17
1_1002,1434260000,1065740000,2500000000,19,118,137,1427800000,1072200000,2500000000,19,119,138,-6460000,6460000,0,0,1,1
1_1003,1022530000,1477470000,2500000000,19,117,136,1037710000,1462290000,2500000000,25,123,148,15180000,-15180000,0,6,6,12
1_1004,1093360000,1406640000,2500000000,24,138,162,1101400000,1398600000,2500000000,30,145,175,8040000,-8040000,0,6,7,13
1_1005,1560010000,939990000,2500000000,27,144,171,1572840000,927160000,2500000000,27,157,184,12830000,-12830000,0,0,13,13
1_1006,1012040000,1487960000,2500000000,21,139,160,1018210000,1481790000,2500000000,24,135,159,6170000,-6170000,0,3,-4,-1
1_1007,1259860000,1240140000,2500000000,28,154,182,1258510000,1241490000,2500000000,29,151,180,-1350000,1350000,0,1,-3,-2
1_1008,624940000,1875060000,2500000000,19,139,158,627050000,1872950000,2500000000,24,143,167,2110000,-2110000,0,5,4,9
1_1009,1368770000,1131230000,2500000000,20,132,152,1372620000,1127380000,2500000000,24,138,162,3850000,-3850000,0,4,6,10
1_1010,715540000,1784460000,2500000000,16,134,150,723170000,1776830000,2500000000,23,139,162,7630000,-7630000,0,7,5,12
1_1011,951370000,1548630000,2500000000,20,136,156,955770000,1544230000,2500000000,23,136,159,4400000,-4400000,0,3,0,3
1_1012,913410000,1586590000,2500000000,19,135,154,873790000,1626210000,2500000000,24,137,161,-39620000,39620000,0,5,2,7
1_1013,1312340000,1187660000,2500000000,21,139,160,1281610000,1218390000,2500000000,23,140,163,-30730000,30730000,0,2,1,3
1_1014,1026360000,1473640000,2500000000,22,142,164,984410000,1515590000,2500000000,26,144,170,-41950000,41950000,0,4,2,6
1_1015,1368990000,1131010000,2500000000,21,138,159,1371650000,1128350000,2500000000,21,138,159,2660000,-2660000,0,0,0,0
1_1016,1428340000,1071660000,2500000000,19,139,158,1422620000,1077380000,2500000000,22,138,160,-5720000,5720000,0,3,-1,2
1_1017,1231440000,1268560000,2500000000,17,127,144,1183700000,1316300000,2500000000,26,145,171,-47740000,47740000,0,9,18,27
1_1018,1593250000,906750000,2500000000,16,132,148,1599970000,900030000,2500000000,23,142,165,6720000,-6720000,0,7,10,17
1_1019,1423280000,1076720000,2500000000,18,139,157,1391010000,1108990000,2500000000,25,141,166,-32270000,32270000,0,7,2,9
1_1020,1109660000,1390340000,2500000000,22,140,162,1121740000,1378260000,2500000000,24,149,173,12080000,-12080000,0,2,9,11
1_1021,992870000,1507130000,2500000000,19,137,156,979710000,1520290000,2500000000,23,146,169,-13160000,13160000,0,4,9,13
1_1022,901610000,1598390000,2500000000,24,149,173,950600000,1549400000,2500000000,21,143,164,48990000,-48990000,0,-3,-6,-9
1_1023,850750000,1649250000,2500000000,21,154,175,881010000,1618990000,2500000000,25,152,177,30260000,-30260000,0,4,-2,2
1_1024,1254790000,1245210000,2500000000,20,131,151,1265270000,1234730000,2500000000,24,149,173,10480000,-10480000,0,4,18,22
1_1025,579030000,1920970000,2500000000,22,141,163,577400000,1922600000,2500000000,22,143,165,-1630000,1630000,0,0,2,2
1_1026,1849510000,650490000,2500000000,24,152,176,1860450000,639550000,2500000000,22,141,163,10940000,-10940000,0,-2,-11,-13
1_1027,1225300000,1274700000,2500000000,21,154,175,1229540000,1270460000,2500000000,25,144,169,4240000,-4240000,0,4,-10,-6
1_1028,1290440000,90080000,1380520000,14,125,139,1295810000,84710000,1380520000,18,123,141,5370000,-5370000,0,4,-2,2
1_1029,1599650000,688370000,2288020000,21,140,161,1603690000,684330000,2288020000,22,135,157,4040000,-4040000,0,1,-5,-4
1_1030,1285050000,1214950000,2500000000,17,123,140,1372010000,1127990000,2500000000,20,133,153,86960000,-86960000,0,3,10,13
1_1031,1307500000,1192500000,2500000000,19,116,135,1373110000,1126890000,2500000000,22,122,144,65610000,-65610000,0,3,6,9
1_1032,598710000,1901290000,2500000000,14,123,137,644660000,1855340000,2500000000,22,128,150,45950000,-45950000,0,8,5,13
1_1033,1451830000,1048170000,2500000000,20,121,141,1503480000,996520000,2500000000,20,128,148,51650000,-51650000,0,0,7,7
1_1034,1079510000,1420490000,2500000000,17,132,149,1083850000,1416150000,2500000000,23,135,158,4340000,-4340000,0,6,3,9
1_1035,1079890000,1420110000,2500000000,22,138,160,1085960000,1414040000,2500000000,22,134,156,6070000,-6070000,0,0,-4,-4
1_1036,1089770000,1410230000,2500000000,16,130,146,1099780000,1400220000,2500000000,25,138,163,10010000,-10010000,0,9,8,17
1_1037,778780000,1721220000,2500000000,22,136,158,783100000,1716900000,2500000000,28,141,169,4320000,-4320000,0,6,5,11
1_1038,724170000,1775830000,2500000000,19,141,160,727380000,1772620000,2500000000,25,146,171,3210000,-3210000,0,6,5,11
1_1039,860000000,1640000000,2500000000,21,141,162,865800000,1634200000,2500000000,24,143,167,5800000,-5800000,0,3,2,5
1_1040,984910000,1515090000,2500000000,25,148,173,994140000,1505860000,2500000000,25,141,166,9230000,-9230000,0,0,-7,-7
1_1041,924810000,1575190000,2500000000,21,144,165,928940000,1571060000,2500000000,24,143,167,4130000,-4130000,0,3,-1,2
1_1042,1329000000,1171000000,2500000000,19,133,152,1326480000,1173520000,2500000000,22,133,155,-2520000,2520000,0,3,0,3
1_1043,1524040000,975960000,2500000000,21,139,160,1531270000,968730000,2500000000,25,135,160,7230000,-7230000,0,4,-4,0
1_1044,724670000,1775330000,2500000000,19,140,159,737110000,1762890000,2500000000,23,139,162,12440000,-12440000,0,4,-1,3
1_1045,1138590000,1361410000,2500000000,19,139,158,1170460000,1329540000,2500000000,22,142,164,31870000,-31870000,0,3,3,6
1_1046,1505980000,994020000,2500000000,17,134,151,1527940000,972060000,2500000000,18,137,155,21960000,-21960000,0,1,3,4
1_1047,1376770000,1123230000,2500000000,21,134,155,1423730000,1076270000,2500000000,20,133,153,46960000,-46960000,0,-1,-1,-2
1_1048,1029580000,1470420000,2500000000,18,143,161,1032160000,1467840000,2500000000,17,134,151,2580000,-2580000,0,-1,-9,-10
1_1049,989480000,1510520000,2500000000,19,142,161,1018040000,1481960000,2500000000,21,140,161,28560000,-28560000,0,2,-2,0
1_1050,1072040000,1427960000,2500000000,19,144,163,1092530000,1407470000,2500000000,23,134,157,20490000,-20490000,0,4,-10,-6
1_1051,1361570000,1138430000,2500000000,18,141,159,1387910000,1112090000,2500000000,21,143,164,26340000,-26340000,0,3,2,5
1_1052,1665030000,834970000,2500000000,21,143,164,1699310000,800690000,2500000000,21,137,158,34280000,-34280000,0,0,-6,-6
1_1053,1328200000,1171800000,2500000000,18,139,157,1351660000,1148340000,2500000000,21,137,158,23460000,-23460000,0,3,-2,1
1_1054,912160000,1587840000,2500000000,17,129,146,954690000,1545310000,2500000000,22,138,160,42530000,-42530000,0,5,9,14
1_1055,907650000,1592350000,2500000000,21,139,160,963810000,1536190000,2500000000,21,137,158,56160000,-56160000,0,0,-2,-2
1_1056,1203980000,1296020000,2500000000,15,126,141,1265070000,1234930000,2500000000,20,131,151,61090000,-61090000,0,5,5,10
1_1057,1540680000,959320000,2500000000,18,128,146,1611130000,888870000,2500000000,22,138,160,70450000,-70450000,0,4,10,14
1_1058,1158600000,1341400000,2500000000,20,135,155,1206940000,1293060000,2500000000,21,138,159,48340000,-48340000,0,1,3,4
1_1059,1782230000,633310000,2415540000,22,136,158,1805630000,609910000,2415540000,22,139,161,23400000,-23400000,0,0,3,3
1_1060,1350300000,1149700000,2500000000,19,132,151,1376330000,1123670000,2500000000,19,130,149,26030000,-26030000,0,0,-2,-2
1_1061,559720000,1940280000,2500000000,19,129,148,602910000,1897090000,2500000000,24,141,165,43190000,-43190000,0,5,12,17
1_1062,594640000,1905360000,2500000000,22,141,163,601400000,1898600000,2500000000,25,146,171,6760000,-6760000,0,3,5,8
1_1063,1074200000,1425800000,2500000000,21,153,174,1102610000,1397390000,2500000000,21,137,158,28410000,-28410000,0,0,-16,-16
1_1064,451180000,2048820000,2500000000,23,147,170,491150000,2008850000,2500000000,26,139,165,39970000,-39970000,0,3,-8,-5
1_1065,1274270000,1225730000,2500000000,18,130,148,1277920000,1222080000,2500000000,22,134,156,3650000,-3650000,0,4,4,8
1_1066,485890000,2014110000,2500000000,26,153,179,492290000,2007710000,2500000000,29,149,178,6400000,-6400000,0,3,-4,-1
1_1067,821390000,1678610000,2500000000,23,146,169,825740000,1674260000,2500000000,33,147,180,4350000,-4350000,0,10,1,11
1_1068,1024430000,1475570000,2500000000,28,150,178,1042470000,1457530000,2500000000,29,147,176,18040000,-18040000,0,1,-3,-2
1_1069,1290350000,1209650000,2500000000,20,134,154,1348740000,1151260000,2500000000,24,143,167,58390000,-58390000,0,4,9,13
1_1070,1175280000,1324720000,2500000000,21,134,155,1180040000,1319960000,2500000000,25,137,162,4760000,-4760000,0,4,3,7
1_1071,840890000,1659110000,2500000000,21,136,157,849120000,1650880000,2500000000,25,148,173,8230000,-8230000,0,4,12,16
1_1072,1165780000,1334220000,2500000000,25,147,172,1167920000,1332080000,2500000000,26,142,168,2140000,-2140000,0,1,-5,-4
1_1073,623190000,1876810000,2500000000,20,144,164,626790000,1873210000,2500000000,21,143,164,3600000,-3600000,0,1,-1,0
1_1074,504430000,1995570000,2500000000,19,122,141,520380000,1979620000,2500000000,23,144,167,15950000,-15950000,0,4,22,26
1_1075,819420000,1680580000,2500000000,19,144,163,859010000,1640990000,2500000000,21,142,163,39590000,-39590000,0,2,-2,0
1_1076,831160000,1668840000,2500000000,18,141,159,826730000,1673270000,2500000000,23,135,158,-4430000,4430000,0,5,-6,-1
1_1077,555970000,1944030000,2500000000,20,151,171,559750000,1940250000,2500000000,20,146,166,3780000,-3780000,0,0,-5,-5
1_1078,640470000,1859530000,2500000000,20,140,160,648050000,1851950000,2500000000,21,143,164,7580000,-7580000,0,1,3,4
1_1079,486920000,2013080000,2500000000,18,146,164,497340000,2002660000,2500000000,20,141,161,10420000,-10420000,0,2,-5,-3
1_1080,805470000,1694530000,2500000000,20,146,166,824170000,1675830000,2500000000,21,144,165,18700000,-18700000,0,1,-2,-1
1_1081,881270000,1618730000,2500000000,17,148,165,918660000,1581340000,2500000000,21,142,163,37390000,-37390000,0,4,-6,-2
1_1082,791770000,1708230000,2500000000,17,140,157,825020000,1674980000,2500000000,19,139,158,33250000,-33250000,0,2,-1,1
1_1083,613080000,1886920000,2500000000,17,138,155,643080000,1856920000,2500000000,19,136,155,30000000,-30000000,0,2,-2,0
1_1084,575090000,1924910000,2500000000,17,126,143,591890000,1908110000,2500000000,20,134,154,16800000,-16800000,0,3,8,11
1_1085,1596530000,903470000,2500000000,20,124,144,1677710000,822290000,2500000000,20,130,150,81180000,-81180000,0,0,6,6
1_1086,1292270000,1207730000,2500000000,17,136,153,1336250000,1163750000,2500000000,20,136,156,43980000,-43980000,0,3,0,3
1_1087,1699740000,800260000,2500000000,21,139,160,1719880000,780120000,2500000000,20,136,156,20140000,-20140000,0,-1,-3,-4
1_1088,804330000,1695670000,2500000000,22,141,163,833580000,1666420000,2500000000,19,134,153,29250000,-29250000,0,-3,-7,-10
1_1089,622790000,1877210000,2500000000,18,128,146,658860000,1841140000,2500000000,22,127,149,36070000,-36070000,0,4,-1,3
1_1090,170630000,2329370000,2500000000,15,133,148,210950000,2289050000,2500000000,24,128,152,40320000,-40320000,0,9,-5,4
1_1091,1870440000,618850000,2489290000,16,118,134,1908300000,580990000,2489290000,24,132,156,37860000,-37860000,0,8,14,22
1_1092,1771160000,728840000,2500000000,26,130,156,1768280000,731720000,2500000000,34,139,173,-2880000,2880000,0,8,9,17
1_1093,1248810000,1251190000,2500000000,27,135,162,1251940000,1248060000,2500000000,23,138,161,3130000,-3130000,0,-4,3,-1
1_1094,2059210000,440790000,2500000000,29,126,155,2055170000,444830000,2500000000,29,135,164,-4040000,4040000,0,0,9,9
1_1095,1913810000,279730000,2193540000,25,131,156,1915000000,278540000,2193540000,28,138,166,1190000,-1190000,0,3,7,10
1_1096,2260790000,239210000,2500000000,21,121,142,2256400000,243600000,2500000000,20,129,149,-4390000,4390000,0,-1,8,7
1_1097,2183920000,316080000,2500000000,22,123,145,2175930000,324070000,2500000000,20,129,149,-7990000,7990000,0,-2,6,4
1_1098,1210140000,1289860000,2500000000,22,127,149,1218710000,1281290000,2500000000,28,139,167,8570000,-8570000,0,6,12,18
1_1099,1978120000,521880000,2500000000,20,121,141,1970930000,529070000,2500000000,21,131,152,-7190000,7190000,0,1,10,11
1_1100,2174080000,325920000,2500000000,21,117,138,2173940000,326060000,2500000000,25,131,156,-140000,140000,0,4,14,18
1_1101,2288640000,211360000,2500000000,19,117,136,2287830000,212170000,2500000000,23,130,153,-810000,810000,0,4,13,17
1_1102,2451130000,48870000,2500000000,20,104,124,2444720000,55280000,2500000000,19,113,132,-6410000,6410000,0,-1,9,8
1_1103,2317130000,182870000,2500000000,21,113,134,2311120000,188880000,2500000000,22,127,149,-6010000,6010000,0,1,14,15
1_1104,2483980000,16020000,2500000000,25,102,127,2479570000,20430000,2500000000,26,107,133,-4410000,4410000,0,1,5,6
1_1105,2481110000,18890000,2500000000,23,101,124,2478110000,21890000,2500000000,24,110,134,-3000000,3000000,0,1,9,10
1_1106,2489500000,10500000,2500000000,34,115,149,2486460000,13540000,2500000000,30,113,143,-3040000,3040000,0,-4,-2,-6
1_1107,2495240000,4760000,2500000000,34,90,124,2495240000,4760000,2500000000,25,92,117,0,0,0,-9,2,-7
1_1108,2485620000,14380000,2500000000,35,96,131,2484920000,15080000,2500000000,34,100,134,-700000,700000,0,-1,4,3
1_1109,2351230000,148770000,2500000000,20,126,146,2337720000,162280000,2500000000,22,127,149,-13510000,13510000,0,2,1,3
1_1110,1744230000,755770000,2500000000,24,136,160,1739360000,760640000,2500000000,26,138,164,-4870000,4870000,0,2,2,4
1_1111,2332720000,167280000,2500000000,21,125,146,2324920000,175080000,2500000000,24,129,153,-7800000,7800000,0,3,4,7
1_1112,1984490000,515510000,2500000000,33,139,172,1979940000,520060000,2500000000,34,144,178,-4550000,4550000,0,1,5,6
1_1113,2344740000,155260000,2500000000,22,123,145,2343770000,156230000,2500000000,25,124,149,-970000,970000,0,3,1,4
1_1114,2306520000,193480000,2500000000,23,128,151,2300660000,199340000,2500000000,23,130,153,-5860000,5860000,0,0,2,2
1_1115,2241060000,258940000,2500000000,19,116,135,2233640000,266360000,2500000000,24,129,153,-7420000,7420000,0,5,13,18
1_1116,2330770000,169230000,2500000000,19,123,142,2322560000,177440000,2500000000,22,129,151,-8210000,8210000,0,3,6,9
1_1117,1317730000,1182270000,2500000000,21,131,152,1313920000,1186080000,2500000000,27,139,166,-3810000,3810000,0,6,8,14
1_1118,1892600000,607400000,2500000000,20,121,141,1887540000,612460000,2500000000,28,132,160,-5060000,5060000,0,8,11,19
1_1119,1959490000,540510000,2500000000,23,132,155,1958210000,541790000,2500000000,29,134,163,-1280000,1280000,0,6,2,8
1_1120,2146820000,353180000,2500000000,20,117,137,2143720000,356280000,2500000000,26,135,161,-3100000,3100000,0,6,18,24
1_1121,2137800000,362200000,2500000000,24,120,144,2131370000,368630000,2500000000,28,134,162,-6430000,6430000,0,4,14,18
1_1122,2263920000,236080000,2500000000,23,118,141,2261630000,238370000,2500000000,23,132,155,-2290000,2290000,0,0,14,14
1_1123,2141810000,358190000,2500000000,24,121,145,2135750000,364250000,2500000000,28,139,167,-6060000,6060000,0,4,18,22
1_1124,2219570000,280430000,2500000000,24,123,147,2209450000,290550000,2500000000,27,134,161,-10120000,10120000,0,3,11,14
1_1125,2438010000,61990000,2500000000,22,103,125,2437670000,62330000,2500000000,19,104,123,-340000,340000,0,-3,1,-2
1_1126,2309900000,190100000,2500000000,21,114,135,2309220000,190780000,2500000000,24,122,146,-680000,680000,0,3,8,11
1_1127,2480010000,19990000,2500000000,19,108,127,2478690000,21310000,2500000000,21,124,145,-1320000,1320000,0,2,16,18
1_1128,2442590000,57410000,2500000000,20,107,127,2441970000,58030000,2500000000,19,121,140,-620000,620000,0,-1,14,13
1_1129,2459150000,40850000,2500000000,24,103,127,2448400000,51600000,2500000000,22,112,134,-10750000,10750000,0,-2,9,7
1_1130,2459750000,40250000,2500000000,24,101,125,2458620000,41380000,2500000000,24,118,142,-1130000,1130000,0,0,17,17
1_1131,2403750000,96250000,2500000000,28,115,143,2393340000,106660000,2500000000,27,129,156,-10410000,10410000,0,-1,14,13
1_1132,2492820000,7180000,2500000000,30,96,126,2491870000,8130000,2500000000,26,82,108,-950000,950000,0,-4,-14,-18
1_1133,2495650000,4350000,2500000000,24,99,123,2495650000,4350000,2500000000,24,85,109,0,0,0,0,-14,-14
1_1134,2478750000,21250000,2500000000,25,101,126,2476450000,23550000,2500000000,22,97,119,-2300000,2300000,0,-3,-4,-7
1_1135,2498920000,1080000,2500000000,24,99,123,2498210000,1790000,2500000000,21,88,109,-710000,710000,0,-3,-11,-14
1_1136,2498740000,1260000,2500000000,31,98,129,2492280000,7720000,2500000000,30,87,117,-6460000,6460000,0,-1,-11,-12
1_1137,2484630000,15370000,2500000000,31,100,131,2479640000,20360000,2500000000,31,99,130,-4990000,4990000,0,0,-1,-1
1_1138,2340680000,159320000,2500000000,28,105,133,2338390000,161610000,2500000000,25,107,132,-2290000,2290000,0,-3,2,-1
1_1139,2481550000,18450000,2500000000,25,99,124,2477190000,22810000,2500000000,26,101,127,-4360000,4360000,0,1,2,3
1_1140,2432880000,67120000,2500000000,33,106,139,2426080000,73920000,2500000000,30,115,145,-6800000,6800000,0,-3,9,6
1_1141,2431050000,68950000,2500000000,20,123,143,2425450000,74550000,2500000000,20,120,140,-5600000,5600000,0,0,-3,-3
1_1142,2262400000,237530000,2499930000,31,134,165,2258550000,241380000,2499930000,34,149,183,-3850000,3850000,0,3,15,18
1_1143,1979340000,519230000,2498570000,32,141,173,1974910000,523660000,2498570000,34,152,186,-4430000,4430000,0,2,11,13
1_1144,2331070000,168930000,2500000000,18,116,134,2328110000,171890000,2500000000,21,125,146,-2960000,2960000,0,3,9,12
1_1145,2441350000,58650000,2500000000,19,120,139,2439620000,60380000,2500000000,20,126,146,-1730000,1730000,0,1,6,7
1_1146,2373490000,126510000,2500000000,28,129,157,2371830000,128170000,2500000000,29,134,163,-1660000,1660000,0,1,5,6
1_1147,2330830000,169170000,2500000000,28,129,157,2329190000,170810000,2500000000,26,134,160,-1640000,1640000,0,-2,5,3
1_1148,1317530000,1182470000,2500000000,22,125,147,1317100000,1182900000,2500000000,28,137,165,-430000,430000,0,6,12,18
1_1149,2299420000,200580000,2500000000,20,116,136,2294530000,205470000,2500000000,25,127,152,-4890000,4890000,0,5,11,16
1_1150,2040470000,459530000,2500000000,32,130,162,2035810000,464190000,2500000000,33,135,168,-4660000,4660000,0,1,5,6
1_1151,1520910000,979090000,2500000000,25,126,151,1511060000,988940000,2500000000,29,139,168,-9850000,9850000,0,4,13,17
1_1152,2149290000,350710000,2500000000,20,120,140,2147030000,352970000,2500000000,25,129,154,-2260000,2260000,0,5,9,14
1_1153,1670560000,829440000,2500000000,21,121,142,1661540000,838460000,2500000000,25,138,163,-9020000,9020000,0,4,17,21
1_1154,1987580000,512420000,2500000000,20,122,142,1983170000,516830000,2500000000,29,133,162,-4410000,4410000,0,9,11,20
1_1155,2266740000,233260000,2500000000,23,118,141,2260400000,239600000,2500000000,25,135,160,-6340000,6340000,0,2,17,19
1_1156,2304470000,195530000,2500000000,22,120,142,2292210000,207790000,2500000000,24,128,152,-12260000,12260000,0,2,8,10
1_1157,2076750000,423250000,2500000000,20,122,142,2066920000,433080000,2500000000,26,132,158,-9830000,9830000,0,6,10,16
1_1158,1668330000,831670000,2500000000,22,132,154,1665210000,834790000,2500000000,27,143,170,-3120000,3120000,0,5,11,16
1_1159,2453700000,46300000,2500000000,25,108,133,2445700000,54300000,2500000000,26,111,137,-8000000,8000000,0,1,3,4
1_1160,2330560000,169440000,2500000000,25,114,139,2323960000,176040000,2500000000,24,129,153,-6600000,6600000,0,-1,15,14
1_1161,2323360000,176640000,2500000000,23,109,132,2311170000,188830000,2500000000,24,129,153,-12190000,12190000,0,1,20,21
1_1162,2459650000,40350000,2500000000,27,109,136,2456730000,43270000,2500000000,22,106,128,-2920000,2920000,0,-5,-3,-8
1_1163,2457320000,42680000,2500000000,26,119,145,2454860000,45140000,2500000000,26,120,146,-2460000,2460000,0,0,1,1
1_1164,2392780000,107220000,2500000000,26,115,141,2387330000,112670000,2500000000,26,123,149,-5450000,5450000,0,0,8,8
1_1165,2274320000,225680000,2500000000,26,118,144,2259440000,240560000,2500000000,25,127,152,-14880000,14880000,0,-1,9,8
1_1166,2474420000,25580000,2500000000,26,100,126,2474120000,25880000,2500000000,25,91,116,-300000,300000,0,-1,-9,-10
1_1167,2476310000,23690000,2500000000,25,108,133,2475620000,24380000,2500000000,25,103,128,-690000,690000,0,0,-5,-5
1_1168,2464860000,35140000,2500000000,25,105,130,2463670000,36330000,2500000000,21,102,123,-1190000,1190000,0,-4,-3,-7
1_1169,2428110000,71890000,2500000000,25,107,132,2424310000,75690000,2500000000,23,113,136,-3800000,3800000,0,-2,6,4
1_1170,2450760000,49240000,2500000000,27,100,127,2450350000,49650000,2500000000,26,107,133,-410000,410000,0,-1,7,6
1_1171,2468020000,31980000,2500000000,27,102,129,2466070000,33930000,2500000000,26,104,130,-1950000,1950000,0,-1,2,1
1_1172,2467280000,32720000,2500000000,27,107,134,2466580000,33420000,2500000000,20,83,103,-700000,700000,0,-7,-24,-31
1_1173,2447520000,52480000,2500000000,29,109,138,2445270000,54730000,2500000000,21,97,118,-2250000,2250000,0,-8,-12,-20
1_1174,2377600000,107040000,2484640000,24,129,153,2375730000,108910000,2484640000,29,138,167,-1870000,1870000,0,5,9,14
1_1175,1966250000,533750000,2500000000,20,122,142,1950230000,549770000,2500000000,30,133,163,-16020000,16020000,0,10,11,21
1_1176,1909150000,590850000,2500000000,28,127,155,1903740000,596260000,2500000000,33,143,176,-5410000,5410000,0,5,16,21
1_1177,1577000000,923000000,2500000000,27,127,154,1576390000,923610000,2500000000,26,133,159,-610000,610000,0,-1,6,5
1_1178,2307010000,122470000,2429480000,29,125,154,2293510000,135970000,2429480000,31,134,165,-13500000,13500000,0,2,9,11
1_1179,1958710000,541290000,2500000000,23,130,153,1951430000,548570000,2500000000,29,140,169,-7280000,7280000,0,6,10,16
1_1180,1300790000,1199210000,2500000000,21,128,149,1291340000,1208660000,2500000000,28,141,169,-9450000,9450000,0,7,13,20
1_1181,2181360000,47000000,2228360000,29,126,155,2179270000,49090000,2228360000,26,125,151,-2090000,2090000,0,-3,-1,-4
1_1182,2319980000,180020000,2500000000,32,132,164,2303100000,196900000,2500000000,36,141,177,-16880000,16880000,0,4,9,13
1_1183,2405540000,94460000,2500000000,30,116,146,2400010000,99990000,2500000000,33,133,166,-5530000,5530000,0,3,17,20
1_1184,2386070000,74460000,2460530000,27,122,149,2379920000,80610000,2460530000,33,130,163,-6150000,6150000,0,6,8,14
1_1185,2391050000,108950000,2500000000,27,117,144,2384590000,115410000,2500000000,29,126,155,-6460000,6460000,0,2,9,11
1_1186,2261780000,238220000,2500000000,34,135,169,2253840000,246160000,2500000000,34,139,173,-7940000,7940000,0,0,4,4
1_1187,2488600000,11400000,2500000000,28,106,134,2490260000,9740000,2500000000,18,81,99,1660000,-1660000,0,-10,-25,-35
1_1188,2398620000,101380000,2500000000,26,109,135,2397770000,102230000,2500000000,25,117,142,-850000,850000,0,-1,8,7
1_1189,2478900000,21100000,2500000000,22,84,106,2475700000,24300000,2500000000,20,90,110,-3200000,3200000,0,-2,6,4
1_1190,2486140000,13860000,2500000000,29,89,118,2485170000,14830000,2500000000,22,92,114,-970000,970000,0,-7,3,-4
1_1191,2464570000,35430000,2500000000,25,86,111,2463500000,36500000,2500000000,21,81,102,-1070000,1070000,0,-4,-5,-9
1_1192,2468600000,31400000,2500000000,27,75,102,2468600000,31400000,2500000000,22,78,100,0,0,0,-5,3,-2
1_1193,2464820000,35180000,2500000000,30,85,115,2464210000,35790000,2500000000,28,97,125,-610000,610000,0,-2,12,10
1_1194,2490690000,9310000,2500000000,31,89,120,2490860000,9140000,2500000000,28,87,115,170000,-170000,0,-3,-2,-5
1_1195,2496630000,3370000,2500000000,32,90,122,2496630000,3370000,2500000000,28,90,118,0,0,0,-4,0,-4
1_1196,2495220000,4780000,2500000000,32,90,122,2495220000,4780000,2500000000,27,84,111,0,0,0,-5,-6,-11
1_1197,2496260000,3740000,2500000000,33,94,127,2496800000,3200000,2500000000,31,100,131,540000,-540000,0,-2,6,4
1_1198,2495750000,4250000,2500000000,15,64,79,2495500000,4500000,2500000000,17,73,90,-250000,250000,0,2,9,11
1_1199,2494380000,5620000,2500000000,29,80,109,2494380000,5620000,2500000000,21,75,96,0,0,0,-8,-5,-13
1_1200,2497750000,2250000,2500000000,32,84,116,2497750000,2250000,2500000000,30,85,115,0,0,0,-2,1,-1
1_1201,2498850000,1150000,2500000000,27,77,104,2498850000,1150000,2500000000,26,83,109,0,0,0,-1,6,5
1_1202,2449040000,50960000,2500000000,36,98,134,2448210000,51790000,2500000000,29,104,133,-830000,830000,0,-7,6,-1
1_1203,2473310000,26690000,2500000000,39,106,145,2472820000,27180000,2500000000,26,96,122,-490000,490000,0,-13,-10,-23
1_1204,2313360000,8180000,2321540000,27,92,119,2313330000,8210000,2321540000,31,93,124,-30000,30000,0,4,1,5
1_1205,2470700000,29300000,2500000000,33,90,123,2470320000,29680000,2500000000,27,93,120,-380000,380000,0,-6,3,-3
1_1206,2494610000,5390000,2500000000,34,82,116,2494220000,5780000,2500000000,31,86,117,-390000,390000,0,-3,4,1
1_1207,2494020000,5980000,2500000000,35,97,132,2494260000,5740000,2500000000,28,90,118,240000,-240000,0,-7,-7,-14
1_1208,2477480000,22520000,2500000000,30,92,122,2477430000,22570000,2500000000,19,96,115,-50000,50000,0,-11,4,-7
1_1209,2475520000,24480000,2500000000,32,100,132,2484390000,15610000,2500000000,28,107,135,8870000,-8870000,0,-4,7,3
1_1210,2481920000,18080000,2500000000,31,103,134,2481990000,18010000,2500000000,24,101,125,70000,-70000,0,-7,-2,-9
1_1211,2492790000,7210000,2500000000,34,97,131,2492670000,7330000,2500000000,29,78,107,-120000,120000,0,-5,-19,-24
1_1212,2496470000,3530000,2500000000,33,97,130,2493520000,6480000,2500000000,31,88,119,-2950000,2950000,0,-2,-9,-11
1_1213,2496650000,3350000,2500000000,34,100,134,2496670000,3330000,2500000000,28,80,108,20000,-20000,0,-6,-20,-26
1_1214,2496050000,3950000,2500000000,34,99,133,2495830000,4170000,2500000000,27,96,123,-220000,220000,0,-7,-3,-10
1_1215,2500000000,0,2500000000,29,76,105,2500000000,0,2500000000,24,64,88,0,0,0,-5,-12,-17
1_1216,2499530000,470000,2500000000,30,86,116,2499540000,460000,2500000000,31,87,118,10000,-10000,0,1,1,2
1_1217,2500000000,0,2500000000,32,92,124,2500000000,0,2500000000,30,70,100,0,0,0,-2,-22,-24
1_1218,2495200000,4800000,2500000000,34,99,133,2494870000,5130000,2500000000,31,98,129,-330000,330000,0,-3,-1,-4
1_1219,2496770000,3230000,2500000000,25,68,93,2496770000,3230000,2500000000,25,77,102,0,0,0,0,9,9
1_1220,2488870000,11130000,2500000000,31,79,110,2488870000,11130000,2500000000,20,73,93,0,0,0,-11,-6,-17
1_1221,2482060000,17940000,2500000000,30,81,111,2481910000,18090000,2500000000,27,87,114,-150000,150000,0,-3,6,3
1_1222,2493370000,6630000,2500000000,31,77,108,2493370000,6630000,2500000000,23,68,91,0,0,0,-8,-9,-17
1_1223,2477390000,22610000,2500000000,30,82,112,2476830000,23170000,2500000000,31,91,122,-560000,560000,0,1,9,10
1_1224,2495590000,4410000,2500000000,28,101,129,2493370000,6630000,2500000000,23,88,111,-2220000,2220000,0,-5,-13,-18
1_1225,2490840000,9160000,2500000000,28,106,134,2490530000,9470000,2500000000,22,96,118,-310000,310000,0,-6,-10,-16
1_1226,2481690000,18310000,2500000000,29,100,129,2480170000,19830000,2500000000,23,88,111,-1520000,1520000,0,-6,-12,-18
1_1227,2499380000,620000,2500000000,30,74,104,2499430000,570000,2500000000,23,77,100,50000,-50000,0,-7,3,-4
1_1228,2499700000,300000,2500000000,32,93,125,2500000000,0,2500000000,25,63,88,300000,-300000,0,-7,-30,-37
1_1229,2488140000,11860000,2500000000,16,64,80,2487220000,12780000,2500000000,13,69,82,-920000,920000,0,-3,5,2
1_1230,2338690000,161310000,2500000000,10,68,78,2311640000,188360000,2500000000,12,73,85,-27050000,27050000,0,2,5,7
1_1231,2131540000,368460000,2500000000,17,113,130,2150750000,349250000,2500000000,17,111,128,19210000,-19210000,0,0,-2,-2
1_1232,2057780000,442220000,2500000000,16,125,141,2027810000,472190000,2500000000,14,92,106,-29970000,29970000,0,-2,-33,-35
1_1233,1893460000,606540000,2500000000,22,128,150,1880710000,619290000,2500000000,16,98,114,-12750000,12750000,0,-6,-30,-36
1_1234,2343810000,156190000,2500000000,21,121,142,2338990000,161010000,2500000000,15,105,120,-4820000,4820000,0,-6,-16,-22
1_1235,2152750000,347250000,2500000000,7,80,87,2103550000,396450000,2500000000,9,63,72,-49200000,49200000,0,2,-17,-15
1_1236,1756860000,743140000,2500000000,6,64,70,1730560000,769440000,2500000000,7,65,72,-26300000,26300000,0,1,1,2
1_1237,2034600000,465400000,2500000000,15,86,101,1921790000,578210000,2500000000,13,77,90,-112810000,112810000,0,-2,-9,-11
1_1238,1753580000,746420000,2500000000,12,74,86,1671940000,828060000,2500000000,7,63,70,-81640000,81640000,0,-5,-11,-16
1_1239,1842080000,657920000,2500000000,15,117,132,1741840000,758160000,2500000000,17,96,113,-100240000,100240000,0,2,-21,-19
1_1240,1937510000,562490000,2500000000,15,95,110,1941970000,558030000,2500000000,16,84,100,4460000,-4460000,0,1,-11,-10
1_1241,2360430000,139570000,2500000000,19,101,120,2349800000,150200000,2500000000,12,78,90,-10630000,10630000,0,-7,-23,-30
1_1242,1933620000,566380000,2500000000,15,94,109,1889200000,610800000,2500000000,16,94,110,-44420000,44420000,0,1,0,1
1_1243,2299340000,200660000,2500000000,17,118,135,2242440000,257560000,2500000000,14,89,103,-56900000,56900000,0,-3,-29,-32
1_1244,1037830000,1462170000,2500000000,15,120,135,1052070000,1447930000,2500000000,14,96,110,14240000,-14240000,0,-1,-24,-25
1_1245,1749740000,750260000,2500000000,17,107,124,1761990000,738010000,2500000000,11,84,95,12250000,-12250000,0,-6,-23,-29
1_1246,2190730000,309270000,2500000000,15,99,114,1962140000,537860000,2500000000,13,83,96,-228590000,228590000,0,-2,-16,-18
1_1247,2015250000,41470000,2056720000,6,51,57,2010700000,46020000,2056720000,5,46,51,-4550000,4550000,0,-1,-5,-6
1_1248,2247880000,252120000,2500000000,9,71,80,2151020000,348980000,2500000000,7,58,65,-96860000,96860000,0,-2,-13,-15
1_1249,1877300000,622700000,2500000000,17,96,113,1857510000,642490000,2500000000,14,95,109,-19790000,19790000,0,-3,-1,-4
1_1250,2130870000,369130000,2500000000,15,95,110,2045300000,454700000,2500000000,13,86,99,-85570000,85570000,0,-2,-9,-11
1_1251,1740860000,759140000,2500000000,6,76,82,1710690000,789310000,2500000000,7,66,73,-30170000,30170000,0,1,-10,-9
1_1252,2358650000,141350000,2500000000,14,69,83,2316350000,183650000,2500000000,9,65,74,-42300000,42300000,0,-5,-4,-9
1_1253,2002190000,497810000,2500000000,24,117,141,2005610000,494390000,2500000000,22,115,137,3420000,-3420000,0,-2,-2,-4
1_1254,2222240000,277760000,2500000000,12,84,96,2196420000,303580000,2500000000,12,92,104,-25820000,25820000,0,0,8,8
1_1255,1536920000,963080000,2500000000,14,97,111,1520090000,979910000,2500000000,10,71,81,-16830000,16830000,0,-4,-26,-30
1_1256,2048400000,451600000,2500000000,8,73,81,2013020000,486980000,2500000000,8,73,81,-35380000,35380000,0,0,0,0
1_1257,445590000,2054410000,2500000000,10,89,99,455910000,2044090000,2500000000,6,79,85,10320000,-10320000,0,-4,-10,-14
1_1258,1298380000,1201620000,2500000000,15,116,131,1301490000,1198510000,2500000000,21,114,135,3110000,-3110000,0,6,-2,4
1_1259,2108670000,342090000,2450760000,8,98,106,2100690000,350070000,2450760000,17,104,121,-7980000,7980000,0,9,6,15
1_1260,2051200000,448800000,2500000000,11,75,86,2025430000,474570000,2500000000,7,68,75,-25770000,25770000,0,-4,-7,-11
1_1261,2079080000,420920000,2500000000,13,79,92,2178690000,321310000,2500000000,9,94,103,99610000,-99610000,0,-4,15,11
1_1262,2351890000,148110000,2500000000,17,116,133,2369370000,130630000,2500000000,9,103,112,17480000,-17480000,0,-8,-13,-21
1_1263,1172370000,1327630000,2500000000,16,106,122,1205100000,1294900000,2500000000,12,106,118,32730000,-32730000,0,-4,0,-4
1_1264,653760000,1846240000,2500000000,18,136,154,672840000,1827160000,2500000000,20,112,132,19080000,-19080000,0,2,-24,-22
1_1265,975000000,1525000000,2500000000,14,105,119,974710000,1525290000,2500000000,16,110,126,-290000,290000,0,2,5,7
1_1266,2437410000,62590000,2500000000,19,108,127,2403610000,96390000,2500000000,17,104,121,-33800000,33800000,0,-2,-4,-6
1_1267,594500000,1905500000,2500000000,13,115,128,585890000,1914110000,2500000000,17,115,132,-8610000,8610000,0,4,0,4
1_1268,796180000,1703820000,2500000000,23,121,144,749110000,1750890000,2500000000,21,129,150,-47070000,47070000,0,-2,8,6
1_1269,670550000,1829450000,2500000000,11,91,102,602830000,1897170000,2500000000,16,105,121,-67720000,67720000,0,5,14,19
1_1270,78450000,2421550000,2500000000,17,114,131,79810000,2420190000,2500000000,14,105,119,1360000,-1360000,0,-3,-9,-12
1_1271,465560000,2034440000,2500000000,15,121,136,468260000,2031740000,2500000000,18,122,140,2700000,-2700000,0,3,1,4
1_1272,479490000,2020510000,2500000000,18,121,139,508720000,1991280000,2500000000,22,131,153,29230000,-29230000,0,4,10,14
1_1273,708160000,1791840000,2500000000,15,120,135,742520000,1757480000,2500000000,15,120,135,34360000,-34360000,0,0,0,0
1_1274,797550000,1702450000,2500000000,15,126,141,906390000,1593610000,2500000000,22,127,149,108840000,-108840000,0,7,1,8
1_1275,695610000,1804390000,2500000000,11,122,133,796020000,1703980000,2500000000,20,120,140,100410000,-100410000,0,9,-2,7
1_1276,1040840000,1459160000,2500000000,22,136,158,1073110000,1426890000,2500000000,24,131,155,32270000,-32270000,0,2,-5,-3
1_1277,371970000,2128030000,2500000000,22,131,153,380480000,2119520000,2500000000,24,137,161,8510000,-8510000,0,2,6,8
1_1278,661820000,1838180000,2500000000,16,117,133,696340000,1803660000,2500000000,20,127,147,34520000,-34520000,0,4,10,14
1_1279,798450000,1701550000,2500000000,15,120,135,928230000,1571770000,2500000000,23,131,154,129780000,-129780000,0,8,11,19
1_1280,1273300000,1226700000,2500000000,12,98,110,1287860000,1212140000,2500000000,8,95,103,14560000,-14560000,0,-4,-3,-7
1_1281,1994920000,505080000,2500000000,11,101,112,2011940000,488060000,2500000000,12,100,112,17020000,-17020000,0,1,-1,0
1_1282,425590000,2074410000,2500000000,18,122,140,421130000,2078870000,2500000000,16,125,141,-4460000,4460000,0,-2,3,1
1_1283,361290000,2138710000,2500000000,17,122,139,404980000,2095020000,2500000000,23,127,150,43690000,-43690000,0,6,5,11
1_1284,340420000,2159580000,2500000000,20,133,153,311270000,2188730000,2500000000,18,122,140,-29150000,29150000,0,-2,-11,-13
1_1285,456230000,2043770000,2500000000,24,144,168,458370000,2041630000,2500000000,22,147,169,2140000,-2140000,0,-2,3,1
1_1286,87110000,2412890000,2500000000,13,113,126,40150000,2459850000,2500000000,14,110,124,-46960000,46960000,0,1,-3,-2
1_1287,233880000,2266120000,2500000000,23,143,166,242370000,2257630000,2500000000,16,116,132,8490000,-8490000,0,-7,-27,-34
1_1288,402300000,2097700000,2500000000,20,126,146,508080000,1991920000,2500000000,24,132,156,105780000,-105780000,0,4,6,10
1_1289,415040000,2084960000,2500000000,20,135,155,481660000,2018340000,2500000000,24,141,165,66620000,-66620000,0,4,6,10
1_1290,124070000,2375930000,2500000000,13,111,124,137720000,2362280000,2500000000,16,112,128,13650000,-13650000,0,3,1,4
1_1291,175110000,2324890000,2500000000,13,115,128,151310000,2348690000,2500000000,20,127,147,-23800000,23800000,0,7,12,19
1_1292,288450000,2211550000,2500000000,14,116,130,335880000,2164120000,2500000000,16,122,138,47430000,-47430000,0,2,6,8
1_1293,558800000,1941200000,2500000000,21,136,157,604330000,1895670000,2500000000,22,139,161,45530000,-45530000,0,1,3,4
1_1294,1835670000,664330000,2500000000,24,140,164,1832270000,667730000,2500000000,19,121,140,-3400000,3400000,0,-5,-19,-24
1_1295,1636380000,863620000,2500000000,29,152,181,1620030000,879970000,2500000000,30,156,186,-16350000,16350000,0,1,4,5
1_1296,1780390000,719610000,2500000000,16,110,126,1808580000,691420000,2500000000,18,124,142,28190000,-28190000,0,2,14,16
1_1297,1760100000,739900000,2500000000,27,148,175,1751560000,748440000,2500000000,23,123,146,-8540000,8540000,0,-4,-25,-29
1_1298,1342790000,1157210000,2500000000,12,93,105,1362130000,1137870000,2500000000,14,102,116,19340000,-19340000,0,2,9,11
1_1299,940160000,1559840000,2500000000,24,137,161,905560000,1594440000,2500000000,20,147,167,-34600000,34600000,0,-4,10,6
1_1300,1932920000,567080000,2500000000,10,102,112,1959620000,540380000,2500000000,14,99,113,26700000,-26700000,0,4,-3,1
1_1301,2235320000,264680000,2500000000,12,100,112,2245780000,254220000,2500000000,15,105,120,10460000,-10460000,0,3,5,8
1_1302,431740000,2068260000,2500000000,15,103,118,353310000,2146690000,2500000000,16,108,124,-78430000,78430000,0,1,5,6
1_1303,300340000,2199660000,2500000000,9,96,105,276140000,2223860000,2500000000,15,110,125,-24200000,24200000,0,6,14,20
1_1304,1124640000,1375360000,2500000000,13,99,112,1081460000,1418540000,2500000000,11,100,111,-43180000,43180000,0,-2,1,-1
1_1305,1577420000,922580000,2500000000,14,93,107,1455780000,1044220000,2500000000,11,97,108,-121640000,121640000,0,-3,4,1
1_1306,359810000,2140190000,2500000000,17,121,138,336710000,2163290000,2500000000,22,130,152,-23100000,23100000,0,5,9,14
1_1307,219980000,2280020000,2500000000,13,104,117,147810000,2352190000,2500000000,15,115,130,-72170000,72170000,0,2,11,13
1_1308,859590000,1640410000,2500000000,16,115,131,877500000,1622500000,2500000000,18,117,135,17910000,-17910000,0,2,2,4
1_1309,1420030000,1079970000,2500000000,12,97,109,1408730000,1091270000,2500000000,13,104,117,-11300000,11300000,0,1,7,8
1_1310,719650000,1780350000,2500000000,18,128,146,737270000,1762730000,2500000000,25,139,164,17620000,-17620000,0,7,11,18
1_1311,319830000,2180170000,2500000000,13,118,131,346170000,2153830000,2500000000,22,132,154,26340000,-26340000,0,9,14,23
1_1312,1014270000,1485730000,2500000000,14,114,128,1089480000,1410520000,2500000000,20,121,141,75210000,-75210000,0,6,7,13
1_1313,474770000,2025230000,2500000000,16,108,124,434890000,2065110000,2500000000,19,125,144,-39880000,39880000,0,3,17,20
1_1314,1300720000,1199280000,2500000000,24,153,177,1272040000,1227960000,2500000000,22,119,141,-28680000,28680000,0,-2,-34,-36
1_1315,1581650000,918350000,2500000000,15,116,131,1578310000,921690000,2500000000,15,114,129,-3340000,3340000,0,0,-2,-2
1_1316,1731490000,768510000,2500000000,23,123,146,1765730000,734270000,2500000000,16,126,142,34240000,-34240000,0,-7,3,-4
1_1317,710880000,1789120000,2500000000,19,117,136,698310000,1801690000,2500000000,13,103,116,-12570000,12570000,0,-6,-14,-20
1_1318,1649450000,850550000,2500000000,24,159,183,1701190000,798810000,2500000000,28,161,189,51740000,-51740000,0,4,2,6
1_1319,1288400000,1211600000,2500000000,16,123,139,1217240000,1282760000,2500000000,14,104,118,-71160000,71160000,0,-2,-19,-21
1_1320,2058820000,441180000,2500000000,15,112,127,2110570000,389430000,2500000000,19,132,151,51750000,-51750000,0,4,20,24
1_1321,1799650000,700350000,2500000000,27,143,170,1875890000,624110000,2500000000,23,143,166,76240000,-76240000,0,-4,0,-4
1_1322,2186390000,313610000,2500000000,26,146,172,2211950000,288050000,2500000000,24,133,157,25560000,-25560000,0,-2,-13,-15
1_1323,2004600000,495400000,2500000000,20,132,152,2025800000,474200000,2500000000,22,147,169,21200000,-21200000,0,2,15,17
1_1324,1066790000,1433210000,2500000000,25,145,170,1175550000,1324450000,2500000000,24,144,168,108760000,-108760000,0,-1,-1,-2
1_1325,504530000,1995470000,2500000000,15,109,124,377660000,2122340000,2500000000,14,122,136,-126870000,126870000,0,-1,13,12
1_1326,1825100000,674900000,2500000000,10,83,93,1759880000,740120000,2500000000,13,89,102,-65220000,65220000,0,3,6,9
1_1327,803140000,1696860000,2500000000,8,85,93,624430000,1875570000,2500000000,9,95,104,-178710000,178710000,0,1,10,11
1_1328,2139080000,360920000,2500000000,16,80,96,2136710000,363290000,2500000000,17,94,111,-2370000,2370000,0,1,14,15
1_1329,1659450000,840550000,2500000000,14,96,110,1822090000,677910000,2500000000,19,106,125,162640000,-162640000,0,5,10,15
1_1330,1723940000,776060000,2500000000,9,79,88,2064000000,436000000,2500000000,10,89,99,340060000,-340060000,0,1,10,11
1_1331,1403680000,1096320000,2500000000,18,89,107,2199880000,300120000,2500000000,16,108,124,796200000,-796200000,0,-2,19,17
1_1332,451450000,2048550000,2500000000,15,100,115,329710000,2170290000,2500000000,16,108,124,-121740000,121740000,0,1,8,9
1_1333,2026600000,473400000,2500000000,18,125,143,2020000000,480000000,2500000000,23,128,151,-6600000,6600000,0,5,3,8
1_1334,1200450000,1299550000,2500000000,18,125,143,1225590000,1274410000,2500000000,14,96,110,25140000,-25140000,0,-4,-29,-33
1_1335,2238330000,261670000,2500000000,21,130,151,2245890000,254110000,2500000000,24,137,161,7560000,-7560000,0,3,7,10
1_1336,1727790000,772210000,2500000000,17,134,151,1703830000,796170000,2500000000,17,121,138,-23960000,23960000,0,0,-13,-13
1_1337,1761640000,738360000,2500000000,24,121,145,1779230000,720770000,2500000000,18,137,155,17590000,-17590000,0,-6,16,10
1_1338,532150000,1967850000,2500000000,14,104,118,422530000,2077470000,2500000000,17,130,147,-109620000,109620000,0,3,26,29
1_1339,775290000,1724710000,2500000000,20,121,141,706490000,1793510000,2500000000,20,120,140,-68800000,68800000,0,0,-1,-1
1_1340,1683940000,816060000,2500000000,19,106,125,1563980000,936020000,2500000000,15,100,115,-119960000,119960000,0,-4,-6,-10
1_1341,906270000,1593730000,2500000000,19,136,155,914970000,1585030000,2500000000,24,141,165,8700000,-8700000,0,5,5,10
1_1342,793750000,1706250000,2500000000,28,145,173,807900000,1692100000,2500000000,28,150,178,14150000,-14150000,0,0,5,5
1_1343,1018200000,1481800000,2500000000,20,145,165,1060170000,1439830000,2500000000,21,136,157,41970000,-41970000,0,1,-9,-8
1_1344,1044900000,1455100000,2500000000,24,148,172,1038900000,1461100000,2500000000,28,145,173,-6000000,6000000,0,4,-3,1
1_1345,660970000,1839030000,2500000000,16,136,152,674310000,1825690000,2500000000,15,125,140,13340000,-13340000,0,-1,-11,-12
1_1346,1346040000,1153960000,2500000000,18,139,157,1352250000,1147750000,2500000000,24,144,168,6210000,-6210000,0,6,5,11
1_1347,880490000,1619510000,2500000000,16,139,155,954340000,1545660000,2500000000,16,129,145,73850000,-73850000,0,0,-10,-10
1_1348,891480000,1608520000,2500000000,18,141,159,1079100000,1420900000,2500000000,17,135,152,187620000,-187620000,0,-1,-6,-7
1_1349,803420000,1696580000,2500000000,17,139,156,785510000,1714490000,2500000000,19,143,162,-17910000,17910000,0,2,4,6
1_1350,607350000,1892650000,2500000000,20,143,163,607350000,1892650000,2500000000,20,137,157,0,0,0,0,-6,-6
1_1351,309240000,2190760000,2500000000,19,144,163,308270000,2191730000,2500000000,17,134,151,-970000,970000,0,-2,-10,-12
1_1352,714370000,1785630000,2500000000,19,142,161,746330000,1753670000,2500000000,18,136,154,31960000,-31960000,0,-1,-6,-7
1_1353,945270000,1554730000,2500000000,19,133,152,919730000,1580270000,2500000000,20,133,153,-25540000,25540000,0,1,0,1
1_1354,430460000,2069540000,2500000000,19,134,153,449370000,2050630000,2500000000,21,137,158,18910000,-18910000,0,2,3,5
1_1355,776290000,1723710000,2500000000,18,141,159,806810000,1693190000,2500000000,21,143,164,30520000,-30520000,0,3,2,5
1_1356,800670000,1699330000,2500000000,20,148,168,813680000,1686320000,2500000000,19,147,166,13010000,-13010000,0,-1,-1,-2
1_1357,1271680000,1228320000,2500000000,19,139,158,1311390000,1188610000,2500000000,19,132,151,39710000,-39710000,0,0,-7,-7
1_1358,992350000,1507650000,2500000000,19,140,159,1013830000,1486170000,2500000000,20,138,158,21480000,-21480000,0,1,-2,-1
1_1359,496270000,2003730000,2500000000,18,139,157,527570000,1972430000,2500000000,19,144,163,31300000,-31300000,0,1,5,6
1_1360,601330000,1898670000,2500000000,21,141,162,642230000,1857770000,2500000000,22,143,165,40900000,-40900000,0,1,2,3
1_1361,1963650000,507680000,2471330000,22,137,159,1931110000,540220000,2471330000,23,134,157,-32540000,32540000,0,1,-3,-2
1_1362,1309140000,1190860000,2500000000,20,136,156,1224450000,1275550000,2500000000,24,141,165,-84690000,84690000,0,4,5,9
1_1363,1509950000,990050000,2500000000,24,149,173,1506640000,993360000,2500000000,21,140,161,-3310000,3310000,0,-3,-9,-12
1_1364,1642180000,857820000,2500000000,16,112,128,1654250000,845750000,2500000000,18,120,138,12070000,-12070000,0,2,8,10
1_1365,657620000,1842380000,2500000000,23,147,170,712200000,1787800000,2500000000,22,130,152,54580000,-54580000,0,-1,-17,-18
1_1366,1747400000,752600000,2500000000,21,132,153,1789140000,710860000,2500000000,21,124,145,41740000,-41740000,0,0,-8,-8
1_1367,1142000000,1358000000,2500000000,19,140,159,1234540000,1265460000,2500000000,19,134,153,92540000,-92540000,0,0,-6,-6
1_1368,1996200000,503800000,2500000000,25,137,162,1983150000,516850000,2500000000,24,124,148,-13050000,13050000,0,-1,-13,-14
1_1369,1122220000,1377780000,2500000000,16,145,161,1235660000,1264340000,2500000000,20,142,162,113440000,-113440000,0,4,-3,1
1_1370,1700760000,799240000,2500000000,25,142,167,1723380000,776620000,2500000000,26,135,161,22620000,-22620000,0,1,-7,-6
1_1371,1711760000,788240000,2500000000,25,117,142,1749320000,750680000,2500000000,22,125,147,37560000,-37560000,0,-3,8,5
1_1372,1963020000,536980000,2500000000,27,138,165,1990020000,509980000,2500000000,26,124,150,27000000,-27000000,0,-1,-14,-15
1_1373,428670000,2071330000,2500000000,18,136,154,469830000,2030170000,2500000000,18,126,144,41160000,-41160000,0,0,-10,-10
1_1374,974020000,1525980000,2500000000,21,129,150,1034390000,1465610000,2500000000,23,132,155,60370000,-60370000,0,2,3,5
1_1375,310250000,2189750000,2500000000,19,141,160,359710000,2140290000,2500000000,22,141,163,49460000,-49460000,0,3,0,3
1_1376,1135210000,1364790000,2500000000,21,135,156,1172530000,1327470000,2500000000,22,130,152,37320000,-37320000,0,1,-5,-4
1_1377,988810000,1511190000,2500000000,18,137,155,1050990000,1449010000,2500000000,20,136,156,62180000,-62180000,0,2,-1,1
1_1378,934280000,1565720000,2500000000,17,139,156,996690000,1503310000,2500000000,19,139,158,62410000,-62410000,0,2,0,2
1_1379,1330590000,1169410000,2500000000,18,141,159,1517080000,982920000,2500000000,20,138,158,186490000,-186490000,0,2,-3,-1
1_1380,904380000,1595620000,2500000000,18,147,165,975370000,1524630000,2500000000,20,139,159,70990000,-70990000,0,2,-8,-6
1_1381,463420000,2036580000,2500000000,18,140,158,464320000,2035680000,2500000000,18,137,155,900000,-900000,0,0,-3,-3
1_1382,762460000,1737540000,2500000000,18,143,161,769850000,1730150000,2500000000,19,135,154,7390000,-7390000,0,1,-8,-7
1_1383,721700000,1778300000,2500000000,18,138,156,813510000,1686490000,2500000000,24,143,167,91810000,-91810000,0,6,5,11
1_1384,632700000,1867300000,2500000000,18,142,160,657020000,1842980000,2500000000,18,136,154,24320000,-24320000,0,0,-6,-6
1_1385,759120000,1740880000,2500000000,16,133,149,780310000,1719690000,2500000000,19,139,158,21190000,-21190000,0,3,6,9
1_1386,658750000,1841250000,2500000000,19,146,165,612870000,1887130000,2500000000,19,139,158,-45880000,45880000,0,0,-7,-7
1_1387,593950000,1906050000,2500000000,15,126,141,618100000,1881900000,2500000000,16,132,148,24150000,-24150000,0,1,6,7
1_1388,658050000,1841950000,2500000000,18,144,162,752910000,1747090000,2500000000,21,138,159,94860000,-94860000,0,3,-6,-3
1_1389,986300000,1513700000,2500000000,19,137,156,1076220000,1423780000,2500000000,21,134,155,89920000,-89920000,0,2,-3,-1
1_1390,849430000,1650570000,2500000000,18,134,152,896960000,1603040000,2500000000,18,134,152,47530000,-47530000,0,0,0,0
1_1391,907310000,1592690000,2500000000,24,143,167,993870000,1506130000,2500000000,23,139,162,86560000,-86560000,0,-1,-4,-5
1_1392,1522990000,977010000,2500000000,21,141,162,1547200000,952800000,2500000000,20,136,156,24210000,-24210000,0,-1,-5,-6
1_1393,224000000,0,224000000,25,142,167,224000000,0,224000000,21,138,159,0,0,0,-4,-4,-8
1_1394,1030450000,924000000,1954450000,20,139,159,1070180000,890970000,1961150000,21,141,162,39730000,-33030000,6700000,1,2,3
1_1395,0,0,0,23,157,180,0,0,0,21,136,157,0,0,0,-2,-21,-23
1_1396,405650000,923420000,1329070000,21,145,166,472730000,863850000,1336580000,20,139,159,67080000,-59570000,7510000,-1,-6,-7
1_1397,930340000,960000,931300000,12,111,123,929100000,880000,929980000,12,111,123,-1240000,-80000,-1320000,0,0,0
1_1398,1506410000,993590000,2500000000,26,139,165,1546170000,953830000,2500000000,22,127,149,39760000,-39760000,0,-4,-12,-16
1_1399,1601240000,898760000,2500000000,15,128,143,1667320000,832680000,2500000000,16,126,142,66080000,-66080000,0,1,-2,-1
1_1400,1462700000,1037300000,2500000000,24,140,164,1518520000,981480000,2500000000,22,126,148,55820000,-55820000,0,-2,-14,-16
1_1401,1027570000,1472430000,2500000000,16,118,134,1121600000,1378400000,2500000000,22,134,156,94030000,-94030000,0,6,16,22
1_1402,1425640000,1074360000,2500000000,21,117,138,1427290000,1072710000,2500000000,24,134,158,1650000,-1650000,0,3,17,20
1_1403,1908170000,591830000,2500000000,21,116,137,1936120000,563880000,2500000000,20,119,139,27950000,-27950000,0,-1,3,2
1_1404,1522940000,977060000,2500000000,25,134,159,1538890000,961110000,2500000000,23,123,146,15950000,-15950000,0,-2,-11,-13
1_1405,1625540000,874460000,2500000000,25,128,153,1642780000,857220000,2500000000,21,119,140,17240000,-17240000,0,-4,-9,-13
1_1406,845010000,1654990000,2500000000,17,140,157,964900000,1535100000,2500000000,20,134,154,119890000,-119890000,0,3,-6,-3
1_1407,920530000,1579470000,2500000000,19,131,150,956230000,1543770000,2500000000,20,128,148,35700000,-35700000,0,1,-3,-2
1_1408,779550000,1720450000,2500000000,19,139,158,861660000,1638340000,2500000000,19,137,156,82110000,-82110000,0,0,-2,-2
1_1409,666850000,1833150000,2500000000,18,140,158,758720000,1741280000,2500000000,18,136,154,91870000,-91870000,0,0,-4,-4
1_1410,599120000,1900880000,2500000000,16,150,166,637940000,1862060000,2500000000,19,147,166,38820000,-38820000,0,3,-3,0
1_1411,1036260000,1463740000,2500000000,22,152,174,1091910000,1408090000,2500000000,18,138,156,55650000,-55650000,0,-4,-14,-18
1_1412,854940000,1645060000,2500000000,18,145,163,928260000,1571740000,2500000000,21,147,168,73320000,-73320000,0,3,2,5
1_1413,1042800000,1457200000,2500000000,19,145,164,1072450000,1427550000,2500000000,20,145,165,29650000,-29650000,0,1,0,1
1_1414,685250000,1814750000,2500000000,18,136,154,746980000,1753020000,2500000000,20,142,162,61730000,-61730000,0,2,6,8
1_1415,704280000,1795720000,2500000000,19,144,163,706860000,1793140000,2500000000,20,145,165,2580000,-2580000,0,1,1,2
1_1416,979440000,1520560000,2500000000,18,140,158,959710000,1540290000,2500000000,19,144,163,-19730000,19730000,0,1,4,5
1_1417,1041950000,1458050000,2500000000,18,145,163,1000970000,1499030000,2500000000,21,150,171,-40980000,40980000,0,3,5,8
1_1418,677520000,1822480000,2500000000,18,150,168,642850000,1857150000,2500000000,20,148,168,-34670000,34670000,0,2,-2,0
1_1419,901130000,1598870000,2500000000,16,146,162,895970000,1604030000,2500000000,17,138,155,-5160000,5160000,0,1,-8,-7
1_1420,968680000,1531320000,2500000000,24,146,170,1027360000,1472640000,2500000000,23,144,167,58680000,-58680000,0,-1,-2,-3
1_1421,1432180000,1067820000,2500000000,19,139,158,1450900000,1049100000,2500000000,20,139,159,18720000,-18720000,0,1,0,1
1_1422,1127500000,1372500000,2500000000,20,141,161,1150990000,1349010000,2500000000,23,140,163,23490000,-23490000,0,3,-1,2
1_1423,883520000,1616480000,2500000000,20,158,178,849020000,1650980000,2500000000,24,148,172,-34500000,34500000,0,4,-10,-6
1_1424,0,0,0,21,141,162,0,0,0,22,144,166,0,0,0,1,3,4
1_1425,243020000,836290000,1079310000,18,138,156,277420000,809470000,1086890000,20,139,159,34400000,-26820000,7580000,2,1,3
1_1426,39980000,65910000,105890000,17,124,141,13550000,11650000,25200000,19,133,152,-26430000,-54260000,-80690000,2,9,11
1_1427,490350000,654170000,1144520000,21,145,166,531070000,623430000,1154500000,24,140,164,40720000,-30740000,9980000,3,-5,-2
1_1428,1172970000,1327030000,2500000000,21,146,167,1186960000,1313040000,2500000000,23,148,171,13990000,-13990000,0,2,2,4
1_1429,938800000,842530000,1781330000,28,156,184,821090000,728650000,1549740000,24,162,186,-117710000,-113880000,-231590000,-4,6,2
1_1430,1231160000,1268840000,2500000000,24,146,170,1264460000,1235540000,2500000000,21,135,156,33300000,-33300000,0,-3,-11,-14
1_1431,1084990000,1396110000,2481100000,19,137,156,1064480000,1329350000,2393830000,27,149,176,-20510000,-66760000,-87270000,8,12,20
1_1432,1067470000,1432530000,2500000000,20,135,155,1111680000,1388320000,2500000000,24,132,156,44210000,-44210000,0,4,-3,1
1_1433,415270000,2084730000,2500000000,24,135,159,471860000,2028140000,2500000000,20,137,157,56590000,-56590000,0,-4,2,-2
1_1434,341340000,1763470000,2104810000,23,146,169,433440000,1680770000,2114210000,24,144,168,92100000,-82700000,9400000,1,-2,-1
1_1435,506520000,1993450000,2499970000,16,123,139,698790000,1800460000,2499250000,20,126,146,192270000,-192990000,-720000,4,3,7
1_1436,1583650000,916350000,2500000000,18,114,132,1625960000,874040000,2500000000,20,117,137,42310000,-42310000,0,2,3,5
1_1437,1426060000,1073940000,2500000000,19,121,140,1467080000,1032920000,2500000000,20,118,138,41020000,-41020000,0,1,-3,-2
1_1438,1531880000,968120000,2500000000,22,131,153,1593480000,906520000,2500000000,21,118,139,61600000,-61600000,0,-1,-13,-14
1_1439,1650480000,849520000,2500000000,25,142,167,1698200000,801800000,2500000000,24,130,154,47720000,-47720000,0,-1,-12,-13
1_1440,1125630000,1374370000,2500000000,20,140,160,1171650000,1328350000,2500000000,22,144,166,46020000,-46020000,0,2,4,6
1_1441,642770000,1516210000,2158980000,23,145,168,673580000,1490930000,2164510000,21,131,152,30810000,-25280000,5530000,-2,-14,-16
1_1442,615670000,930550000,1546220000,21,160,181,652930000,900880000,1553810000,22,155,177,37260000,-29670000,7590000,1,-5,-4
1_1443,7840000,6330000,14170000,24,163,187,8880000,6090000,14970000,22,137,159,1040000,-240000,800000,-2,-26,-28
1_1444,578740000,1921260000,2500000000,18,140,158,548360000,1951640000,2500000000,18,148,166,-30380000,30380000,0,0,8,8
1_1445,871060000,1628940000,2500000000,17,143,160,884310000,1615690000,2500000000,22,145,167,13250000,-13250000,0,5,2,7
1_1446,810630000,1262250000,2072880000,22,161,183,745300000,1332230000,2077530000,20,157,177,-65330000,69980000,4650000,-2,-4,-6
1_1447,466110000,2033890000,2500000000,21,158,179,446110000,2053890000,2500000000,19,147,166,-20000000,20000000,0,-2,-11,-13
1_1448,686150000,1801300000,2487450000,17,144,161,691200000,1797160000,2488360000,19,142,161,5050000,-4140000,910000,2,-2,0
1_1449,740920000,1759080000,2500000000,24,154,178,734300000,1765700000,2500000000,19,147,166,-6620000,6620000,0,-5,-7,-12
1_1450,374560000,651960000,1026520000,18,145,163,387160000,644460000,1031620000,24,153,177,12600000,-7500000,5100000,6,8,14
1_1451,644870000,725580000,1370450000,25,164,189,668280000,708180000,1376460000,24,155,179,23410000,-17400000,6010000,-1,-9,-10
1_1452,759380000,1740620000,2500000000,20,148,168,741470000,1758530000,2500000000,22,148,170,-17910000,17910000,0,2,0,2
1_1453,878370000,1621630000,2500000000,16,141,157,892530000,1607470000,2500000000,20,143,163,14160000,-14160000,0,4,2,6
1_1454,1303350000,1017550000,2320900000,27,158,185,1389080000,935690000,2324770000,23,152,175,85730000,-81860000,3870000,-4,-6,-10
1_1455,633160000,519510000,1152670000,24,153,177,668480000,489320000,1157800000,24,156,180,35320000,-30190000,5130000,0,3,3
1_1456,1164210000,1335790000,2500000000,25,144,169,1173610000,1326390000,2500000000,24,138,162,9400000,-9400000,0,-1,-6,-7
1_1457,1139690000,1360310000,2500000000,23,158,181,1091800000,1408200000,2500000000,24,155,179,-47890000,47890000,0,1,-3,-2
1_1458,1344190000,510760000,1854950000,23,149,172,1214810000,437500000,1652310000,26,154,180,-129380000,-73260000,-202640000,3,5,8
1_1459,670670000,941730000,1612400000,20,143,163,711230000,904650000,1615880000,23,150,173,40560000,-37080000,3480000,3,7,10
1_1460,541580000,1583540000,2125120000,16,148,164,400560000,1512460000,1913020000,16,132,148,-141020000,-71080000,-212100000,0,-16,-16
1_1461,960340000,1429930000,2390270000,21,145,166,896170000,1371240000,2267410000,23,141,164,-64170000,-58690000,-122860000,2,-4,-2
1_1462,1178560000,1321440000,2500000000,17,138,155,1206460000,1293540000,2500000000,25,146,171,27900000,-27900000,0,8,8,16
1_1463,904450000,1595550000,2500000000,25,151,176,995950000,1504050000,2500000000,22,148,170,91500000,-91500000,0,-3,-3,-6
1_1464,1121220000,1378780000,2500000000,18,137,155,1147080000,1352920000,2500000000,22,139,161,25860000,-25860000,0,4,2,6
1_1465,717290000,1782710000,2500000000,13,122,135,728830000,1771170000,2500000000,14,119,133,11540000,-11540000,0,1,-3,-2
1_1466,764580000,1735420000,2500000000,16,115,131,775650000,1724350000,2500000000,17,119,136,11070000,-11070000,0,1,4,5
1_1467,0,4350000,4350000,14,131,145,0,6530000,6530000,20,126,146,0,2180000,2180000,6,-5,1
1_1468,295190000,1329700000,1624890000,16,130,146,377550000,1264120000,1641670000,19,134,153,82360000,-65580000,16780000,3,4,7
1_1469,630880000,610560000,1241440000,17,122,139,537630000,630920000,1168550000,21,126,147,-93250000,20360000,-72890000,4,4,8
1_1470,965980000,332380000,1298360000,24,134,158,983660000,320280000,1303940000,19,117,136,17680000,-12100000,5580000,-5,-17,-22
1_1471,752260000,82750000,835010000,21,110,131,764980000,77010000,841990000,18,114,132,12720000,-5740000,6980000,-3,4,1
1_1472,591520000,275450000,866970000,21,114,135,499120000,291300000,790420000,20,110,130,-92400000,15850000,-76550000,-1,-4,-5
1_1473,2392930000,107070000,2500000000,29,122,151,2379690000,120310000,2500000000,28,127,155,-13240000,13240000,0,-1,5,4
1_1474,2302760000,197240000,2500000000,30,130,160,2288380000,211620000,2500000000,33,137,170,-14380000,14380000,0,3,7,10
1_1475,2065640000,434360000,2500000000,33,130,163,2028980000,471020000,2500000000,36,139,175,-36660000,36660000,0,3,9,12
1_1476,2481330000,18670000,2500000000,27,107,134,2481320000,18680000,2500000000,25,98,123,-10000,10000,0,-2,-9,-11
1_1477,2350180000,149820000,2500000000,36,124,160,2347130000,152870000,2500000000,34,130,164,-3050000,3050000,0,-2,6,4
1_1478,2249510000,35810000,2285320000,35,117,152,2247150000,38170000,2285320000,32,118,150,-2360000,2360000,0,-3,1,-2
1_1479,2335550000,164450000,2500000000,36,130,166,2328240000,171760000,2500000000,38,135,173,-7310000,7310000,0,2,5,7
1_1480,1350450000,1149550000,2500000000,22,141,163,1371020000,1128980000,2500000000,27,150,177,20570000,-20570000,0,5,9,14
1_1481,1198540000,1301460000,2500000000,23,154,177,1215810000,1284190000,2500000000,27,145,172,17270000,-17270000,0,4,-9,-5
1_1482,1402640000,1097360000,2500000000,19,136,155,1409480000,1090520000,2500000000,25,134,159,6840000,-6840000,0,6,-2,4
1_1483,1057360000,1442640000,2500000000,21,146,167,1081690000,1418310000,2500000000,20,126,146,24330000,-24330000,0,-1,-20,-21
1_1484,2024490000,475510000,2500000000,19,128,147,2037060000,462940000,2500000000,26,144,170,12570000,-12570000,0,7,16,23
1_1485,1676650000,823350000,2500000000,18,133,151,1710470000,789530000,2500000000,23,136,159,33820000,-33820000,0,5,3,8
1_1486,2476640000,23360000,2500000000,20,112,132,2470840000,29160000,2500000000,28,131,159,-5800000,5800000,0,8,19,27
1_1487,2197230000,302770000,2500000000,37,139,176,2223080000,276920000,2500000000,39,138,177,25850000,-25850000,0,2,-1,1
1_1488,2242280000,257720000,2500000000,38,134,172,2261910000,238090000,2500000000,41,140,181,19630000,-19630000,0,3,6,9
1_1489,2274490000,225510000,2500000000,37,134,171,2298490000,201510000,2500000000,41,144,185,24000000,-24000000,0,4,10,14
1_1490,1799500000,700500000,2500000000,28,136,164,1816620000,683380000,2500000000,31,150,181,17120000,-17120000,0,3,14,17
1_1491,1642700000,857300000,2500000000,29,137,166,1673400000,826600000,2500000000,37,143,180,30700000,-30700000,0,8,6,14
1_1492,2416500000,83500000,2500000000,42,146,188,2417180000,82820000,2500000000,45,152,197,680000,-680000,0,3,6,9
1_1493,2268710000,231290000,2500000000,40,147,187,2266400000,233600000,2500000000,43,153,196,-2310000,2310000,0,3,6,9
1_1494,2256880000,243120000,2500000000,27,120,147,2246070000,253930000,2500000000,29,140,169,-10810000,10810000,0,2,20,22
1_1495,2265800000,234200000,2500000000,30,133,163,2288120000,211880000,2500000000,33,145,178,22320000,-22320000,0,3,12,15
1_1496,2121240000,378760000,2500000000,42,141,183,2115910000,384090000,2500000000,43,145,188,-5330000,5330000,0,1,4,5
1_1497,2094330000,405670000,2500000000,40,139,179,2085670000,414330000,2500000000,44,149,193,-8660000,8660000,0,4,10,14
1_1498,1644790000,855210000,2500000000,26,124,150,1660100000,839900000,2500000000,31,136,167,15310000,-15310000,0,5,12,17
1_1499,1954610000,545390000,2500000000,27,118,145,1928080000,571920000,2500000000,29,138,167,-26530000,26530000,0,2,20,22
1_1500,2431550000,68450000,2500000000,38,126,164,2430900000,69100000,2500000000,40,144,184,-650000,650000,0,2,18,20
1_1501,2257580000,110020000,2367600000,35,132,167,2260970000,106630000,2367600000,42,146,188,3390000,-3390000,0,7,14,21
1_1502,2090900000,409100000,2500000000,36,124,160,2086750000,413250000,2500000000,45,146,191,-4150000,4150000,0,9,22,31
1_1503,1097730000,1402270000,2500000000,17,124,141,1103420000,1396580000,2500000000,21,136,157,5690000,-5690000,0,4,12,16
1_1504,947190000,1552810000,2500000000,17,133,150,962740000,1537260000,2500000000,19,125,144,15550000,-15550000,0,2,-8,-6
1_1505,948600000,1551400000,2500000000,19,133,152,931490000,1568510000,2500000000,21,135,156,-17110000,17110000,0,2,2,4
1_1506,1532810000,967190000,2500000000,23,148,171,1565520000,934480000,2500000000,29,148,177,32710000,-32710000,0,6,0,6
1_1507,2050470000,411840000,2462310000,24,147,171,2051290000,411020000,2462310000,25,143,168,820000,-820000,0,1,-4,-3
1_1508,2189250000,251080000,2440330000,29,140,169,2165730000,274600000,2440330000,31,130,161,-23520000,23520000,0,2,-10,-8
1_1509,2220540000,279460000,2500000000,33,150,183,2181320000,318680000,2500000000,37,154,191,-39220000,39220000,0,4,4,8
1_1510,2185080000,41440000,2226520000,23,125,148,2179960000,46560000,2226520000,26,135,161,-5120000,5120000,0,3,10,13
1_1511,2145290000,6310000,2151600000,22,113,135,2144120000,7480000,2151600000,22,113,135,-1170000,1170000,0,0,0,0
1_1512,2328700000,171300000,2500000000,34,145,179,2312440000,187560000,2500000000,29,150,179,-16260000,16260000,0,-5,5,0
1_1513,2198140000,301860000,2500000000,25,137,162,2166350000,333650000,2500000000,30,147,177,-31790000,31790000,0,5,10,15
1_1514,1878100000,621900000,2500000000,29,148,177,1835880000,664120000,2500000000,28,151,179,-42220000,42220000,0,-1,3,2
1_1515,2028970000,471030000,2500000000,32,144,176,2071290000,428710000,2500000000,35,145,180,42320000,-42320000,0,3,1,4
1_1516,2213840000,18580000,2232420000,35,136,171,2213920000,18500000,2232420000,37,136,173,80000,-80000,0,2,0,2
1_1517,1801250000,698750000,2500000000,28,134,162,1829160000,670840000,2500000000,28,140,168,27910000,-27910000,0,0,6,6
1_1518,1520630000,979370000,2500000000,27,130,157,1531260000,968740000,2500000000,28,137,165,10630000,-10630000,0,1,7,8
1_1519,2432960000,67040000,2500000000,28,123,151,2441740000,58260000,2500000000,29,139,168,8780000,-8780000,0,1,16,17
1_1520,2108210000,391790000,2500000000,29,132,161,2133120000,366880000,2500000000,31,153,184,24910000,-24910000,0,2,21,23
1_1521,2131560000,368440000,2500000000,30,126,156,2112260000,387740000,2500000000,30,139,169,-19300000,19300000,0,0,13,13
1_1522,2299380000,200620000,2500000000,28,122,150,2290600000,209400000,2500000000,31,138,169,-8780000,8780000,0,3,16,19
1_1523,2196990000,303010000,2500000000,35,133,168,2176090000,323910000,2500000000,39,145,184,-20900000,20900000,0,4,12,16
1_1524,2253990000,246010000,2500000000,30,127,157,2238450000,261550000,2500000000,34,137,171,-15540000,15540000,0,4,10,14
1_1525,2481990000,18010000,2500000000,28,106,134,2481580000,18420000,2500000000,27,107,134,-410000,410000,0,-1,1,0
1_1526,2490110000,9890000,2500000000,26,106,132,2489940000,10060000,2500000000,23,91,114,-170000,170000,0,-3,-15,-18
1_1527,2496620000,3380000,2500000000,28,99,127,2496040000,3960000,2500000000,24,91,115,-580000,580000,0,-4,-8,-12
1_1528,2500000000,0,2500000000,34,88,122,2500000000,0,2500000000,22,55,77,0,0,0,-12,-33,-45
1_1529,2471330000,28670000,2500000000,38,87,125,2468280000,31720000,2500000000,33,90,123,-3050000,3050000,0,-5,3,-2
1_1530,2498980000,1020000,2500000000,27,74,101,2498980000,1020000,2500000000,18,72,90,0,0,0,-9,-2,-11
1_1531,2497590000,2410000,2500000000,34,78,112,2497590000,2410000,2500000000,31,91,122,0,0,0,-3,13,10
1_1532,2500000000,0,2500000000,27,62,89,2500000000,0,2500000000,23,65,88,0,0,0,-4,3,-1
1_1533,2470940000,29060000,2500000000,34,79,113,2469840000,30160000,2500000000,34,97,131,-1100000,1100000,0,0,18,18
1_1534,2498840000,1160000,2500000000,25,54,79,2497130000,2870000,2500000000,21,49,70,-1710000,1710000,0,-4,-5,-9
1_1535,2486730000,13270000,2500000000,21,74,95,2486730000,13270000,2500000000,20,62,82,0,0,0,-1,-12,-13
1_1536,2490690000,9310000,2500000000,28,109,137,2490740000,9260000,2500000000,28,98,126,50000,-50000,0,0,-11,-11
1_1537,2457930000,42070000,2500000000,27,106,133,2455660000,44340000,2500000000,23,101,124,-2270000,2270000,0,-4,-5,-9
1_1538,2297830000,202170000,2500000000,26,116,142,2289570000,210430000,2500000000,26,122,148,-8260000,8260000,0,0,6,6
1_1539,2356780000,143220000,2500000000,31,118,149,2350770000,149230000,2500000000,33,121,154,-6010000,6010000,0,2,3,5
1_1540,2484370000,15630000,2500000000,28,101,129,2482930000,17070000,2500000000,26,100,126,-1440000,1440000,0,-2,-1,-3
1_1541,2475740000,24260000,2500000000,29,105,134,2473810000,26190000,2500000000,30,114,144,-1930000,1930000,0,1,9,10
1_1542,2469250000,30750000,2500000000,28,106,134,2468760000,31240000,2500000000,20,93,113,-490000,490000,0,-8,-13,-21
1_1543,2496850000,3150000,2500000000,28,96,124,2496810000,3190000,2500000000,18,69,87,-40000,40000,0,-10,-27,-37
1_1544,2487060000,12940000,2500000000,27,100,127,2484750000,15250000,2500000000,27,98,125,-2310000,2310000,0,0,-2,-2
1_1545,2497860000,2140000,2500000000,31,91,122,2497870000,2130000,2500000000,26,85,111,10000,-10000,0,-5,-6,-11
1_1546,2477140000,22860000,2500000000,33,94,127,2476060000,23940000,2500000000,28,87,115,-1080000,1080000,0,-5,-7,-12
1_1547,2492540000,7460000,2500000000,35,90,125,2492550000,7450000,2500000000,22,65,87,10000,-10000,0,-13,-25,-38
1_1548,2490450000,9550000,2500000000,27,87,114,2490190000,9810000,2500000000,28,81,109,-260000,260000,0,1,-6,-5
1_1549,2494870000,5130000,2500000000,29,88,117,2494850000,5150000,2500000000,18,69,87,-20000,20000,0,-11,-19,-30
1_1550,2500000000,0,2500000000,32,80,112,2500000000,0,2500000000,29,84,113,0,0,0,-3,4,1
1_1551,2497500000,2500000,2500000000,25,69,94,2497210000,2790000,2500000000,18,59,77,-290000,290000,0,-7,-10,-17
1_1552,2499470000,530000,2500000000,26,74,100,2500000000,0,2500000000,25,71,96,530000,-530000,0,-1,-3,-4
1_1553,2499240000,760000,2500000000,21,48,69,2499240000,760000,2500000000,22,59,81,0,0,0,1,11,12
1_1554,2208110000,63400000,2271510000,30,112,142,2206840000,64670000,2271510000,30,118,148,-1270000,1270000,0,0,6,6
1_1555,2043590000,51310000,2094900000,31,114,145,2041390000,53510000,2094900000,33,121,154,-2200000,2200000,0,2,7,9
1_1556,2435490000,64510000,2500000000,34,116,150,2433300000,66700000,2500000000,35,124,159,-2190000,2190000,0,1,8,9
1_1557,2412390000,87610000,2500000000,33,114,147,2413090000,86910000,2500000000,29,112,141,700000,-700000,0,-4,-2,-6
1_1558,2488040000,11960000,2500000000,26,91,117,2487770000,12230000,2500000000,21,73,94,-270000,270000,0,-5,-18,-23
1_1559,2483670000,16330000,2500000000,29,90,119,2479890000,20110000,2500000000,19,90,109,-3780000,3780000,0,-10,0,-10
1_1560,2495620000,4380000,2500000000,32,97,129,2497080000,2920000,2500000000,40,111,151,1460000,-1460000,0,8,14,22
1_1561,2487530000,12470000,2500000000,35,91,126,2484220000,15780000,2500000000,37,112,149,-3310000,3310000,0,2,21,23
1_1562,2500000000,0,2500000000,25,75,100,2500000000,0,2500000000,26,71,97,0,0,0,1,-4,-3
1_1563,2181660000,121420000,2303080000,39,127,166,2161440000,141640000,2303080000,41,142,183,-20220000,20220000,0,2,15,17
1_1564,2439960000,60040000,2500000000,31,113,144,2435420000,64580000,2500000000,35,115,150,-4540000,4540000,0,4,2,6
1_1565,2482780000,17220000,2500000000,34,100,134,2474390000,25610000,2500000000,38,109,147,-8390000,8390000,0,4,9,13
1_1566,2471270000,28730000,2500000000,33,108,141,2469940000,30060000,2500000000,33,117,150,-1330000,1330000,0,0,9,9
1_1567,2178280000,321720000,2500000000,22,129,151,2180610000,319390000,2500000000,23,122,145,2330000,-2330000,0,1,-7,-6
1_1568,1927710000,572290000,2500000000,25,149,174,1914710000,585290000,2500000000,18,123,141,-13000000,13000000,0,-7,-26,-33
1_1569,2391690000,108310000,2500000000,20,108,128,2410650000,89350000,2500000000,19,119,138,18960000,-18960000,0,-1,11,10
1_1570,1498400000,1001600000,2500000000,12,100,112,1513490000,986510000,2500000000,13,122,135,15090000,-15090000,0,1,22,23
1_1571,2073460000,426540000,2500000000,16,125,141,2118390000,381610000,2500000000,17,128,145,44930000,-44930000,0,1,3,4
1_1572,1391200000,1108800000,2500000000,15,106,121,1170720000,1329280000,2500000000,17,119,136,-220480000,220480000,0,2,13,15
1_1573,2242320000,257680000,2500000000,18,128,146,2239450000,260550000,2500000000,19,117,136,-2870000,2870000,0,1,-11,-10
1_1574,1719310000,679670000,2398980000,28,163,191,1720450000,678530000,2398980000,19,123,142,1140000,-1140000,0,-9,-40,-49
1_1575,1884190000,615810000,2500000000,17,129,146,1948530000,551470000,2500000000,15,128,143,64340000,-64340000,0,-2,-1,-3
1_1576,1798300000,680250000,2478550000,18,140,158,1793990000,684560000,2478550000,14,116,130,-4310000,4310000,0,-4,-24,-28
1_1577,2299710000,200290000,2500000000,22,135,157,2308140000,191860000,2500000000,22,128,150,8430000,-8430000,0,0,-7,-7
1_1578,1551400000,948600000,2500000000,22,139,161,1606630000,893370000,2500000000,22,136,158,55230000,-55230000,0,0,-3,-3
1_1579,1875100000,624900000,2500000000,24,147,171,1907930000,592070000,2500000000,23,149,172,32830000,-32830000,0,-1,2,1
1_1580,1868450000,631550000,2500000000,22,134,156,1873470000,626530000,2500000000,23,130,153,5020000,-5020000,0,1,-4,-3
1_1581,1925280000,574720000,2500000000,17,93,110,1951900000,548100000,2500000000,19,108,127,26620000,-26620000,0,2,15,17
1_1582,1136080000,1363920000,2500000000,22,129,151,950260000,1549740000,2500000000,19,127,146,-185820000,185820000,0,-3,-2,-5
1_1583,1705510000,794490000,2500000000,21,121,142,1936770000,563230000,2500000000,18,115,133,231260000,-231260000,0,-3,-6,-9
1_1584,1420750000,1079250000,2500000000,23,121,144,1465760000,1034240000,2500000000,25,126,151,45010000,-45010000,0,2,5,7
1_1585,1933990000,505370000,2439360000,14,88,102,1921050000,492030000,2413080000,13,91,104,-12940000,-13340000,-26280000,-1,3,2
1_1586,2037000000,368800000,2405800000,12,72,84,1855410000,539620000,2395030000,15,85,100,-181590000,170820000,-10770000,3,13,16
1_1587,1928470000,571530000,2500000000,13,84,97,2174410000,325590000,2500000000,15,88,103,245940000,-245940000,0,2,4,6
1_1588,1855430000,644570000,2500000000,18,126,144,1842250000,657750000,2500000000,17,126,143,-13180000,13180000,0,-1,0,-1
1_1589,1456880000,1043120000,2500000000,31,166,197,1449980000,1050020000,2500000000,23,151,174,-6900000,6900000,0,-8,-15,-23
1_1590,511670000,1988330000,2500000000,8,82,90,534940000,1965060000,2500000000,9,91,100,23270000,-23270000,0,1,9,10
1_1591,1229860000,1270140000,2500000000,20,136,156,1235440000,1264560000,2500000000,20,138,158,5580000,-5580000,0,0,2,2
1_1592,945950000,1554050000,2500000000,14,118,132,928790000,1571210000,2500000000,13,128,141,-17160000,17160000,0,-1,10,9
1_1593,699790000,1800210000,2500000000,12,99,111,630510000,1869490000,2500000000,12,120,132,-69280000,69280000,0,0,21,21
1_1594,1388210000,1111790000,2500000000,11,105,116,1427110000,1072890000,2500000000,14,117,131,38900000,-38900000,0,3,12,15
1_1595,1532500000,967500000,2500000000,22,138,160,1549950000,950050000,2500000000,17,141,158,17450000,-17450000,0,-5,3,-2
1_1596,1247630000,1252370000,2500000000,18,132,150,1245200000,1254800000,2500000000,15,125,140,-2430000,2430000,0,-3,-7,-10
1_1597,1001310000,1498690000,2500000000,18,134,152,1016840000,1483160000,2500000000,21,142,163,15530000,-15530000,0,3,8,11
1_1598,433000000,2067000000,2500000000,17,119,136,429380000,2070620000,2500000000,19,129,148,-3620000,3620000,0,2,10,12
1_1599,757990000,1742010000,2500000000,26,157,183,788300000,1711700000,2500000000,18,133,151,30310000,-30310000,0,-8,-24,-32
1_1600,543580000,1956420000,2500000000,18,133,151,554980000,1945020000,2500000000,22,143,165,11400000,-11400000,0,4,10,14
1_1601,794220000,1705780000,2500000000,10,120,130,766840000,1733160000,2500000000,11,111,122,-27380000,27380000,0,1,-9,-8
1_1602,368270000,2131730000,2500000000,12,99,111,362980000,2137020000,2500000000,17,111,128,-5290000,5290000,0,5,12,17
1_1603,1291590000,1208410000,2500000000,16,112,128,1267690000,1232310000,2500000000,16,112,128,-23900000,23900000,0,0,0,0
1_1604,1892650000,607350000,2500000000,11,76,87,1994900000,505100000,2500000000,14,91,105,102250000,-102250000,0,3,15,18
1_1605,2051860000,448140000,2500000000,16,110,126,2044700000,455300000,2500000000,14,93,107,-7160000,7160000,0,-2,-17,-19
1_1606,1891150000,608850000,2500000000,13,85,98,2185210000,314790000,2500000000,18,90,108,294060000,-294060000,0,5,5,10
1_1607,1897190000,602810000,2500000000,15,101,116,2135270000,364730000,2500000000,13,101,114,238080000,-238080000,0,-2,0,-2
1_1608,697740000,1802260000,2500000000,13,89,102,607980000,1892020000,2500000000,15,109,124,-89760000,89760000,0,2,20,22
1_1609,1790140000,709860000,2500000000,27,157,184,1766690000,733310000,2500000000,25,146,171,-23450000,23450000,0,-2,-11,-13
1_1610,2183680000,98720000,2282400000,25,140,165,2183700000,98700000,2282400000,21,147,168,20000,-20000,0,-4,7,3
1_1611,1146880000,1353120000,2500000000,20,139,159,1137460000,1362540000,2500000000,16,128,144,-9420000,9420000,0,-4,-11,-15
1_1612,1029390000,1470610000,2500000000,35,168,203,1041710000,1458290000,2500000000,27,162,189,12320000,-12320000,0,-8,-6,-14
1_1613,1793920000,706080000,2500000000,28,157,185,1796480000,703520000,2500000000,20,147,167,2560000,-2560000,0,-8,-10,-18
1_1614,2026930000,223690000,2250620000,23,136,159,2025950000,224670000,2250620000,21,151,172,-980000,980000,0,-2,15,13
1_1615,775370000,1724630000,2500000000,23,143,166,748860000,1751140000,2500000000,25,149,174,-26510000,26510000,0,2,6,8
1_1616,634210000,1865790000,2500000000,8,124,132,630640000,1869360000,2500000000,8,104,112,-3570000,3570000,0,0,-20,-20
1_1617,408940000,2091060000,2500000000,11,117,128,419820000,2080180000,2500000000,14,126,140,10880000,-10880000,0,3,9,12
1_1618,145310000,2354690000,2500000000,11,90,101,86790000,2413210000,2500000000,14,99,113,-58520000,58520000,0,3,9,12
1_1619,326430000,1611420000,1937850000,22,141,163,257210000,1675760000,1932970000,20,131,151,-69220000,64340000,-4880000,-2,-10,-12
1_1620,839170000,1660830000,2500000000,8,84,92,745850000,1754150000,2500000000,7,95,102,-93320000,93320000,0,-1,11,10
1_1621,534520000,1570540000,2105060000,11,98,109,514580000,1586430000,2101010000,15,118,133,-19940000,15890000,-4050000,4,20,24
1_1622,265190000,1251840000,1517030000,21,134,155,202100000,1291490000,1493590000,21,125,146,-63090000,39650000,-23440000,0,-9,-9
1_1623,680800000,1781610000,2462410000,15,114,129,611480000,1849700000,2461180000,20,126,146,-69320000,68090000,-1230000,5,12,17
1_1624,247130000,450190000,697320000,19,129,148,235160000,459050000,694210000,17,118,135,-11970000,8860000,-3110000,-2,-11,-13
1_1625,1351320000,1137550000,2488870000,17,138,155,1355770000,1133100000,2488870000,22,137,159,4450000,-4450000,0,5,-1,4
1_1626,924690000,1575310000,2500000000,24,135,159,879840000,1620160000,2500000000,22,133,155,-44850000,44850000,0,-2,-2,-4
1_1627,2203640000,296360000,2500000000,24,123,147,2160080000,339920000,2500000000,23,124,147,-43560000,43560000,0,-1,1,0
1_1628,436010000,493150000,929160000,19,131,150,391840000,476980000,868820000,28,142,170,-44170000,-16170000,-60340000,9,11,20
1_1629,1182920000,389270000,1572190000,24,123,147,1129570000,399530000,1529100000,27,135,162,-53350000,10260000,-43090000,3,12,15
1_1630,1176070000,1323930000,2500000000,21,150,171,1251860000,1248140000,2500000000,24,143,167,75790000,-75790000,0,3,-7,-4
1_1631,1481700000,1018300000,2500000000,19,139,158,1606800000,893200000,2500000000,23,137,160,125100000,-125100000,0,4,-2,2
1_1632,1214360000,1285640000,2500000000,18,135,153,1267140000,1232860000,2500000000,22,148,170,52780000,-52780000,0,4,13,17
1_1633,1298700000,986750000,2285450000,21,141,162,1367670000,857210000,2224880000,24,151,175,68970000,-129540000,-60570000,3,10,13
1_1634,879000000,1621000000,2500000000,16,122,138,888260000,1611740000,2500000000,20,128,148,9260000,-9260000,0,4,6,10
1_1635,972370000,1527630000,2500000000,16,133,149,984540000,1515460000,2500000000,17,123,140,12170000,-12170000,0,1,-10,-9
1_1636,1030040000,1469960000,2500000000,18,140,158,1072210000,1427790000,2500000000,19,132,151,42170000,-42170000,0,1,-8,-7
1_1637,1063810000,1436190000,2500000000,18,138,156,1105170000,1394830000,2500000000,19,129,148,41360000,-41360000,0,1,-9,-8
1_1638,446270000,3070000,449340000,16,98,114,393290000,3350000,396640000,17,103,120,-52980000,280000,-52700000,1,5,6
1_1639,304970000,42630000,347600000,15,104,119,272430000,65890000,338320000,15,104,119,-32540000,23260000,-9280000,0,0,0
1_1640,0,0,0,17,139,156,0,0,0,19,143,162,0,0,0,2,4,6
1_1641,29860000,62490000,92350000,18,144,162,16820000,79180000,96000000,16,135,151,-13040000,16690000,3650000,-2,-9,-11
1_1642,1081510000,178220000,1259730000,19,134,153,886820000,101810000,988630000,24,150,174,-194690000,-76410000,-271100000,5,16,21
1_1643,947690000,441350000,1389040000,19,137,156,938440000,380700000,1319140000,26,145,171,-9250000,-60650000,-69900000,7,8,15
1_1644,0,0,0,22,147,169,0,0,0,25,149,174,0,0,0,3,2,5
1_1645,1415300000,1084700000,2500000000,19,136,155,1452120000,1047880000,2500000000,27,144,171,36820000,-36820000,0,8,8,16
1_1646,1693710000,806290000,2500000000,21,142,163,1760040000,739960000,2500000000,27,155,182,66330000,-66330000,0,6,13,19
1_1647,1272990000,668270000,1941260000,19,145,164,1268140000,640670000,1908810000,29,153,182,-4850000,-27600000,-32450000,10,8,18
1_1648,593880000,750140000,1344020000,19,142,161,561950000,670190000,1232140000,27,158,185,-31930000,-79950000,-111880000,8,16,24
1_1649,406510000,1716940000,2123450000,19,122,141,247190000,1851990000,2099180000,16,125,141,-159320000,135050000,-24270000,-3,3,0
1_1650,405550000,260100000,665650000,26,140,166,396270000,266580000,662850000,29,157,186,-9280000,6480000,-2800000,3,17,20
1_1651,66060000,300500000,366560000,17,126,143,50440000,289180000,339620000,13,116,129,-15620000,-11320000,-26940000,-4,-10,-14
1_1652,1310120000,1189880000,2500000000,19,116,135,1332520000,1167480000,2500000000,21,132,153,22400000,-22400000,0,2,16,18
1_1653,495310000,2004690000,2500000000,14,115,129,506630000,1993370000,2500000000,19,124,143,11320000,-11320000,0,5,9,14
1_1654,1708020000,791980000,2500000000,20,128,148,1758480000,741520000,2500000000,23,138,161,50460000,-50460000,0,3,10,13
1_1655,1049220000,1450780000,2500000000,18,128,146,1092250000,1407750000,2500000000,23,137,160,43030000,-43030000,0,5,9,14
1_1656,1815120000,684880000,2500000000,22,141,163,1786910000,713090000,2500000000,28,144,172,-28210000,28210000,0,6,3,9
1_1657,1583930000,916070000,2500000000,20,130,150,1624440000,875560000,2500000000,23,140,163,40510000,-40510000,0,3,10,13
1_1658,1737600000,762400000,2500000000,20,133,153,1708780000,791220000,2500000000,23,136,159,-28820000,28820000,0,3,3,6
1_1659,2069840000,430160000,2500000000,32,147,179,2026890000,473110000,2500000000,31,151,182,-42950000,42950000,0,-1,4,3
1_1660,1846240000,653760000,2500000000,32,144,176,1850990000,649010000,2500000000,29,147,176,4750000,-4750000,0,-3,3,0
1_1661,1587450000,912550000,2500000000,31,149,180,1483970000,1016030000,2500000000,30,143,173,-103480000,103480000,0,-1,-6,-7
1_1662,1805070000,694930000,2500000000,19,124,143,1765510000,734490000,2500000000,23,131,154,-39560000,39560000,0,4,7,11
1_1663,1816410000,683590000,2500000000,37,145,182,1832700000,667300000,2500000000,41,153,194,16290000,-16290000,0,4,8,12
1_1664,2096150000,403850000,2500000000,31,139,170,2126390000,373610000,2500000000,31,146,177,30240000,-30240000,0,0,7,7
1_1665,1873150000,626850000,2500000000,31,133,164,1878350000,621650000,2500000000,30,148,178,5200000,-5200000,0,-1,15,14
1_1666,2416280000,83720000,2500000000,28,122,150,2416860000,83140000,2500000000,30,143,173,580000,-580000,0,2,21,23
1_1667,2315370000,184630000,2500000000,29,130,159,2363300000,136700000,2500000000,31,141,172,47930000,-47930000,0,2,11,13
1_1668,2441460000,58540000,2500000000,28,124,152,2417800000,82200000,2500000000,28,138,166,-23660000,23660000,0,0,14,14
1_1669,2475310000,24690000,2500000000,28,114,142,2466430000,33570000,2500000000,31,137,168,-8880000,8880000,0,3,23,26
1_1670,2170020000,329980000,2500000000,26,118,144,2144650000,355350000,2500000000,29,137,166,-25370000,25370000,0,3,19,22
1_1671,2412570000,87430000,2500000000,32,124,156,2389600000,110400000,2500000000,33,129,162,-22970000,22970000,0,1,5,6
1_1672,1594000000,906000000,2500000000,21,134,155,1669670000,830330000,2500000000,22,134,156,75670000,-75670000,0,1,0,1
1_1673,1401730000,1098270000,2500000000,29,150,179,1444360000,1055640000,2500000000,31,152,183,42630000,-42630000,0,2,2,4
1_1674,1621470000,878530000,2500000000,20,130,150,1658480000,841520000,2500000000,22,135,157,37010000,-37010000,0,2,5,7
1_1675,1819080000,680920000,2500000000,20,119,139,1809000000,691000000,2500000000,23,132,155,-10080000,10080000,0,3,13,16
1_1676,1852360000,647640000,2500000000,21,134,155,1882830000,617170000,2500000000,21,132,153,30470000,-30470000,0,0,-2,-2
1_1677,1654810000,845190000,2500000000,24,130,154,1667530000,832470000,2500000000,22,143,165,12720000,-12720000,0,-2,13,11
1_1678,1771380000,728620000,2500000000,23,139,162,1716120000,783880000,2500000000,26,130,156,-55260000,55260000,0,3,-9,-6
1_1679,1684980000,815020000,2500000000,22,131,153,1704980000,795020000,2500000000,23,137,160,20000000,-20000000,0,1,6,7
1_1680,1487460000,1012540000,2500000000,26,149,175,1493390000,1006610000,2500000000,28,147,175,5930000,-5930000,0,2,-2,0
1_1681,1700680000,799320000,2500000000,20,130,150,1734310000,765690000,2500000000,24,132,156,33630000,-33630000,0,4,2,6
1_1682,1860720000,639280000,2500000000,35,140,175,1817730000,682270000,2500000000,30,139,169,-42990000,42990000,0,-5,-1,-6
1_1683,1522210000,977790000,2500000000,20,125,145,1502630000,997370000,2500000000,23,121,144,-19580000,19580000,0,3,-4,-1
1_1684,1645310000,854690000,2500000000,26,136,162,1634490000,865510000,2500000000,31,143,174,-10820000,10820000,0,5,7,12
1_1685,1745250000,754750000,2500000000,23,134,157,1754000000,746000000,2500000000,24,138,162,8750000,-8750000,0,1,4,5
1_1686,2274070000,189720000,2463790000,36,134,170,2279260000,184530000,2463790000,40,146,186,5190000,-5190000,0,4,12,16
1_1687,2115680000,23590000,2139270000,26,131,157,2116000000,23270000,2139270000,34,133,167,320000,-320000,0,8,2,10
1_1688,2153280000,15760000,2169040000,31,113,144,2154270000,14770000,2169040000,33,125,158,990000,-990000,0,2,12,14
1_1689,2079890000,420110000,2500000000,30,146,176,2089800000,410200000,2500000000,29,138,167,9910000,-9910000,0,-1,-8,-9
1_1690,1760230000,739770000,2500000000,27,131,158,1781190000,718810000,2500000000,29,141,170,20960000,-20960000,0,2,10,12
1_1691,2303050000,196950000,2500000000,28,133,161,2295030000,204970000,2500000000,32,144,176,-8020000,8020000,0,4,11,15
1_1692,1770960000,729040000,2500000000,32,142,174,1785830000,714170000,2500000000,35,153,188,14870000,-14870000,0,3,11,14
1_1693,2391970000,108030000,2500000000,29,129,158,2391740000,108260000,2500000000,32,135,167,-230000,230000,0,3,6,9
1_1694,2430230000,69770000,2500000000,26,122,148,2430270000,69730000,2500000000,26,136,162,40000,-40000,0,0,14,14
1_1695,2474310000,25690000,2500000000,26,124,150,2458880000,41120000,2500000000,28,132,160,-15430000,15430000,0,2,8,10
1_1696,2479600000,20400000,2500000000,27,117,144,2464390000,35610000,2500000000,27,121,148,-15210000,15210000,0,0,4,4
1_1697,2456840000,43160000,2500000000,28,126,154,2452520000,47480000,2500000000,32,128,160,-4320000,4320000,0,4,2,6
1_1698,2313710000,186290000,2500000000,31,126,157,2280850000,219150000,2500000000,33,135,168,-32860000,32860000,0,2,9,11
1_1699,2456140000,43860000,2500000000,28,130,158,2425520000,74480000,2500000000,30,127,157,-30620000,30620000,0,2,-3,-1
1_1700,2440890000,59110000,2500000000,31,129,160,2425050000,74950000,2500000000,32,133,165,-15840000,15840000,0,1,4,5
1_1701,2236340000,263660000,2500000000,27,118,145,2212870000,287130000,2500000000,33,134,167,-23470000,23470000,0,6,16,22
1_1702,2438200000,61800000,2500000000,28,121,149,2432730000,67270000,2500000000,30,137,167,-5470000,5470000,0,2,16,18
1_1703,2340760000,159240000,2500000000,27,115,142,2273520000,226480000,2500000000,30,131,161,-67240000,67240000,0,3,16,19
1_1704,2447300000,52700000,2500000000,26,119,145,2405720000,94280000,2500000000,28,126,154,-41580000,41580000,0,2,7,9
1_1705,1161400000,1338600000,2500000000,17,121,138,1263760000,1236240000,2500000000,20,138,158,102360000,-102360000,0,3,17,20
1_1706,1633750000,861860000,2495610000,12,119,131,1693270000,799980000,2493250000,23,133,156,59520000,-61880000,-2360000,11,14,25
1_1707,523790000,366270000,890060000,26,138,164,632080000,280220000,912300000,29,154,183,108290000,-86050000,22240000,3,16,19
1_1708,1328090000,340260000,1668350000,21,128,149,1405100000,308140000,1713240000,23,124,147,77010000,-32120000,44890000,2,-4,-2
1_1709,1464190000,863190000,2327380000,16,121,137,1569980000,815450000,2385430000,23,138,161,105790000,-47740000,58050000,7,17,24
1_1710,1278780000,233460000,1512240000,20,132,152,1313160000,199080000,1512240000,25,142,167,34380000,-34380000,0,5,10,15
1_1711,1388660000,575050000,1963710000,21,141,162,1421420000,542290000,1963710000,25,133,158,32760000,-32760000,0,4,-8,-4
1_1712,2102830000,397170000,2500000000,23,136,159,2102750000,397250000,2500000000,27,148,175,-80000,80000,0,4,12,16
1_1713,1539770000,66140000,1605910000,19,132,151,1546770000,58980000,1605750000,22,137,159,7000000,-7160000,-160000,3,5,8
1_1714,2421420000,78580000,2500000000,28,123,151,2406650000,93350000,2500000000,27,137,164,-14770000,14770000,0,-1,14,13
1_1715,2260360000,229270000,2489630000,37,143,180,2274960000,214640000,2489600000,41,152,193,14600000,-14630000,-30000,4,9,13
1_1716,1983140000,254540000,2237680000,31,139,170,1985140000,252550000,2237690000,32,149,181,2000000,-1990000,10000,1,10,11
1_1717,2448140000,51860000,2500000000,28,122,150,2422330000,77670000,2500000000,28,136,164,-25810000,25810000,0,0,14,14
1_1718,2445810000,54190000,2500000000,26,118,144,2431760000,68240000,2500000000,31,134,165,-14050000,14050000,0,5,16,21
1_1719,2461720000,38280000,2500000000,29,123,152,2430540000,69460000,2500000000,26,131,157,-31180000,31180000,0,-3,8,5
1_1720,2488150000,11850000,2500000000,26,121,147,2479880000,20120000,2500000000,22,123,145,-8270000,8270000,0,-4,2,-2
1_1721,2343970000,156030000,2500000000,27,119,146,2323670000,176330000,2500000000,30,133,163,-20300000,20300000,0,3,14,17
1_1722,2414720000,85280000,2500000000,29,121,150,2405040000,94960000,2500000000,30,139,169,-9680000,9680000,0,1,18,19
1_1723,2441630000,58370000,2500000000,28,114,142,2434570000,65430000,2500000000,27,131,158,-7060000,7060000,0,-1,17,16
1_1724,2483130000,16870000,2500000000,28,121,149,2480420000,19580000,2500000000,23,116,139,-2710000,2710000,0,-5,-5,-10
1_1725,2409150000,90850000,2500000000,24,117,141,2380880000,119120000,2500000000,28,123,151,-28270000,28270000,0,4,6,10
1_1726,2279690000,220310000,2500000000,30,134,164,2249410000,250590000,2500000000,31,134,165,-30280000,30280000,0,1,0,1
1_1727,2470150000,29850000,2500000000,26,108,134,2460370000,39630000,2500000000,31,122,153,-9780000,9780000,0,5,14,19
1_1728,2453470000,46530000,2500000000,26,117,143,2448170000,51830000,2500000000,28,125,153,-5300000,5300000,0,2,8,10
1_1729,2441080000,58920000,2500000000,28,124,152,2434350000,65650000,2500000000,29,139,168,-6730000,6730000,0,1,15,16
1_1730,1663310000,87380000,1750690000,29,136,165,1666470000,84150000,1750620000,31,144,175,3160000,-3230000,-70000,2,8,10
1_1731,2376850000,123150000,2500000000,27,128,155,2381060000,118940000,2500000000,31,144,175,4210000,-4210000,0,4,16,20
1_1732,2322540000,177460000,2500000000,30,133,163,2312450000,187550000,2500000000,33,142,175,-10090000,10090000,0,3,9,12
1_1733,2484550000,14380000,2498930000,26,112,138,2478470000,20460000,2498930000,26,124,150,-6080000,6080000,0,0,12,12
1_1734,2447540000,52460000,2500000000,28,120,148,2441680000,58320000,2500000000,30,130,160,-5860000,5860000,0,2,10,12
1_1735,2403040000,87440000,2490480000,40,148,188,2363810000,126670000,2490480000,45,152,197,-39230000,39230000,0,5,4,9
1_1736,2179080000,320920000,2500000000,27,122,149,2139990000,360010000,2500000000,36,145,181,-39090000,39090000,0,9,23,32
1_1737,2432100000,49520000,2481620000,36,123,159,2431050000,50570000,2481620000,40,139,179,-1050000,1050000,0,4,16,20
1_1738,2493560000,6440000,2500000000,32,106,138,2486450000,13550000,2500000000,34,102,136,-7110000,7110000,0,2,-4,-2
1_1739,2340600000,159400000,2500000000,31,120,151,2316490000,183510000,2500000000,31,134,165,-24110000,24110000,0,0,14,14
1_1740,2023110000,476890000,2500000000,37,143,180,1971630000,528370000,2500000000,39,155,194,-51480000,51480000,0,2,12,14
1_1741,2337190000,162810000,2500000000,31,122,153,2267910000,232090000,2500000000,30,133,163,-69280000,69280000,0,-1,11,10
1_1742,2424450000,75550000,2500000000,31,121,152,2388540000,111460000,2500000000,33,138,171,-35910000,35910000,0,2,17,19
1_1743,2424930000,75070000,2500000000,31,122,153,2405360000,94640000,2500000000,33,133,166,-19570000,19570000,0,2,11,13
1_1744,2481970000,18030000,2500000000,35,126,161,2470980000,29020000,2500000000,41,130,171,-10990000,10990000,0,6,4,10
1_1745,2304110000,195890000,2500000000,39,138,177,2274770000,225230000,2500000000,47,158,205,-29340000,29340000,0,8,20,28
1_1746,2491980000,8020000,2500000000,33,111,144,2484490000,15510000,2500000000,27,113,140,-7490000,7490000,0,-6,2,-4
1_1747,2492190000,7810000,2500000000,30,114,144,2484020000,15980000,2500000000,32,124,156,-8170000,8170000,0,2,10,12
1_1748,2450650000,49350000,2500000000,30,113,143,2439700000,60300000,2500000000,36,131,167,-10950000,10950000,0,6,18,24
1_1749,2477500000,22500000,2500000000,31,104,135,2464680000,35320000,2500000000,31,123,154,-12820000,12820000,0,0,19,19
1_1750,2495290000,4710000,2500000000,29,105,134,2491360000,8640000,2500000000,31,119,150,-3930000,3930000,0,2,14,16
1_1751,2494490000,5510000,2500000000,33,105,138,2487250000,12750000,2500000000,29,107,136,-7240000,7240000,0,-4,2,-2
1_1752,2496350000,3650000,2500000000,27,88,115,2497530000,2470000,2500000000,30,101,131,1180000,-1180000,0,3,13,16
1_1753,2499210000,790000,2500000000,29,97,126,2498250000,1750000,2500000000,28,102,130,-960000,960000,0,-1,5,4
1_1754,2487260000,12740000,2500000000,30,99,129,2481280000,18720000,2500000000,29,108,137,-5980000,5980000,0,-1,9,8
1_1755,2498990000,1010000,2500000000,28,96,124,2498150000,1850000,2500000000,28,95,123,-840000,840000,0,0,-1,-1
1_1756,2499600000,400000,2500000000,27,79,106,2500000000,0,2500000000,30,90,120,400000,-400000,0,3,11,14
1_1757,2488970000,11030000,2500000000,29,95,124,2476680000,23320000,2500000000,32,106,138,-12290000,12290000,0,3,11,14
1_1758,2500000000,0,2500000000,31,87,118,2500000000,0,2500000000,26,87,113,0,0,0,-5,0,-5
1_1759,2498820000,1180000,2500000000,33,95,128,2497670000,2330000,2500000000,30,100,130,-1150000,1150000,0,-3,5,2
1_1760,2500000000,0,2500000000,18,53,71,2500000000,0,2500000000,20,63,83,0,0,0,2,10,12
1_1761,2500000000,0,2500000000,30,83,113,2500000000,0,2500000000,29,80,109,0,0,0,-1,-3,-4
1_1762,2500000000,0,2500000000,30,91,121,2500000000,0,2500000000,34,85,119,0,0,0,4,-6,-2
1_1763,2498520000,1480000,2500000000,34,97,131,2498310000,1690000,2500000000,36,98,134,-210000,210000,0,2,1,3
1_1764,2495720000,4280000,2500000000,37,86,123,2495280000,4720000,2500000000,37,94,131,-440000,440000,0,0,8,8
1_1765,2499580000,420000,2500000000,28,71,99,2499580000,420000,2500000000,24,67,91,0,0,0,-4,-4,-8
1_1766,2500000000,0,2500000000,23,61,84,2500000000,0,2500000000,25,70,95,0,0,0,2,9,11
1_1767,2499390000,610000,2500000000,35,91,126,2499710000,290000,2500000000,34,98,132,320000,-320000,0,-1,7,6
1_1768,2499400000,600000,2500000000,38,56,94,2499400000,600000,2500000000,28,40,68,0,0,0,-10,-16,-26
1_1769,2498490000,1510000,2500000000,26,68,94,2498490000,1510000,2500000000,25,62,87,0,0,0,-1,-6,-7
1_1770,2494000000,6000000,2500000000,27,108,135,2483160000,16840000,2500000000,30,122,152,-10840000,10840000,0,3,14,17
1_1771,2490420000,9580000,2500000000,26,107,133,2488220000,11780000,2500000000,29,121,150,-2200000,2200000,0,3,14,17
1_1772,2474490000,25510000,2500000000,27,114,141,2462710000,37290000,2500000000,30,131,161,-11780000,11780000,0,3,17,20
1_1773,2497370000,2630000,2500000000,32,109,141,2491940000,8060000,2500000000,34,121,155,-5430000,5430000,0,2,12,14
1_1774,2500000000,0,2500000000,33,116,149,2493000000,7000000,2500000000,31,112,143,-7000000,7000000,0,-2,-4,-6
1_1775,2494280000,5720000,2500000000,25,104,129,2491020000,8980000,2500000000,32,114,146,-3260000,3260000,0,7,10,17
1_1776,2485830000,14170000,2500000000,28,102,130,2486360000,13640000,2500000000,28,108,136,530000,-530000,0,0,6,6
1_1777,2497060000,2940000,2500000000,31,106,137,2494240000,5760000,2500000000,33,107,140,-2820000,2820000,0,2,1,3
1_1778,2497950000,1960000,2499910000,28,94,122,2496070000,3840000,2499910000,35,111,146,-1880000,1880000,0,7,17,24
1_1779,2499210000,790000,2500000000,28,97,125,2499050000,950000,2500000000,33,101,134,-160000,160000,0,5,4,9
1_1780,2488330000,11670000,2500000000,29,101,130,2487360000,12640000,2500000000,35,117,152,-970000,970000,0,6,16,22
1_1781,2498020000,1980000,2500000000,27,95,122,2497360000,2640000,2500000000,32,102,134,-660000,660000,0,5,7,12
1_1782,2497570000,2430000,2500000000,32,96,128,2498180000,1820000,2500000000,34,102,136,610000,-610000,0,2,6,8
1_1783,2500000000,0,2500000000,32,96,128,2491500000,8500000,2500000000,29,90,119,-8500000,8500000,0,-3,-6,-9
1_1784,2494750000,0,2494750000,29,83,112,2494730000,0,2494730000,26,83,109,-20000,0,-20000,-3,0,-3
1_1785,2500000000,0,2500000000,34,93,127,2500000000,0,2500000000,33,97,130,0,0,0,-1,4,3
1_1786,2489030000,10970000,2500000000,36,108,144,2489070000,10930000,2500000000,37,116,153,40000,-40000,0,1,8,9
1_1787,2493820000,6180000,2500000000,29,81,110,2493780000,6220000,2500000000,31,96,127,-40000,40000,0,2,15,17
1_1788,2500000000,0,2500000000,35,81,116,2500000000,0,2500000000,30,94,124,0,0,0,-5,13,8
1_1789,2489750000,10250000,2500000000,34,68,102,2489750000,10250000,2500000000,37,81,118,0,0,0,3,13,16
1_1790,2498840000,1160000,2500000000,36,84,120,2499040000,960000,2500000000,40,104,144,200000,-200000,0,4,20,24
1_1791,2500000000,0,2500000000,25,60,85,2499770000,230000,2500000000,23,63,86,-230000,230000,0,-2,3,1
1_1792,2497350000,2650000,2500000000,29,60,89,2496630000,3370000,2500000000,34,63,97,-720000,720000,0,5,3,8
1_1793,2309540000,0,2309540000,27,103,130,2308350000,1250000,2309600000,27,99,126,-1190000,1250000,60000,0,-4,-4
1_1794,2484960000,9250000,2494210000,26,109,135,2481600000,12620000,2494220000,28,125,153,-3360000,3370000,10000,2,16,18
1_1795,1916780000,280000,1917060000,32,110,142,1915120000,1950000,1917070000,32,105,137,-1660000,1670000,10000,0,-5,-5
1_1796,1661880000,370000,1662250000,24,99,123,1661590000,650000,1662240000,30,106,136,-290000,280000,-10000,6,7,13
1_1797,2151530000,19800000,2171330000,36,123,159,2136390000,34880000,2171270000,37,141,178,-15140000,15080000,-60000,1,18,19
1_1798,969860000,1530140000,2500000000,17,132,149,1017500000,1482500000,2500000000,18,125,143,47640000,-47640000,0,1,-7,-6
1_1799,2482170000,17830000,2500000000,29,124,153,2478810000,21190000,2500000000,32,142,174,-3360000,3360000,0,3,18,21
1_1800,2365770000,39600000,2405370000,29,123,152,2343900000,61470000,2405370000,31,145,176,-21870000,21870000,0,2,22,24
1_1801,2031100000,22170000,2053270000,26,123,149,2029090000,24170000,2053260000,33,133,166,-2010000,2000000,-10000,7,10,17
1_1802,1510580000,833960000,2344540000,28,121,149,1512100000,832440000,2344540000,19,112,131,1520000,-1520000,0,-9,-9,-18
1_1803,1995320000,504680000,2500000000,19,135,154,1579150000,920850000,2500000000,22,138,160,-416170000,416170000,0,3,3,6
1_1804,2244270000,1140000,2245410000,25,47,72,2244270000,1140000,2245410000,28,60,88,0,0,0,3,13,16
4_001,6622490000,7739740000,14362230000,27,151,178,6623900000,7738330000,14362230000,29,157,186,1410000,-1410000,0,2,6,8
4_002,7722200000,3008670000,10730870000,23,139,162,7974430000,2717310000,10691740000,39,101,140,252230000,-291360000,-39130000,16,-38,-22
4_003,2204920000,6911640000,9116560000,15,125,140,2214780000,6901780000,9116560000,25,146,171,9860000,-9860000,0,10,21,31
4_004,9265490000,810000,9266300000,23,146,169,9266300000,0,9266300000,33,97,130,810000,-810000,0,10,-49,-39
4_005,5128700000,5812250000,10940950000,23,125,148,5131870000,5809080000,10940950000,20,103,123,3170000,-3170000,0,-3,-22,-25
4_006,1855180000,3831170000,5686350000,28,132,160,1930990000,3755360000,5686350000,11,95,106,75810000,-75810000,0,-17,-37,-54
4_007,1466680000,3766400000,5233080000,34,136,170,1467830000,3786720000,5254550000,32,139,171,1150000,20320000,21470000,-2,3,1
4_008,13766460000,434230000,14200690000,22,153,175,13750980000,449710000,14200690000,25,136,161,-15480000,15480000,0,3,-17,-14
4_009,9571010000,9619500000,19190510000,32,160,192,9628340000,9562170000,19190510000,32,157,189,57330000,-57330000,0,0,-3,-3
4_010,9707220000,3737660000,13444880000,20,147,167,10438930000,3005950000,13444880000,35,142,177,731710000,-731710000,0,15,-5,10
4_011,4172750000,6284380000,10457130000,26,161,187,4279990000,6177140000,10457130000,36,100,136,107240000,-107240000,0,10,-61,-51
4_012,5683670000,3407820000,9091490000,36,138,174,5544400000,3547090000,9091490000,18,135,153,-139270000,139270000,0,-18,-3,-21
4_013,7523750000,1607820000,9131570000,25,146,171,7638360000,1493210000,9131570000,44,111,155,114610000,-114610000,0,19,-35,-16
4_014,5112270000,9157970000,14270240000,33,131,164,5144330000,9125910000,14270240000,35,155,190,32060000,-32060000,0,2,24,26
4_015,4887740000,5563580000,10451320000,28,158,186,4897750000,5553570000,10451320000,28,160,188,10010000,-10010000,0,0,2,2
4_016,9699990000,1082210000,10782200000,35,167,202,9494480000,1287720000,10782200000,26,151,177,-205510000,205510000,0,-9,-16,-25
4_017,5552950000,2782090000,8335040000,22,128,150,5538710000,2796330000,8335040000,26,153,179,-14240000,14240000,0,4,25,29
4_018,6214460000,4470610000,10685070000,14,118,132,6512130000,4245480000,10757610000,34,143,177,297670000,-225130000,72540000,20,25,45
4_019,14902230000,5187080000,20089310000,27,160,187,14724270000,5365040000,20089310000,27,145,172,-177960000,177960000,0,0,-15,-15
4_020,4758510000,6320550000,11079060000,26,134,160,4913000000,6178950000,11091950000,29,147,176,154490000,-141600000,12890000,3,13,16
4_021,13648990000,183820000,13832810000,36,167,203,13623560000,209250000,13832810000,20,124,144,-25430000,25430000,0,-16,-43,-59
4_022,7788170000,5109060000,12897230000,27,160,187,8074090000,4823140000,12897230000,24,137,161,285920000,-285920000,0,-3,-23,-26
4_023,7957520000,1084100000,9041620000,24,131,155,7781560000,1260060000,9041620000,30,147,177,-175960000,175960000,0,6,16,22
4_024,6735950000,3711610000,10447560000,31,71,102,6691600000,3755960000,10447560000,20,126,146,-44350000,44350000,0,-11,55,44
4_025,4248110000,5845820000,10093930000,30,148,178,4378990000,5727640000,10106630000,27,146,173,130880000,-118180000,12700000,-3,-2,-5
4_026,9159380000,922570000,10081950000,38,107,145,9258950000,823000000,10081950000,27,151,178,99570000,-99570000,0,-11,44,33
4_027,5467440000,4326950000,9794390000,30,157,187,5720840000,4096140000,9816980000,23,127,150,253400000,-230810000,22590000,-7,-30,-37
4_028,5822590000,4509260000,10331850000,36,138,174,5847640000,4484210000,10331850000,48,161,209,25050000,-25050000,0,12,23,35
4_029,7583040000,3195190000,10778230000,26,153,179,6924290000,3853940000,10778230000,30,140,170,-658750000,658750000,0,4,-13,-9
4_030,3545520000,2060670000,5606190000,28,144,172,3557780000,2048410000,5606190000,17,118,135,12260000,-12260000,0,-11,-26,-37
4_031,1725030000,8721260000,10446290000,38,111,149,1730990000,8715300000,10446290000,27,129,156,5960000,-5960000,0,-11,18,7
4_032,5896730000,4801490000,10698220000,37,115,152,6062040000,4636180000,10698220000,32,91,123,165310000,-165310000,0,-5,-24,-29
4_033,10165550000,4452610000,14618160000,41,154,195,10162640000,4455520000,14618160000,16,130,146,-2910000,2910000,0,-25,-24,-49
4_034,3629980000,6697360000,10327340000,37,122,159,3735300000,6592040000,10327340000,27,165,192,105320000,-105320000,0,-10,43,33
4_035,7617890000,3450190000,11068080000,35,128,163,7716380000,3351700000,11068080000,33,136,169,98490000,-98490000,0,-2,8,6
4_036,1595890000,10986100000,12581990000,12,108,120,1643320000,10938670000,12581990000,31,161,192,47430000,-47430000,0,19,53,72
4_037,843330000,3886110000,4729440000,23,148,171,822430000,3907010000,4729440000,29,151,180,-20900000,20900000,0,6,3,9
4_038,2889710000,2556160000,5445870000,33,132,165,2749710000,2696160000,5445870000,26,146,172,-140000000,140000000,0,-7,14,7
4_039,7354600000,352610000,7707210000,30,166,196,7319670000,387540000,7707210000,29,137,166,-34930000,34930000,0,-1,-29,-30
4_040,12505170000,41190000,12546360000,23,136,159,12495820000,50540000,12546360000,25,133,158,-9350000,9350000,0,2,-3,-1
4_041,10164170000,921500000,11085670000,20,140,160,10069120000,1016550000,11085670000,16,120,136,-95050000,95050000,0,-4,-20,-24
4_042,3128980000,7856970000,10985950000,27,161,188,3199490000,7786460000,10985950000,31,147,178,70510000,-70510000,0,4,-14,-10
4_043,8055840000,5769550000,13825390000,31,159,190,8067590000,5757800000,13825390000,24,142,166,11750000,-11750000,0,-7,-17,-24
4_044,11398880000,6464090000,17862970000,24,147,171,11472110000,6390860000,17862970000,32,131,163,73230000,-73230000,0,8,-16,-8
4_045,11298940000,2533000000,13831940000,23,129,152,11307240000,2524700000,13831940000,26,162,188,8300000,-8300000,0,3,33,36
4_046,4175620000,5905920000,10081540000,46,146,192,4221160000,5860380000,10081540000,23,139,162,45540000,-45540000,0,-23,-7,-30
4_047,4777620000,7612030000,12389650000,30,155,185,4888440000,7501210000,12389650000,30,136,166,110820000,-110820000,0,0,-19,-19
4_048,3701270000,6985600000,10686870000,22,143,165,3937270000,6749600000,10686870000,25,148,173,236000000,-236000000,0,3,5,8
4_049,3580040000,4749130000,8329170000,36,165,201,3548550000,4780620000,8329170000,29,158,187,-31490000,31490000,0,-7,-7,-14
4_050,8971950000,1786300000,10758250000,39,183,222,8972880000,1785370000,10758250000,30,159,189,930000,-930000,0,-9,-24,-33
4_051,10123370000,156330000,10279700000,27,150,177,10117390000,162310000,10279700000,20,135,155,-5980000,5980000,0,-7,-15,-22
4_052,3493390000,4659950000,8153340000,28,123,151,3371210000,4782130000,8153340000,29,150,179,-122180000,122180000,0,1,27,28
4_053,3839410000,8967840000,12807250000,15,120,135,4078690000,8728560000,12807250000,25,138,163,239280000,-239280000,0,10,18,28
4_054,4983200000,7833680000,12816880000,29,163,192,4858470000,7958410000,12816880000,24,153,177,-124730000,124730000,0,-5,-10,-15
4_055,3598860000,2202510000,5801370000,17,126,143,3623770000,1982610000,5606380000,17,108,125,24910000,-219900000,-194990000,0,-18,-18
4_056,5525490000,20570000,5546060000,22,149,171,5523210000,22850000,5546060000,26,167,193,-2280000,2280000,0,4,18,22
4_057,11036710000,87250000,11123960000,24,160,184,10998620000,125340000,11123960000,22,137,159,-38090000,38090000,0,-2,-23,-25
4_058,8927610000,3369080000,12296690000,23,122,145,9053990000,3242700000,12296690000,26,154,180,126380000,-126380000,0,3,32,35
4_059,4862150000,6360990000,11223140000,32,146,178,4878160000,6344980000,11223140000,35,147,182,16010000,-16010000,0,3,1,4
4_060,7100310000,3867880000,10968190000,43,150,193,7201140000,3767050000,10968190000,31,151,182,100830000,-100830000,0,-12,1,-11
4_061,3754980000,7288420000,11043400000,25,153,178,3058420000,7984980000,11043400000,19,143,162,-696560000,696560000,0,-6,-10,-16
4_062,1607140000,3558160000,5165300000,28,147,175,1631170000,3534130000,5165300000,27,149,176,24030000,-24030000,0,-1,2,1
4_063,3946040000,4849630000,8795670000,25,138,163,3883130000,4912540000,8795670000,19,121,140,-62910000,62910000,0,-6,-17,-23
4_064,1611570000,12928740000,14540310000,16,131,147,1625390000,12914920000,14540310000,23,141,164,13820000,-13820000,0,7,10,17
4_065,4446750000,4474320000,8921070000,31,158,189,4388690000,4532380000,8921070000,13,108,121,-58060000,58060000,0,-18,-50,-68
4_066,6167770000,1366340000,7534110000,14,96,110,6132920000,1401190000,7534110000,38,117,155,-34850000,34850000,0,24,21,45
4_067,1156200000,3989070000,5145270000,21,134,155,1451480000,3693790000,5145270000,30,159,189,295280000,-295280000,0,9,25,34
4_068,12054010000,2237990000,14292000000,16,129,145,12035450000,2256550000,14292000000,26,147,173,-18560000,18560000,0,10,18,28
4_069,4434240000,6018380000,10452620000,23,140,163,4413770000,6038850000,10452620000,31,155,186,-20470000,20470000,0,8,15,23
4_070,5765970000,5035260000,10801230000,15,137,152,5769350000,5031880000,10801230000,23,145,168,3380000,-3380000,0,8,8,16
4_071,3518930000,6907340000,10426270000,23,150,173,3505230000,6921040000,10426270000,35,127,162,-13700000,13700000,0,12,-23,-11
4_072,9240630000,111510000,9352140000,21,146,167,9236940000,115200000,9352140000,28,155,183,-3690000,3690000,0,7,9,16
4_073,5886870000,3038600000,8925470000,27,165,192,5943710000,2981760000,8925470000,16,98,114,56840000,-56840000,0,-11,-67,-78
4_074,2190050000,8503060000,10693110000,28,149,177,2172380000,8520730000,10693110000,23,153,176,-17670000,17670000,0,-5,4,-1
4_075,7195270000,2004830000,9200100000,28,155,183,7189370000,2010730000,9200100000,16,122,138,-5900000,5900000,0,-12,-33,-45
4_076,9039470000,171980000,9211450000,25,100,125,8965780000,245670000,9211450000,30,118,148,-73690000,73690000,0,5,18,23
4_077,4628180000,4095350000,8723530000,26,145,171,4708710000,4014820000,8723530000,29,156,185,80530000,-80530000,0,3,11,14
4_078,5094370000,25770000,5120140000,23,142,165,5086920000,33220000,5120140000,39,149,188,-7450000,7450000,0,16,7,23
4_079,4796900000,5540470000,10337370000,19,141,160,5048050000,5289320000,10337370000,17,131,148,251150000,-251150000,0,-2,-10,-12
4_080,5308880000,4027200000,9336080000,32,140,172,5314910000,4021170000,9336080000,39,136,175,6030000,-6030000,0,7,-4,3
4_081,4692130000,4278350000,8970480000,26,153,179,4699900000,4270580000,8970480000,24,165,189,7770000,-7770000,0,-2,12,10
4_082,5093040000,9004850000,14097890000,19,127,146,5165910000,8931980000,14097890000,34,145,179,72870000,-72870000,0,15,18,33
4_083,6731390000,5825600000,12556990000,25,150,175,7011150000,5545840000,12556990000,37,142,179,279760000,-279760000,0,12,-8,4
4_084,5599740000,4208670000,9808410000,23,167,190,5477980000,3956790000,9434770000,29,154,183,-121760000,-251880000,-373640000,6,-13,-7
4_085,7861300000,2887040000,10748340000,33,151,184,7997700000,2750640000,10748340000,30,102,132,136400000,-136400000,0,-3,-49,-52
4_086,2026320000,5553780000,7580100000,42,105,147,1911160000,5668940000,7580100000,30,126,156,-115160000,115160000,0,-12,21,9
4_087,12454110000,7232750000,19686860000,27,164,191,12520050000,7166810000,19686860000,27,147,174,65940000,-65940000,0,0,-17,-17
4_088,5013790000,5274910000,10288700000,37,124,161,4999670000,5289030000,10288700000,15,136,151,-14120000,14120000,0,-22,12,-10
4_089,9036220000,55190000,9091410000,25,152,177,9031930000,59480000,9091410000,33,150,183,-4290000,4290000,0,8,-2,6
4_090,4078990000,1427000000,5505990000,36,121,157,4145030000,1360960000,5505990000,48,167,215,66040000,-66040000,0,12,46,58
4_091,6253260000,2827790000,9081050000,26,134,160,6521550000,2559500000,9081050000,30,121,151,268290000,-268290000,0,4,-13,-9
4_092,6285740000,4634710000,10920450000,39,91,130,6228890000,4021670000,10250560000,29,116,145,-56850000,-613040000,-669890000,-10,25,15
4_093,3026430000,7043650000,10070080000,33,112,145,2878750000,7191330000,10070080000,37,144,181,-147680000,147680000,0,4,32,36
4_094,8563940000,30240000,8594180000,28,102,130,8562180000,32000000,8594180000,21,136,157,-1760000,1760000,0,-7,34,27
4_095,16214620000,467540000,16682160000,19,134,153,16162730000,519410000,16682140000,24,149,173,-51890000,51870000,-20000,5,15,20
4_096,11117350000,3570000,11120920000,31,132,163,11104880000,16020000,11120900000,39,150,189,-12470000,12450000,-20000,8,18,26
4_097,7485510000,6948830000,14434340000,22,97,119,7638190000,6796150000,14434340000,27,149,176,152680000,-152680000,0,5,52,57
4_098,7586190000,278120000,7864310000,19,120,139,7579220000,285090000,7864310000,26,152,178,-6970000,6970000,0,7,32,39
4_099,12906420000,8180000,12914600000,16,143,159,12905810000,8790000,12914600000,28,142,170,-610000,610000,0,12,-1,11
4_100,9033690000,173080000,9206770000,23,155,178,8952620000,254150000,9206770000,29,110,139,-81070000,81070000,0,6,-45,-39
4_101,5625930000,4716040000,10341970000,44,159,203,5621190000,4720780000,10341970000,13,130,143,-4740000,4740000,0,-31,-29,-60
4_102,2214230000,2961100000,5175330000,32,140,172,2362200000,2813130000,5175330000,24,145,169,147970000,-147970000,0,-8,5,-3
4_103,10417180000,4220000,10421400000,23,153,176,10417550000,3850000,10421400000,21,150,171,370000,-370000,0,-2,-3,-5
4_104,7442420000,820030000,8262450000,44,158,202,7486200000,776250000,8262450000,29,139,168,43780000,-43780000,0,-15,-19,-34
4_105,9175790000,872020000,10047810000,19,126,145,9163160000,884650000,10047810000,28,149,177,-12630000,12630000,0,9,23,32
4_106,7615980000,3467460000,11083440000,29,155,184,7397090000,3686350000,11083440000,24,119,143,-218890000,218890000,0,-5,-36,-41
4_107,4636440000,6347270000,10983710000,17,139,156,4681160000,6302550000,10983710000,16,144,160,44720000,-44720000,0,-1,5,4
4_108,11452400000,4206980000,15659380000,21,146,167,11548470000,4110910000,15659380000,22,142,164,96070000,-96070000,0,1,-4,-3
4_109,5301980000,4784900000,10086880000,23,145,168,5371350000,4715530000,10086880000,24,151,175,69370000,-69370000,0,1,6,7
4_110,10473040000,1052860000,11525900000,26,152,178,10392650000,1133250000,11525900000,26,141,167,-80390000,80390000,0,0,-11,-11
4_111,6856420000,1297390000,8153810000,34,141,175,6842430000,1311380000,8153810000,24,152,176,-13990000,13990000,0,-10,11,1
4_112,4821250000,9507710000,14328960000,11,119,130,4826390000,9502570000,14328960000,25,130,155,5140000,-5140000,0,14,11,25
4_113,3116040000,7596630000,10712670000,23,150,173,3138770000,7573900000,10712670000,21,145,166,22730000,-22730000,0,-2,-5,-7
4_114,3664270000,4568220000,8232490000,35,151,186,3225040000,5007450000,8232490000,19,124,143,-439230000,439230000,0,-16,-27,-43
4_115,3975490000,4950620000,8926110000,19,108,127,3855200000,5070910000,8926110000,39,140,179,-120290000,120290000,0,20,32,52
4_116,10871200000,247740000,11118940000,24,148,172,10810930000,308010000,11118940000,34,133,167,-60270000,60270000,0,10,-15,-5
4_117,11718230000,4913970000,16632200000,24,135,159,11720730000,4911470000,16632200000,26,131,157,2500000,-2500000,0,2,-4,-2
4_118,973750000,9859580000,10833330000,42,113,155,807740000,10025590000,10833330000,46,137,183,-166010000,166010000,0,4,24,28
4_119,8606050000,888490000,9494540000,37,183,220,8654820000,839720000,9494540000,41,133,174,48770000,-48770000,0,4,-50,-46
4_120,6788840000,5895670000,12684510000,31,93,124,6985140000,5699370000,12684510000,33,160,193,196300000,-196300000,0,2,67,69
4_121,3479020000,5437080000,8916100000,23,154,177,3500140000,5415960000,8916100000,20,145,165,21120000,-21120000,0,-3,-9,-12
4_122,13482750000,635690000,14118440000,41,137,178,13444120000,674320000,14118440000,26,149,175,-38630000,38630000,0,-15,12,-3
4_123,7446900000,2638770000,10085670000,26,161,187,7429900000,2655770000,10085670000,31,145,176,-17000000,17000000,0,5,-16,-11
4_124,3228090000,1578760000,4806850000,14,115,129,3233050000,1573800000,4806850000,39,146,185,4960000,-4960000,0,25,31,56
4_125,2797250000,7910390000,10707640000,27,158,185,2804970000,7902670000,10707640000,24,146,170,7720000,-7720000,0,-3,-12,-15
4_126,8176570000,5650520000,13827090000,26,131,157,8251840000,5575250000,13827090000,33,90,123,75270000,-75270000,0,7,-41,-34
4_127,8069750000,9821390000,17891140000,29,167,196,7772520000,10118620000,17891140000,22,147,169,-297230000,297230000,0,-7,-20,-27
4_128,8939690000,1392210000,10331900000,33,116,149,8753340000,1578560000,10331900000,23,143,166,-186350000,186350000,0,-10,27,17
4_129,4730120000,6909950000,11640070000,20,147,167,4892890000,6747180000,11640070000,27,154,181,162770000,-162770000,0,7,7,14
4_130,9741310000,1342390000,11083700000,26,149,175,9740220000,1343450000,11083670000,20,123,143,-1090000,1060000,-30000,-6,-26,-32
4_131,3110700000,18343750000,21454450000,25,168,193,2995790000,18458660000,21454450000,17,111,128,-114910000,114910000,0,-8,-57,-65
4_132,8792070000,299560000,9091630000,34,171,205,8779710000,311920000,9091630000,28,151,179,-12360000,12360000,0,-6,-20,-26
4_133,12544910000,1573610000,14118520000,28,152,180,12518220000,1600300000,14118520000,33,153,186,-26690000,26690000,0,5,1,6
4_134,5291470000,5370290000,10661760000,37,138,175,5164660000,5497100000,10661760000,33,153,186,-126810000,126810000,0,-4,15,11
4_135,12043540000,892930000,12936470000,17,132,149,12088070000,848400000,12936470000,24,138,162,44530000,-44530000,0,7,6,13
4_136,4389810000,8447430000,12837240000,23,130,153,4232050000,8605190000,12837240000,36,97,133,-157760000,157760000,0,13,-33,-20
4_137,10726980000,371960000,11098940000,16,117,133,10676740000,422200000,11098940000,36,135,171,-50240000,50240000,0,20,18,38
4_138,4102850000,12542510000,16645360000,16,112,128,4137810000,12507550000,16645360000,28,141,169,34960000,-34960000,0,12,29,41
4_139,6837390000,3499950000,10337340000,16,131,147,6840780000,3496560000,10337340000,15,124,139,3390000,-3390000,0,-1,-7,-8
4_140,9236420000,20010000,9256430000,18,141,159,9220830000,35600000,9256430000,38,153,191,-15590000,15590000,0,20,12,32
4_141,6654070000,7076650000,13730720000,22,150,172,6648840000,7081880000,13730720000,12,112,124,-5230000,5230000,0,-10,-38,-48
4_142,11180390000,604350000,11784740000,14,125,139,11160390000,624350000,11784740000,26,146,172,-20000000,20000000,0,12,21,33
4_143,4201130000,8520870000,12722000000,16,139,155,4308740000,8413260000,12722000000,35,165,200,107610000,-107610000,0,19,26,45
4_144,8698040000,5784100000,14482140000,12,128,140,9158830000,5323310000,14482140000,40,120,160,460790000,-460790000,0,28,-8,20
4_145,2070040000,8359550000,10429590000,22,137,159,2011140000,8418450000,10429590000,31,161,192,-58900000,58900000,0,9,24,33
4_146,13238770000,6696630000,19935400000,36,137,173,13197980000,6737420000,19935400000,40,121,161,-40790000,40790000,0,4,-16,-12
4_147,4230540000,4565450000,8795990000,22,143,165,4189670000,4606320000,8795990000,31,168,199,-40870000,40870000,0,9,25,34
4_148,11173060000,3392440000,14565500000,29,152,181,10651730000,3913770000,14565500000,33,160,193,-521330000,521330000,0,4,8,12
4_149,6105010000,4237490000,10342500000,27,142,169,6149100000,4193400000,10342500000,23,148,171,44090000,-44090000,0,-4,6,2
4_150,8490070000,1732980000,10223050000,38,121,159,8277760000,1945290000,10223050000,28,146,174,-212310000,212310000,0,-10,25,15
4_151,3582070000,5919380000,9501450000,18,122,140,2674300000,6827150000,9501450000,25,130,155,-907770000,907770000,0,7,8,15
4_152,11105460000,28530000,11133990000,32,124,156,11078380000,55610000,11133990000,37,145,182,-27080000,27080000,0,5,21,26
4_153,4569140000,5883610000,10452750000,25,136,161,4558540000,5894210000,10452750000,30,152,182,-10600000,10600000,0,5,16,21
4_154,8885310000,36100000,8921410000,11,104,115,8885160000,36250000,8921410000,30,147,177,-150000,150000,0,19,43,62
4_155,2577590000,11674990000,14252580000,28,147,175,2637560000,11615020000,14252580000,46,160,206,59970000,-59970000,0,18,13,31
4_156,5685050000,6414550000,12099600000,16,130,146,5711220000,6388380000,12099600000,27,90,117,26170000,-26170000,0,11,-40,-29
4_157,3622030000,6736930000,10358960000,34,157,191,3737620000,6621340000,10358960000,23,154,177,115590000,-115590000,0,-11,-3,-14
4_158,8459950000,49690000,8509640000,21,143,164,8457940000,51700000,8509640000,37,144,181,-2010000,2010000,0,16,1,17
4_159,5724900000,10341900000,16066800000,39,148,187,6245870000,9820930000,16066800000,33,163,196,520970000,-520970000,0,-6,15,9
4_160,9740060000,49660000,9789720000,28,156,184,9737250000,52470000,9789720000,21,135,156,-2810000,2810000,0,-7,-21,-28
4_161,7544990000,5271910000,12816900000,33,154,187,8151780000,4665120000,12816900000,34,163,197,606790000,-606790000,0,1,9,10
4_162,8235100000,7412830000,15647930000,22,133,155,8223810000,7424120000,15647930000,30,136,166,-11290000,11290000,0,8,3,11
4_163,3330300000,2150640000,5480940000,24,151,175,2829940000,2651000000,5480940000,34,169,203,-500360000,500360000,0,10,18,28
4_164,7886740000,5350150000,13236890000,38,113,151,8305340000,4931550000,13236890000,21,142,163,418600000,-418600000,0,-17,29,12
4_165,10927060000,212290000,11139350000,30,152,182,10913710000,225640000,11139350000,27,147,174,-13350000,13350000,0,-3,-5,-8
4_166,11055650000,55050000,11110700000,16,128,144,11037860000,72840000,11110700000,23,139,162,-17790000,17790000,0,7,11,18
4_167,21984370000,1923970000,23908340000,21,129,150,21954050000,1954290000,23908340000,28,147,175,-30320000,30320000,0,7,18,25
4_168,3956860000,5209880000,9166740000,36,95,131,3966650000,5200090000,9166740000,21,136,157,9790000,-9790000,0,-15,41,26
4_169,8918240000,2412350000,11330590000,27,147,174,9012810000,2317780000,11330590000,28,149,177,94570000,-94570000,0,1,2,3
4_170,3545250000,7142840000,10688090000,24,134,158,3811780000,6876310000,10688090000,23,127,150,266530000,-266530000,0,-1,-7,-8
4_171,4073040000,1613310000,5686350000,37,121,158,4021620000,1664730000,5686350000,33,164,197,-51420000,51420000,0,-4,43,39
4_172,8556440000,6910000,8563350000,45,131,176,8556000000,7350000,8563350000,29,141,170,-440000,440000,0,-16,10,-6
4_173,3403050000,7059080000,10462130000,22,138,160,3403100000,7059030000,10462130000,35,141,176,50000,-50000,0,13,3,16
4_174,2308590000,6662780000,8971370000,30,165,195,2339360000,6632010000,8971370000,32,149,181,30770000,-30770000,0,2,-16,-14
4_175,13178380000,3515520000,16693900000,31,144,175,13212600000,3481300000,16693900000,28,133,161,34220000,-34220000,0,-3,-11,-14
4_176,6261590000,6439780000,12701370000,26,138,164,7076500000,5624870000,12701370000,28,150,178,814910000,-814910000,0,2,12,14
4_177,6089800000,4854440000,10944240000,28,158,186,6075820000,4868420000,10944240000,24,149,173,-13980000,13980000,0,-4,-9,-13
4_178,6502060000,3939310000,10441370000,30,168,198,6495850000,3945520000,10441370000,33,154,187,-6210000,6210000,0,3,-14,-11
4_179,7102290000,2084180000,9186470000,22,154,176,7051740000,2134730000,9186470000,28,156,184,-50550000,50550000,0,6,2,8
4_180,4382050000,778190000,5160240000,33,111,144,4314230000,846010000,5160240000,19,132,151,-67820000,67820000,0,-14,21,7
4_181,5242800000,7427710000,12670510000,18,141,159,5371820000,7298690000,12670510000,31,103,134,129020000,-129020000,0,13,-38,-25
4_182,8369760000,557290000,8927050000,27,154,181,8414340000,512710000,8927050000,14,125,139,44580000,-44580000,0,-13,-29,-42
4_183,7455430000,8645620000,16101050000,28,121,149,7667990000,8433060000,16101050000,32,116,148,212560000,-212560000,0,4,-5,-1
4_184,2834540000,1627270000,4461810000,15,138,153,3007490000,1474740000,4482230000,28,151,179,172950000,-152530000,20420000,13,13,26
4_185,14792320000,85710000,14878030000,12,132,144,14798150000,79880000,14878030000,20,115,135,5830000,-5830000,0,8,-17,-9
4_186,6583450000,6978900000,13562350000,22,158,180,6561700000,7000650000,13562350000,39,163,202,-21750000,21750000,0,17,5,22
4_187,10295870000,6338070000,16633940000,21,160,181,10006580000,6627360000,16633940000,32,120,152,-289290000,289290000,0,11,-40,-29
4_188,7577550000,3120110000,10697660000,18,126,144,7714910000,2982750000,10697660000,42,137,179,137360000,-137360000,0,24,11,35
4_189,6420620000,6071830000,12492450000,18,123,141,6415480000,6076970000,12492450000,29,113,142,-5140000,5140000,0,11,-10,1
4_190,10815510000,283380000,11098890000,26,142,168,10782890000,316000000,11098890000,35,123,158,-32620000,32620000,0,9,-19,-10
4_191,9775980000,305580000,10081560000,13,130,143,9749810000,331750000,10081560000,22,144,166,-26170000,26170000,0,9,14,23
4_192,7830090000,1246870000,9076960000,23,159,182,7790750000,1286210000,9076960000,37,138,175,-39340000,39340000,0,14,-21,-7
4_193,15076980000,512070000,15589050000,23,130,153,15063540000,525510000,15589050000,18,140,158,-13440000,13440000,0,-5,10,5
4_194,5204080000,10872750000,16076830000,32,134,166,5412890000,10663940000,16076830000,40,162,202,208810000,-208810000,0,8,28,36
4_195,5644170000,11539620000,17183790000,38,92,130,5610930000,11572860000,17183790000,35,169,204,-33240000,33240000,0,-3,77,74
4_196,1093670000,15546920000,16640590000,35,182,217,892090000,15748500000,16640590000,33,146,179,-201580000,201580000,0,-2,-36,-38
4_197,6502970000,2216300000,8719270000,25,138,163,6573480000,2145790000,8719270000,26,133,159,70510000,-70510000,0,1,-5,-4
4_198,7584080000,12706030000,20290110000,11,120,131,8125960000,12170160000,20296120000,24,147,171,541880000,-535870000,6010000,13,27,40
4_199,13620010000,455070000,14075080000,14,129,143,13587230000,487850000,14075080000,33,176,209,-32780000,32780000,0,19,47,66
4_200,3223990000,7771610000,10995600000,26,152,178,3219530000,7776070000,10995600000,15,121,136,-4460000,4460000,0,-11,-31,-42
4_201,5348110000,9185100000,14533210000,40,113,153,5171180000,9362030000,14533210000,23,144,167,-176930000,176930000,0,-17,31,14
4_202,3851080000,2247270000,6098350000,22,141,163,3832850000,2265500000,6098350000,22,135,157,-18230000,18230000,0,0,-6,-6
4_203,12334960000,86930000,12421890000,21,130,151,12330230000,91660000,12421890000,22,127,149,-4730000,4730000,0,1,-3,-2
4_204,5470720000,9066770000,14537490000,43,111,154,5591250000,8946240000,14537490000,28,154,182,120530000,-120530000,0,-15,43,28
4_205,8895840000,50130000,8945970000,25,131,156,8894740000,51230000,8945970000,29,170,199,-1100000,1100000,0,4,39,43
4_206,8016930000,3692550000,11709480000,35,141,176,8109960000,3599520000,11709480000,26,136,162,93030000,-93030000,0,-9,-5,-14
4_207,8949580000,12630000,8962210000,42,136,178,8952030000,10180000,8962210000,25,143,168,2450000,-2450000,0,-17,7,-10
4_208,3318220000,14158600000,17476820000,44,138,182,3317840000,14158980000,17476820000,24,144,168,-380000,380000,0,-20,6,-14
4_209,10588820000,942850000,11531670000,27,149,176,10554480000,977190000,11531670000,30,175,205,-34340000,34340000,0,3,26,29
4_210,2760640000,6220520000,8981160000,29,169,198,2834500000,6146660000,8981160000,40,112,152,73860000,-73860000,0,11,-57,-46
4_211,4610800000,5758970000,10369770000,26,128,154,4666790000,5702980000,10369770000,23,161,184,55990000,-55990000,0,-3,33,30
4_212,2435180000,8021940000,10457120000,16,137,153,2439130000,8017990000,10457120000,37,128,165,3950000,-3950000,0,21,-9,12
4_213,9072450000,1527130000,10599580000,30,109,139,9051090000,1548490000,10599580000,28,144,172,-21360000,21360000,0,-2,35,33
4_214,2440380000,8016000000,10456380000,16,128,144,2489700000,7966680000,10456380000,33,156,189,49320000,-49320000,0,17,28,45
4_215,4323740000,6023800000,10347540000,24,135,159,4450860000,5896680000,10347540000,15,131,146,127120000,-127120000,0,-9,-4,-13
4_216,4239280000,7917980000,12157260000,42,146,188,4345810000,7811450000,12157260000,34,139,173,106530000,-106530000,0,-8,-7,-15
4_217,4010010000,6070930000,10080940000,29,161,190,3899310000,6181630000,10080940000,29,129,158,-110700000,110700000,0,0,-32,-32
4_218,4459600000,5887970000,10347570000,44,91,135,4480480000,5867090000,10347570000,23,132,155,20880000,-20880000,0,-21,41,20
4_219,1794010000,8287310000,10081320000,27,145,172,1703640000,8377690000,10081330000,20,110,130,-90370000,90380000,10000,-7,-35,-42
4_220,10837390000,1192100000,12029490000,37,142,179,10865760000,1163730000,12029490000,46,163,209,28370000,-28370000,0,9,21,30
4_221,14830720000,14880000,14845600000,28,142,170,14831160000,14440000,14845600000,24,148,172,440000,-440000,0,-4,6,2
4_222,4441860000,861290000,5303150000,30,134,164,4569190000,733960000,5303150000,33,158,191,127330000,-127330000,0,3,24,27
4_223,6102780000,2973120000,9075900000,19,137,156,6138210000,2937690000,9075900000,45,148,193,35430000,-35430000,0,26,11,37
4_224,14121030000,1576540000,15697570000,21,153,174,13963590000,1733980000,15697570000,28,123,151,-157440000,157440000,0,7,-30,-23
4_225,8502540000,2196850000,10699390000,24,142,166,8589460000,2109930000,10699390000,28,152,180,86920000,-86920000,0,4,10,14
4_226,4460540000,9774760000,14235300000,40,93,133,4668840000,9566460000,14235300000,32,159,191,208300000,-208300000,0,-8,66,58
4_227,10318050000,48240000,10366290000,23,142,165,10298120000,68330000,10366450000,15,136,151,-19930000,20090000,160000,-8,-6,-14
4_228,4632900000,5442720000,10075620000,21,152,173,4518980000,5556640000,10075620000,41,167,208,-113920000,113920000,0,20,15,35
4_229,10921150000,452880000,11374030000,34,148,182,10897410000,476640000,11374050000,26,155,181,-23740000,23760000,20000,-8,7,-1
4_230,8281630000,4563680000,12845310000,17,146,163,8075240000,4770070000,12845310000,33,131,164,-206390000,206390000,0,16,-15,1
4_231,9914120000,1050820000,10964940000,51,134,185,9942120000,1022820000,10964940000,31,144,175,28000000,-28000000,0,-20,10,-10
4_232,7877170000,5521000000,13398170000,34,134,168,7910690000,5487480000,13398170000,34,156,190,33520000,-33520000,0,0,22,22
4_233,4987030000,9196260000,14183290000,27,96,123,4983640000,9199650000,14183290000,30,153,183,-3390000,3390000,0,3,57,60
4_234,7138280000,3704680000,10842960000,29,158,187,7385100000,3457860000,10842960000,17,130,147,246820000,-246820000,0,-12,-28,-40
4_235,13128040000,1566460000,14694500000,28,134,162,13075110000,1619390000,14694500000,8,92,100,-52930000,52930000,0,-20,-42,-62
4_236,4025480000,6316410000,10341890000,24,150,174,4138690000,6203200000,10341890000,35,151,186,113210000,-113210000,0,11,1,12
4_237,9042060000,958680000,10000740000,34,156,190,9027270000,973470000,10000740000,23,130,153,-14790000,14790000,0,-11,-26,-37
4_238,5881140000,15788560000,21669700000,43,114,157,5961080000,15708620000,21669700000,37,152,189,79940000,-79940000,0,-6,38,32
4_239,3354300000,7330220000,10684520000,25,136,161,3441510000,7244420000,10685930000,22,146,168,87210000,-85800000,1410000,-3,10,7
4_240,6537240000,8603710000,15140950000,26,144,170,6777840000,8363110000,15140950000,36,142,178,240600000,-240600000,0,10,-2,8
4_241,6258830000,2044100000,8302930000,42,99,141,6277640000,2025290000,8302930000,37,119,156,18810000,-18810000,0,-5,20,15
4_242,3539580000,4602040000,8141620000,29,158,187,3555140000,4586480000,8141620000,21,147,168,15560000,-15560000,0,-8,-11,-19
4_243,5981950000,6489370000,12471320000,24,145,169,5688600000,6664310000,12352910000,22,127,149,-293350000,174940000,-118410000,-2,-18,-20
4_244,6843190000,2584650000,9427840000,21,147,168,7030250000,2442480000,9472730000,20,125,145,187060000,-142170000,44890000,-1,-22,-23
4_245,3687370000,1176320000,4863690000,24,120,144,3687240000,1176450000,4863690000,23,117,140,-130000,130000,0,-1,-3,-4
4_246,12385200000,662610000,13047810000,33,161,194,12354680000,693130000,13047810000,35,152,187,-30520000,30520000,0,2,-9,-7
4_247,14188590000,458310000,14646900000,19,142,161,14088550000,558350000,14646900000,14,136,150,-100040000,100040000,0,-5,-6,-11
4_248,4963200000,7021330000,11984530000,25,137,162,4917480000,7067050000,11984530000,51,122,173,-45720000,45720000,0,26,-15,11
4_249,7662850000,1018980000,8681830000,27,150,177,7664680000,1017150000,8681830000,25,140,165,1830000,-1830000,0,-2,-10,-12
4_250,7129230000,2117890000,9247120000,26,153,179,7312890000,1934230000,9247120000,28,163,191,183660000,-183660000,0,2,10,12
4_251,1930420000,8877440000,10807860000,19,130,149,1976060000,8831800000,10807860000,25,144,169,45640000,-45640000,0,6,14,20
4_252,8563500000,6095830000,14659330000,15,113,128,8481280000,6178050000,14659330000,28,150,178,-82220000,82220000,0,13,37,50
4_253,5980110000,2976380000,8956490000,13,108,121,5563460000,3175640000,8739100000,43,151,194,-416650000,199260000,-217390000,30,43,73
4_254,7705700000,2258680000,9964380000,32,180,212,7621980000,2342400000,9964380000,22,147,169,-83720000,83720000,0,-10,-33,-43
4_255,7646860000,5506870000,13153730000,26,140,166,7662720000,5491010000,13153730000,28,114,142,15860000,-15860000,0,2,-26,-24
4_256,4268000000,11963170000,16231170000,23,142,165,3713270000,12517900000,16231170000,26,140,166,-554730000,554730000,0,3,-2,1
4_257,5539600000,3536640000,9076240000,26,145,171,5557480000,3518760000,9076240000,26,152,178,17880000,-17880000,0,0,7,7
4_258,9576940000,119530000,9696470000,25,149,174,9574480000,121990000,9696470000,32,144,176,-2460000,2460000,0,7,-5,2
4_259,9372660000,4571530000,13944190000,15,139,154,8466890000,5477300000,13944190000,23,151,174,-905770000,905770000,0,8,12,20
4_260,8197630000,2455390000,10653020000,30,152,182,7998650000,2654370000,10653020000,17,104,121,-198980000,198980000,0,-13,-48,-61
4_261,6216770000,8906490000,15123260000,30,154,184,6255220000,8868040000,15123260000,37,141,178,38450000,-38450000,0,7,-13,-6
4_262,6512210000,5064150000,11576360000,42,150,192,6568010000,5008350000,11576360000,29,134,163,55800000,-55800000,0,-13,-16,-29
4_263,8696170000,94420000,8790590000,33,163,196,8693740000,96850000,8790590000,34,159,193,-2430000,2430000,0,1,-4,-3
4_264,5098470000,8739120000,13837590000,29,106,135,4933460000,8904130000,13837590000,32,150,182,-165010000,165010000,0,3,44,47
4_265,4863790000,7808140000,12671930000,20,139,159,4897160000,7774770000,12671930000,32,147,179,33370000,-33370000,0,12,8,20
4_266,9181160000,1676720000,10857880000,26,149,175,9149300000,1708580000,10857880000,46,160,206,-31860000,31860000,0,20,11,31
4_267,9603050000,109390000,9712440000,32,126,158,9575780000,136660000,9712440000,21,139,160,-27270000,27270000,0,-11,13,2
4_268,10759820000,2011290000,12771110000,23,149,172,10807270000,1963840000,12771110000,26,147,173,47450000,-47450000,0,3,-2,1
4_269,8641970000,5857060000,14499030000,32,164,196,8347980000,6151050000,14499030000,25,142,167,-293990000,293990000,0,-7,-22,-29
4_270,8924260000,2170000,8926430000,32,163,195,8924270000,2160000,8926430000,34,140,174,10000,-10000,0,2,-23,-21
4_271,3692660000,11407240000,15099900000,20,142,162,3997240000,11115190000,15112430000,21,145,166,304580000,-292050000,12530000,1,3,4
4_272,8587610000,2992130000,11579740000,34,95,129,8706850000,2872890000,11579740000,25,93,118,119240000,-119240000,0,-9,-2,-11
4_273,6935900000,7539860000,14475760000,10,107,117,6753160000,7722600000,14475760000,35,171,206,-182740000,182740000,0,25,64,89
4_274,1958400000,8123150000,10081550000,18,144,162,1794310000,8287240000,10081550000,27,154,181,-164090000,164090000,0,9,10,19
4_275,12487110000,1621300000,14108410000,28,162,190,12445660000,1662750000,14108410000,28,160,188,-41450000,41450000,0,0,-2,-2
4_276,5476240000,8626690000,14102930000,11,120,131,5447510000,8655420000,14102930000,27,154,181,-28730000,28730000,0,16,34,50
4_277,5361140000,5225540000,10586680000,23,136,159,5400740000,5185940000,10586680000,28,140,168,39600000,-39600000,0,5,4,9
4_278,7307100000,252490000,7559590000,21,136,157,7296540000,263050000,7559590000,29,146,175,-10560000,10560000,0,8,10,18
4_279,4185500000,6150590000,10336090000,21,140,161,4369110000,5966980000,10336090000,40,134,174,183610000,-183610000,0,19,-6,13
4_280,2054330000,8408410000,10462740000,14,137,151,2070090000,8392650000,10462740000,27,126,153,15760000,-15760000,0,13,-11,2
4_281,4536780000,5800580000,10337360000,25,145,170,4694210000,5643150000,10337360000,25,160,185,157430000,-157430000,0,0,15,15
4_282,2433270000,6772640000,9205910000,18,135,153,2352310000,6853600000,9205910000,34,152,186,-80960000,80960000,0,16,17,33
4_283,10201410000,3911420000,14112830000,23,146,169,10186450000,3926380000,14112830000,34,152,186,-14960000,14960000,0,11,6,17
4_284,2249230000,8208500000,10457730000,20,150,170,2285210000,8172520000,10457730000,27,162,189,35980000,-35980000,0,7,12,19
4_285,6366640000,20450000,6387090000,28,163,191,6348790000,38320000,6387110000,23,138,161,-17850000,17870000,20000,-5,-25,-30
4_286,10472340000,6812080000,17284420000,32,154,186,10500120000,6784300000,17284420000,19,140,159,27780000,-27780000,0,-13,-14,-27
4_287,10775690000,2402890000,13178580000,28,126,154,10731150000,2447430000,13178580000,27,142,169,-44540000,44540000,0,-1,16,15
4_288,4362000000,798200000,5160200000,26,128,154,4284950000,875250000,5160200000,38,146,184,-77050000,77050000,0,12,18,30
4_289,9373840000,4466560000,13840400000,23,154,177,9501940000,4338460000,13840400000,30,134,164,128100000,-128100000,0,7,-20,-13
4_290,5160560000,10222000000,15382560000,15,128,143,5093140000,10289420000,15382560000,25,140,165,-67420000,67420000,0,10,12,22
4_291,6138870000,2562430000,8701300000,25,156,181,6172700000,2528600000,8701300000,34,151,185,33830000,-33830000,0,9,-5,4
4_292,4558140000,3105660000,7663800000,18,141,159,4567360000,3096440000,7663800000,27,150,177,9220000,-9220000,0,9,9,18
4_293,14059510000,383400000,14442910000,25,152,177,14033840000,409070000,14442910000,47,155,202,-25670000,25670000,0,22,3,25
4_294,13473090000,3304630000,16777720000,17,136,153,13424650000,3353070000,16777720000,25,158,183,-48440000,48440000,0,8,22,30
4_295,10223440000,143960000,10367400000,15,113,128,10201370000,166030000,10367400000,27,134,161,-22070000,22070000,0,12,21,33
4_296,5822650000,8270810000,14093460000,17,125,142,5850790000,8242670000,14093460000,26,146,172,28140000,-28140000,0,9,21,30
4_297,10948020000,3470820000,14418840000,32,141,173,10807220000,3611620000,14418840000,24,147,171,-140800000,140800000,0,-8,6,-2
4_298,7555500000,5211620000,12767120000,48,115,163,7605700000,5161420000,12767120000,40,131,171,50200000,-50200000,0,-8,16,8
4_299,18166360000,430310000,18596670000,21,140,161,18139480000,457190000,18596670000,43,138,181,-26880000,26880000,0,22,-2,20
4_300,1347100000,13058040000,14405140000,28,134,162,1126590000,13278550000,14405140000,28,166,194,-220510000,220510000,0,0,32,32
4_301,2451740000,2448260000,4900000000,15,136,151,2469140000,2430860000,4900000000,25,160,185,17400000,-17400000,0,10,24,34
4_302,8729000000,38340000,8767340000,43,152,195,8728090000,39250000,8767340000,28,153,181,-910000,910000,0,-15,1,-14
4_303,12324440000,390600000,12715040000,31,159,190,12296660000,418380000,12715040000,34,140,174,-27780000,27780000,0,3,-19,-16
4_304,8591570000,1734540000,10326110000,25,149,174,8578770000,1747340000,10326110000,16,130,146,-12800000,12800000,0,-9,-19,-28
4_305,11876290000,94650000,11970940000,25,127,152,11861440000,109500000,11970940000,37,152,189,-14850000,14850000,0,12,25,37
4_306,7896700000,2485690000,10382390000,37,160,197,8203010000,2179380000,10382390000,23,157,180,306310000,-306310000,0,-14,-3,-17
4_307,4889210000,5354010000,10243220000,28,123,151,5529320000,4713900000,10243220000,26,157,183,640110000,-640110000,0,-2,34,32
4_308,1516370000,8565370000,10081740000,34,139,173,1326020000,8755720000,10081740000,26,152,178,-190350000,190350000,0,-8,13,5
4_309,2563590000,2586450000,5150040000,26,123,149,2583500000,2566540000,5150040000,43,116,159,19910000,-19910000,0,17,-7,10
4_310,4352730000,10849000000,15201730000,22,100,122,4365410000,10836320000,15201730000,28,137,165,12680000,-12680000,0,6,37,43
4_311,6895580000,3347810000,10243390000,24,121,145,6845380000,3398010000,10243390000,17,120,137,-50200000,50200000,0,-7,-1,-8
4_312,890250000,9901790000,10792040000,18,131,149,933060000,9858980000,10792040000,23,123,146,42810000,-42810000,0,5,-8,-3
4_313,4015000000,6442660000,10457660000,28,168,196,4021800000,6435860000,10457660000,23,147,170,6800000,-6800000,0,-5,-21,-26
4_314,11866020000,6232400000,18098420000,24,146,170,10861590000,7236830000,18098420000,18,147,165,-1004430000,1004430000,0,-6,1,-5
4_315,3730800000,953420000,4684220000,23,138,161,3728280000,955940000,4684220000,43,140,183,-2520000,2520000,0,20,2,22
4_316,7302990000,6997000000,14299990000,30,142,172,7148200000,7151790000,14299990000,24,113,137,-154790000,154790000,0,-6,-29,-35
4_317,7948220000,2384090000,10332310000,28,153,181,7878240000,2454070000,10332310000,15,98,113,-69980000,69980000,0,-13,-55,-68
4_318,5557390000,10548370000,16105760000,27,141,168,5128420000,10977340000,16105760000,26,146,172,-428970000,428970000,0,-1,5,4
4_319,6241400000,8963540000,15204940000,32,149,181,5630470000,9574470000,15204940000,21,132,153,-610930000,610930000,0,-11,-17,-28
4_320,7438410000,3905510000,11343920000,43,137,180,6957250000,4386670000,11343920000,21,146,167,-481160000,481160000,0,-22,9,-13
4_321,4029450000,1386340000,5415790000,26,165,191,3971060000,1444730000,5415790000,31,160,191,-58390000,58390000,0,5,-5,0
4_322,5229490000,5856190000,11085680000,17,140,157,4448410000,6637270000,11085680000,33,147,180,-781080000,781080000,0,16,7,23
4_323,5369360000,16370000,5385730000,30,96,126,5367010000,18720000,5385730000,26,150,176,-2350000,2350000,0,-4,54,50
4_324,7434240000,3317770000,10752010000,24,148,172,7680460000,3071550000,10752010000,28,140,168,246220000,-246220000,0,4,-8,-4
4_325,9817400000,545170000,10362570000,24,133,157,9796590000,565980000,10362570000,35,122,157,-20810000,20810000,0,11,-11,0
4_326,2862850000,6263460000,9126310000,27,137,164,2904300000,6222010000,9126310000,25,137,162,41450000,-41450000,0,-2,0,-2
4_327,3092340000,6720240000,9812580000,46,129,175,3004280000,6808300000,9812580000,38,158,196,-88060000,88060000,0,-8,29,21
4_328,6252910000,11342130000,17595040000,26,123,149,6330560000,11264480000,17595040000,35,110,145,77650000,-77650000,0,9,-13,-4
4_329,13605850000,227340000,13833190000,30,156,186,13594800000,238390000,13833190000,20,126,146,-11050000,11050000,0,-10,-30,-40
4_330,6281220000,4889250000,11170470000,27,166,193,6330280000,4840190000,11170470000,28,153,181,49060000,-49060000,0,1,-13,-12
4_331,9468150000,1776520000,11244670000,22,157,179,9335660000,1909010000,11244670000,28,150,178,-132490000,132490000,0,6,-7,-1
4_332,13511980000,320600000,13832580000,33,137,170,13510270000,322310000,13832580000,24,149,173,-1710000,1710000,0,-9,12,3
4_333,8699870000,11395440000,20095310000,39,148,187,8575270000,11520040000,20095310000,27,139,166,-124600000,124600000,0,-12,-9,-21
4_334,3644160000,1526070000,5170230000,29,148,177,3638500000,1531730000,5170230000,44,155,199,-5660000,5660000,0,15,7,22
4_335,9626660000,256980000,9883640000,24,153,177,9619620000,264020000,9883640000,27,135,162,-7040000,7040000,0,3,-18,-15
4_336,5613090000,5377750000,10990840000,42,149,191,5388600000,5602240000,10990840000,31,105,136,-224490000,224490000,0,-11,-44,-55
4_337,14048960000,249920000,14298880000,40,150,190,14042890000,255990000,14298880000,46,164,210,-6070000,6070000,0,6,14,20
4_338,10485480000,618250000,11103730000,33,147,180,10330870000,772860000,11103730000,24,151,175,-154610000,154610000,0,-9,4,-5
4_339,8666380000,1995530000,10661910000,29,160,189,8475610000,2186300000,10661910000,32,164,196,-190770000,190770000,0,3,4,7
4_340,2491980000,8220700000,10712680000,21,125,146,2541400000,8171280000,10712680000,22,152,174,49420000,-49420000,0,1,27,28
4_341,11745570000,940750000,12686320000,24,152,176,11730430000,955890000,12686320000,19,139,158,-15140000,15140000,0,-5,-13,-18
4_342,6052550000,4725720000,10778270000,32,160,192,6018770000,4759500000,10778270000,24,141,165,-33780000,33780000,0,-8,-19,-27
4_343,6518400000,2778690000,9297090000,30,105,135,6464210000,2832880000,9297090000,30,160,190,-54190000,54190000,0,0,55,55
4_344,7343360000,3419890000,10763250000,21,155,176,7574450000,3188800000,10763250000,30,100,130,231090000,-231090000,0,9,-55,-46
4_345,715930000,9751850000,10467780000,23,117,140,717540000,9750240000,10467780000,23,151,174,1610000,-1610000,0,0,34,34
4_346,3518180000,7046630000,10564810000,32,93,125,3581810000,6983000000,10564810000,36,161,197,63630000,-63630000,0,4,68,72
4_347,6115170000,3970440000,10085610000,22,137,159,6432370000,3653240000,10085610000,19,142,161,317200000,-317200000,0,-3,5,2
4_348,14776470000,8290000,14784760000,33,143,176,14776600000,8160000,14784760000,25,129,154,130000,-130000,0,-8,-14,-22
4_349,4941840000,5841450000,10783290000,18,141,159,4722830000,6060460000,10783290000,35,160,195,-219010000,219010000,0,17,19,36
4_350,3844960000,6496880000,10341840000,35,166,201,3910440000,6431400000,10341840000,30,166,196,65480000,-65480000,0,-5,0,-5
4_351,3255180000,7531860000,10787040000,26,147,173,3221110000,7565930000,10787040000,21,139,160,-34070000,34070000,0,-5,-8,-13
4_352,4301250000,758830000,5060080000,43,147,190,4310370000,749710000,5060080000,25,109,134,9120000,-9120000,0,-18,-38,-56
4_353,4785350000,6183130000,10968480000,27,160,187,4608410000,6360070000,10968480000,21,141,162,-176940000,176940000,0,-6,-19,-25
4_354,1774840000,8567520000,10342360000,25,122,147,1943820000,8398540000,10342360000,24,149,173,168980000,-168980000,0,-1,27,26
4_355,6979080000,3463430000,10442510000,36,97,133,6967300000,3475210000,10442510000,22,128,150,-11780000,11780000,0,-14,31,17
4_356,8347530000,231520000,8579050000,26,142,168,8344800000,234250000,8579050000,28,146,174,-2730000,2730000,0,2,4,6
4_357,4892600000,3062670000,7955270000,34,157,191,4898770000,3056500000,7955270000,30,134,164,6170000,-6170000,0,-4,-23,-27
4_358,9180770000,25620000,9206390000,20,120,140,9173700000,32690000,9206390000,28,122,150,-7070000,7070000,0,8,2,10
4_359,4550830000,6172360000,10723190000,13,137,150,4813790000,5909400000,10723190000,28,165,193,262960000,-262960000,0,15,28,43
4_360,4353810000,6102560000,10456370000,35,145,180,4354140000,6102230000,10456370000,26,144,170,330000,-330000,0,-9,-1,-10
4_361,6699600000,8418350000,15117950000,21,126,147,6533560000,8584390000,15117950000,20,140,160,-166040000,166040000,0,-1,14,13
4_362,2053490000,3076380000,5129870000,27,115,142,2170550000,2959320000,5129870000,24,148,172,117060000,-117060000,0,-3,33,30
4_363,5805260000,12862410000,18667670000,20,147,167,5691770000,12975900000,18667670000,30,154,184,-113490000,113490000,0,10,7,17
4_364,3403840000,6677260000,10081100000,23,98,121,3317710000,6763390000,10081100000,36,164,200,-86130000,86130000,0,13,66,79
4_365,9278200000,264170000,9542370000,12,117,129,9291790000,250580000,9542370000,14,127,141,13590000,-13590000,0,2,10,12
4_366,9235750000,3431290000,12667040000,32,122,154,9200040000,3467000000,12667040000,33,154,187,-35710000,35710000,0,1,32,33
4_367,12317450000,1535630000,13853080000,17,137,154,12179750000,1673330000,13853080000,33,124,157,-137700000,137700000,0,16,-13,3
4_368,10754090000,349980000,11104070000,21,157,178,10659580000,444490000,11104070000,21,112,133,-94510000,94510000,0,0,-45,-45
4_369,5251610000,3920260000,9171870000,20,146,166,5203040000,3968830000,9171870000,21,126,147,-48570000,48570000,0,1,-20,-19
4_370,2923420000,1992900000,4916320000,21,147,168,2947080000,1926360000,4873440000,39,128,167,23660000,-66540000,-42880000,18,-19,-1
4_371,3403280000,7539010000,10942290000,23,128,151,3505190000,7437100000,10942290000,16,136,152,101910000,-101910000,0,-7,8,1
4_372,13119750000,3776590000,16896340000,40,106,146,13035170000,3861170000,16896340000,27,151,178,-84580000,84580000,0,-13,45,32
4_373,10335370000,37190000,10372560000,31,126,157,10336200000,36360000,10372560000,30,146,176,830000,-830000,0,-1,20,19
4_374,2378610000,6592620000,8971230000,31,143,174,2397300000,6573930000,8971230000,36,133,169,18690000,-18690000,0,5,-10,-5
4_375,9195210000,1137340000,10332550000,24,144,168,9154530000,1178020000,10332550000,37,104,141,-40680000,40680000,0,13,-40,-27
4_376,5444440000,5288800000,10733240000,18,106,124,5519620000,5213620000,10733240000,40,114,154,75180000,-75180000,0,22,8,30
4_377,4328730000,4626840000,8955570000,11,109,120,4294010000,4661560000,8955570000,27,112,139,-34720000,34720000,0,16,3,19
4_378,7786090000,6311440000,14097530000,14,135,149,8092830000,6004700000,14097530000,20,126,146,306740000,-306740000,0,6,-9,-3
4_379,7600460000,2669420000,10269880000,28,168,196,7592570000,2677310000,10269880000,21,145,166,-7890000,7890000,0,-7,-23,-30
4_380,6154570000,6402290000,12556860000,35,171,206,6191770000,6365090000,12556860000,29,129,158,37200000,-37200000,0,-6,-42,-48
4_381,9393340000,1359880000,10753220000,20,149,169,9348650000,1404570000,10753220000,36,123,159,-44690000,44690000,0,16,-26,-10
4_382,2033640000,8649610000,10683250000,30,151,181,2011300000,8671950000,10683250000,29,158,187,-22340000,22340000,0,-1,7,6
4_383,1671220000,8544390000,10215610000,24,155,179,1823270000,8392340000,10215610000,30,159,189,152050000,-152050000,0,6,4,10
4_384,5316820000,63190000,5380010000,26,135,161,5330170000,49840000,5380010000,19,144,163,13350000,-13350000,0,-7,9,2
4_385,6285210000,7551830000,13837040000,19,128,147,6166090000,7670950000,13837040000,16,130,146,-119120000,119120000,0,-3,2,-1
4_386,12741990000,3885690000,16627680000,30,147,177,13423000000,3204680000,16627680000,21,143,164,681010000,-681010000,0,-9,-4,-13
4_387,2157610000,8519980000,10677590000,28,150,178,2150090000,8527500000,10677590000,28,140,168,-7520000,7520000,0,0,-10,-10
4_388,12403230000,46450000,12449680000,30,149,179,12400760000,48920000,12449680000,35,140,175,-2470000,2470000,0,5,-9,-4
4_389,8749070000,4173310000,12922380000,22,129,151,8828810000,4093570000,12922380000,27,146,173,79740000,-79740000,0,5,17,22
4_390,4894010000,627010000,5521020000,35,114,149,4976370000,544650000,5521020000,18,143,161,82360000,-82360000,0,-17,29,12
4_391,9771390000,43220000,9814610000,33,142,175,9767720000,46890000,9814610000,39,121,160,-3670000,3670000,0,6,-21,-15
4_392,4538860000,5913740000,10452600000,20,125,145,4547190000,5905410000,10452600000,11,96,107,8330000,-8330000,0,-9,-29,-38
4_393,13103830000,7878650000,20982480000,24,155,179,13162180000,7820300000,20982480000,33,148,181,58350000,-58350000,0,9,-7,2
4_394,5364760000,8462490000,13827250000,19,131,150,5377800000,8449450000,13827250000,36,142,178,13040000,-13040000,0,17,11,28
4_395,10203840000,4003380000,14207220000,41,145,186,10194630000,4012590000,14207220000,29,158,187,-9210000,9210000,0,-12,13,1
4_396,5245140000,796840000,6041980000,16,140,156,5229360000,812620000,6041980000,35,125,160,-15780000,15780000,0,19,-15,4
4_397,3630840000,1684770000,5315610000,32,162,194,3601880000,1713730000,5315610000,27,151,178,-28960000,28960000,0,-5,-11,-16
4_398,4205360000,8590630000,12795990000,28,129,157,4401860000,8394130000,12795990000,22,143,165,196500000,-196500000,0,-6,14,8
4_399,7002970000,1545940000,8548910000,23,156,179,6962970000,1585940000,8548910000,32,136,168,-40000000,40000000,0,9,-20,-11
4_400,4540910000,5540550000,10081460000,30,147,177,4654160000,5427300000,10081460000,20,129,149,113250000,-113250000,0,-10,-18,-28
4_401,8598270000,1615390000,10213660000,27,153,180,8555970000,1657690000,10213660000,22,116,138,-42300000,42300000,0,-5,-37,-42
4_402,7821780000,1304570000,9126350000,23,163,186,7867650000,1258700000,9126350000,25,148,173,45870000,-45870000,0,2,-15,-13
4_403,10193260000,174180000,10367440000,28,125,153,10188000000,179440000,10367440000,31,159,190,-5260000,5260000,0,3,34,37
4_404,10361440000,2561500000,12922940000,29,120,149,10039600000,2883340000,12922940000,31,145,176,-321840000,321840000,0,2,25,27
4_405,10820770000,3165540000,13986310000,19,124,143,11049590000,2936720000,13986310000,37,141,178,228820000,-228820000,0,18,17,35
4_406,4144670000,9677320000,13821990000,20,122,142,4150770000,9671220000,13821990000,40,107,147,6100000,-6100000,0,20,-15,5
4_407,5073730000,5383370000,10457100000,34,130,164,5059460000,5397640000,10457100000,22,147,169,-14270000,14270000,0,-12,17,5
4_408,6990990000,1829670000,8820660000,29,152,181,6976130000,1844530000,8820660000,48,103,151,-14860000,14860000,0,19,-49,-30
4_409,3684930000,9394230000,13079160000,17,138,155,3707570000,9371590000,13079160000,35,139,174,22640000,-22640000,0,18,1,19
4_410,4479020000,816550000,5295570000,14,133,147,4435570000,860000000,5295570000,23,158,181,-43450000,43450000,0,9,25,34
4_411,4265760000,13144400000,17410160000,23,138,161,3780730000,13549700000,17330430000,27,158,185,-485030000,405300000,-79730000,4,20,24
4_412,12744370000,2790680000,15535050000,24,91,115,12723040000,2812010000,15535050000,40,122,162,-21330000,21330000,0,16,31,47
4_413,7495650000,2328540000,9824190000,19,142,161,7547280000,2276910000,9824190000,24,141,165,51630000,-51630000,0,5,-1,4
4_414,6143760000,7693630000,13837390000,37,133,170,6096190000,7741200000,13837390000,20,144,164,-47570000,47570000,0,-17,11,-6
4_415,2078680000,6623560000,8702240000,31,158,189,1631440000,7070800000,8702240000,31,168,199,-447240000,447240000,0,0,10,10
4_416,4951020000,7357970000,12308990000,13,128,141,4819690000,7489300000,12308990000,16,122,138,-131330000,131330000,0,3,-6,-3
4_417,5577110000,4488000000,10065110000,25,130,155,5583860000,4481250000,10065110000,27,138,165,6750000,-6750000,0,2,8,10
4_418,13823600000,34780000,13858380000,26,134,160,13821750000,36630000,13858380000,31,177,208,-1850000,1850000,0,5,43,48
4_419,7010000000,2026040000,9036040000,28,113,141,6943640000,2092400000,9036040000,15,120,135,-66360000,66360000,0,-13,7,-6
4_420,5627960000,4709430000,10337390000,24,142,166,5665470000,4671920000,10337390000,28,139,167,37510000,-37510000,0,4,-3,1
4_421,1965840000,2898220000,4864060000,25,143,168,1927300000,2952430000,4879730000,21,134,155,-38540000,54210000,15670000,-4,-9,-13
4_422,9818070000,4110710000,13928780000,24,142,166,9676640000,4252140000,13928780000,28,160,188,-141430000,141430000,0,4,18,22
4_423,4965730000,9226070000,14191800000,15,133,148,4972460000,9219340000,14191800000,29,156,185,6730000,-6730000,0,14,23,37
4_424,1626440000,9051150000,10677590000,21,140,161,1771100000,8906490000,10677590000,35,130,165,144660000,-144660000,0,14,-10,4
4_425,1906850000,1958340000,3865190000,26,139,165,2018440000,1860870000,3879310000,29,145,174,111590000,-97470000,14120000,3,6,9
4_426,11132280000,456540000,11588820000,30,157,187,11131240000,457580000,11588820000,32,158,190,-1040000,1040000,0,2,1,3
4_427,7918030000,677480000,8595510000,35,100,135,7560040000,1035470000,8595510000,27,155,182,-357990000,357990000,0,-8,55,47
4_428,4443890000,3633560000,8077450000,25,153,178,4506260000,3571190000,8077450000,29,123,152,62370000,-62370000,0,4,-30,-26
4_429,10309210000,63270000,10372480000,34,122,156,10296500000,75980000,10372480000,38,174,212,-12710000,12710000,0,4,52,56
4_430,10780030000,8420000,10788450000,37,155,192,10780040000,8410000,10788450000,36,154,190,10000,-10000,0,-1,-1,-2
4_431,2220000000,6846140000,9066140000,31,141,172,2634540000,6431600000,9066140000,22,127,149,414540000,-414540000,0,-9,-14,-23
4_432,8858180000,5410410000,14268590000,24,127,151,8979050000,5289540000,14268590000,29,144,173,120870000,-120870000,0,5,17,22
4_433,7535220000,3041610000,10576830000,17,145,162,7652900000,2923930000,10576830000,31,139,170,117680000,-117680000,0,14,-6,8
4_434,3031100000,11162960000,14194060000,19,129,148,3039600000,11154460000,14194060000,18,125,143,8500000,-8500000,0,-1,-4,-5
4_435,10733860000,3580120000,14313980000,21,152,173,10778900000,3534920000,14313820000,27,98,125,45040000,-45200000,-160000,6,-54,-48
4_436,4880000000,4641900000,9521900000,32,129,161,4940040000,4581860000,9521900000,27,155,182,60040000,-60040000,0,-5,26,21
4_437,4246430000,1309650000,5556080000,46,92,138,3939380000,1616700000,5556080000,18,127,145,-307050000,307050000,0,-28,35,7
4_438,2053360000,7182510000,9235870000,32,136,168,2070070000,7165800000,9235870000,16,104,120,16710000,-16710000,0,-16,-32,-48
4_439,3173120000,6908270000,10081390000,26,156,182,3099230000,6982160000,10081390000,28,133,161,-73890000,73890000,0,2,-23,-21
4_440,2400430000,8376550000,10776980000,37,99,136,2401330000,8375650000,10776980000,23,148,171,900000,-900000,0,-14,49,35
4_441,2272320000,4041020000,6313340000,18,115,133,2033480000,3806480000,5839960000,37,146,183,-238840000,-234540000,-473380000,19,31,50
4_442,3956310000,6751420000,10707730000,27,148,175,4360960000,6346770000,10707730000,28,134,162,404650000,-404650000,0,1,-14,-13
4_443,4020390000,9415460000,13435850000,31,111,142,3978130000,9457720000,13435850000,24,153,177,-42260000,42260000,0,-7,42,35
4_444,5945610000,2247190000,8192800000,29,155,184,5902140000,2290660000,8192800000,27,141,168,-43470000,43470000,0,-2,-14,-16
4_445,4175620000,1114940000,5290560000,18,142,160,4038540000,1252020000,5290560000,27,145,172,-137080000,137080000,0,9,3,12
4_446,2107430000,391300000,2498730000,34,122,156,2082940000,415790000,2498730000,23,139,162,-24490000,24490000,0,-11,17,6
4_447,4231350000,4669600000,8900950000,19,127,146,4391080000,4509870000,8900950000,31,154,185,159730000,-159730000,0,12,27,39
4_448,5696650000,8141220000,13837870000,26,131,157,5625350000,8212520000,13837870000,44,129,173,-71300000,71300000,0,18,-2,16
4_449,3586950000,2171600000,5758550000,33,159,192,3561510000,2197040000,5758550000,16,128,144,-25440000,25440000,0,-17,-31,-48
4_450,1288540000,4177360000,5465900000,38,140,178,1238420000,4227480000,5465900000,16,134,150,-50120000,50120000,0,-22,-6,-28
4_451,10358290000,19310000,10377600000,43,129,172,10355230000,22370000,10377600000,34,163,197,-3060000,3060000,0,-9,34,25
16_001,22125340000,29539290000,51664630000,30,149,179,22491220000,29173410000,51664630000,50,171,221,365880000,-365880000,0,20,22,42
16_002,23947450000,19641960000,43589410000,52,118,170,24340400000,19249010000,43589410000,33,166,199,392950000,-392950000,0,-19,48,29
16_003,23331150000,28455600000,51786750000,32,174,206,23163120000,28623630000,51786750000,49,154,203,-168030000,168030000,0,17,-20,-3
16_004,54569360000,58140000,54627500000,46,201,247,54567300000,60200000,54627500000,33,173,206,-2060000,2060000,0,-13,-28,-41
16_005,17949140000,42205470000,60154610000,42,137,179,18306940000,41847670000,60154610000,32,169,201,357800000,-357800000,0,-10,32,22
16_006,24239280000,16129220000,40368500000,30,167,197,23790960000,16577540000,40368500000,50,173,223,-448320000,448320000,0,20,6,26
16_007,22438680000,24870130000,47308810000,44,143,187,22525800000,23441160000,45966960000,44,157,201,87120000,-1428970000,-1341850000,0,14,14
16_008,33882310000,9625300000,43507610000,35,175,210,33193800000,10313810000,43507610000,24,163,187,-688510000,688510000,0,-11,-12,-23
16_009,28587280000,20106230000,48693510000,30,158,188,29648790000,19044720000,48693510000,45,187,232,1061510000,-1061510000,0,15,29,44
16_010,35178270000,26226840000,61405110000,35,137,172,34639620000,26765490000,61405110000,31,178,209,-538650000,538650000,0,-4,41,37
16_011,19471230000,38329090000,57800320000,30,149,179,19515820000,38284500000,57800320000,39,107,146,44590000,-44590000,0,9,-42,-33
16_012,15454810000,34162300000,49617110000,36,177,213,15175590000,34441520000,49617110000,30,166,196,-279220000,279220000,0,-6,-11,-17
16_013,37189040000,780110000,37969150000,33,165,198,37145900000,823250000,37969150000,31,135,166,-43140000,43140000,0,-2,-30,-32
16_014,17137780000,25116680000,42254460000,43,164,207,17165470000,25088990000,42254460000,29,171,200,27690000,-27690000,0,-14,7,-7
16_015,23270720000,15117530000,38388250000,40,149,189,23173300000,15214950000,38388250000,53,151,204,-97420000,97420000,0,13,2,15
16_016,33343000000,8035240000,41378240000,31,169,200,33751540000,7626700000,41378240000,35,179,214,408540000,-408540000,0,4,10,14
16_017,37285960000,3262470000,40548430000,41,167,208,37424320000,3124110000,40548430000,43,176,219,138360000,-138360000,0,2,9,11
16_018,25195330000,13612230000,38807560000,47,139,186,24163850000,14643710000,38807560000,40,181,221,-1031480000,1031480000,0,-7,42,35
16_019,48492120000,28710720000,77202840000,40,177,217,49257130000,27945710000,77202840000,33,164,197,765010000,-765010000,0,-7,-13,-20
16_020,67917470000,13523340000,81440810000,38,151,189,67876710000,13564100000,81440810000,40,132,172,-40760000,40760000,0,2,-19,-17
16_021,20606880000,32474830000,53081710000,33,163,196,21839040000,31104730000,52943770000,27,165,192,1232160000,-1370100000,-137940000,-6,2,-4
16_022,20887480000,31091150000,51978630000,43,197,240,21892950000,30085680000,51978630000,52,149,201,1005470000,-1005470000,0,9,-48,-39
16_023,24950020000,32412520000,57362540000,29,165,194,24915520000,32447020000,57362540000,29,161,190,-34500000,34500000,0,0,-4,-4
16_024,42186080000,808100000,42994180000,19,146,165,42106850000,887330000,42994180000,50,153,203,-79230000,79230000,0,31,7,38
16_025,22173430000,27214210000,49387640000,27,157,184,22221070000,27166570000,49387640000,40,184,224,47640000,-47640000,0,13,27,40
16_026,37717000000,9450840000,47167840000,36,115,151,37651690000,9516150000,47167840000,31,162,193,-65310000,65310000,0,-5,47,42
16_027,41821770000,679280000,42501050000,33,177,210,41801490000,699560000,42501050000,34,158,192,-20280000,20280000,0,1,-19,-18
16_028,47766540000,11003050000,58769590000,53,113,166,47548860000,11220730000,58769590000,39,160,199,-217680000,217680000,0,-14,47,33
16_029,32275440000,32964470000,65239910000,49,162,211,29510610000,35729300000,65239910000,22,149,171,-2764830000,2764830000,0,-27,-13,-40
16_030,27589930000,25907580000,53497510000,47,110,157,27433830000,26063680000,53497510000,40,178,218,-156100000,156100000,0,-7,68,61
16_031,71471140000,1363510000,72834650000,53,155,208,71113090000,1721530000,72834620000,28,176,204,-358050000,358020000,-30000,-25,21,-4
16_032,34165000000,22829120000,56994120000,37,174,211,34443510000,22550610000,56994120000,39,141,180,278510000,-278510000,0,2,-33,-31
16_033,13204060000,33011440000,46215500000,34,169,203,13205280000,33010220000,46215500000,30,171,201,1220000,-1220000,0,-4,2,-2
16_034,21123380000,26868770000,47992150000,37,179,216,20953780000,27038370000,47992150000,62,137,199,-169600000,169600000,0,25,-42,-17
16_035,41163260000,760650000,41923910000,32,162,194,41153390000,770520000,41923910000,36,157,193,-9870000,9870000,0,4,-5,-1
16_036,14734430000,25367430000,40101860000,38,150,188,14603430000,25498430000,40101860000,51,124,175,-131000000,131000000,0,13,-26,-13
16_037,53492650000,868190000,54360840000,32,139,171,53476100000,884740000,54360840000,31,156,187,-16550000,16550000,0,-1,17,16
16_038,53749590000,702140000,54451730000,45,154,199,53656960000,794770000,54451730000,44,155,199,-92630000,92630000,0,-1,1,0
16_039,14751360000,38773790000,53525150000,30,172,202,15048690000,38476460000,53525150000,30,160,190,297330000,-297330000,0,0,-12,-12
16_040,53253990000,5607510000,58861500000,31,167,198,52879120000,5982380000,58861500000,47,172,219,-374870000,374870000,0,16,5,21
16_041,19345660000,20261220000,39606880000,53,138,191,19213200000,20393680000,39606880000,32,162,194,-132460000,132460000,0,-21,24,3
16_042,6732620000,13227040000,19959660000,31,142,173,6368050000,13473200000,19841250000,23,124,147,-364570000,246160000,-118410000,-8,-18,-26
16_043,53766300000,12340190000,66106490000,43,179,222,53443080000,12663250000,66106330000,28,162,190,-323220000,323060000,-160000,-15,-17,-32
16_044,52007820000,126930000,52134750000,34,172,206,52001950000,132800000,52134750000,34,164,198,-5870000,5870000,0,0,-8,-8
16_045,24471750000,38813690000,63285440000,50,167,217,25489260000,37796180000,63285440000,30,159,189,1017510000,-1017510000,0,-20,-8,-28
16_046,32031750000,22399990000,54431740000,36,180,216,31322460000,23109280000,54431740000,39,169,208,-709290000,709290000,0,3,-11,-8
16_047,25240920000,23616590000,48857510000,19,156,175,25383430000,23474080000,48857510000,29,143,172,142510000,-142510000,0,10,-13,-3
16_048,22270810000,31334560000,53605370000,38,159,197,22593430000,31011940000,53605370000,28,148,176,322620000,-322620000,0,-10,-11,-21
16_049,47296790000,8759620000,56056410000,36,156,192,47675180000,8381230000,56056410000,30,149,179,378390000,-378390000,0,-6,-7,-13
16_050,45375270000,3688600000,49063870000,31,146,177,45293830000,3770010000,49063840000,35,160,195,-81440000,81410000,-30000,4,14,18
16_051,51011130000,1392630000,52403760000,49,138,187,50968330000,1435430000,52403760000,34,172,206,-42800000,42800000,0,-15,34,19
16_052,26930390000,5794800000,32725190000,38,185,223,26814530000,5910660000,32725190000,30,175,205,-115860000,115860000,0,-8,-10,-18
16_053,63011500000,1759780000,64771280000,23,153,176,62584380000,2186800000,64771180000,26,161,187,-427120000,427020000,-100000,3,8,11
16_054,36134800000,19235360000,55370160000,22,157,179,36507090000,18863070000,55370160000,42,165,207,372290000,-372290000,0,20,8,28
16_055,41820680000,14536820000,56357500000,33,156,189,41612540000,14744960000,56357500000,32,164,196,-208140000,208140000,0,-1,8,7
16_056,14594200000,24010960000,38605160000,27,166,193,14576230000,24028930000,38605160000,43,186,229,-17970000,17970000,0,16,20,36
16_057,17345030000,24029340000,41374370000,41,146,187,16909570000,24464800000,41374370000,37,177,214,-435460000,435460000,0,-4,31,27
16_058,17858580000,21889590000,39748170000,32,172,204,17996300000,21033530000,39029830000,37,143,180,137720000,-856060000,-718340000,5,-29,-24
16_059,50960910000,1361960000,52322870000,41,200,241,50876610000,1446260000,52322870000,43,183,226,-84300000,84300000,0,2,-17,-15
16_060,26529400000,20686980000,47216380000,23,157,180,26524290000,20692090000,47216380000,32,148,180,-5110000,5110000,0,9,-9,0
16_061,38552090000,15718980000,54271070000,34,166,200,38659350000,15611720000,54271070000,43,181,224,107260000,-107260000,0,9,15,24
16_062,22586750000,12707640000,35294390000,45,128,173,22565620000,12728770000,35294390000,37,179,216,-21130000,21130000,0,-8,51,43
16_063,37197950000,5039270000,42237220000,24,155,179,37113790000,5123430000,42237220000,38,181,219,-84160000,84160000,0,14,26,40
16_064,44962680000,1588010000,46550690000,33,165,198,44881540000,1669150000,46550690000,29,149,178,-81140000,81140000,0,-4,-16,-20
16_065,14657600000,29221110000,43878710000,21,130,151,14194210000,29684500000,43878710000,40,183,223,-463390000,463390000,0,19,53,72
16_066,15429760000,24931670000,40361430000,33,165,198,15600950000,24760480000,40361430000,30,144,174,171190000,-171190000,0,-3,-21,-24
16_067,44294970000,15141160000,59436130000,35,167,202,44539320000,14896810000,59436130000,36,170,206,244350000,-244350000,0,1,3,4
16_068,18781580000,20281870000,39063450000,41,131,172,18856120000,20006040000,38862160000,46,147,193,74540000,-275830000,-201290000,5,16,21
16_069,36710110000,2276110000,38986220000,53,136,189,36620540000,2365680000,38986220000,43,137,180,-89570000,89570000,0,-10,1,-9
16_070,27460370000,28991030000,56451400000,40,183,223,27860440000,28590960000,56451400000,37,173,210,400070000,-400070000,0,-3,-10,-13
16_071,29810890000,24960500000,54771390000,25,168,193,30039360000,24732030000,54771390000,52,169,221,228470000,-228470000,0,27,1,28
16_072,22161490000,35462890000,57624380000,50,157,207,22383480000,35240900000,57624380000,36,166,202,221990000,-221990000,0,-14,9,-5
16_073,21573680000,25691380000,47265060000,43,187,230,21024260000,26240800000,47265060000,33,167,200,-549420000,549420000,0,-10,-20,-30
16_074,29368260000,21596970000,50965230000,33,111,144,29352760000,21612470000,50965230000,38,175,213,-15500000,15500000,0,5,64,69
16_075,14043750000,27978470000,42022220000,39,174,213,14654120000,27407260000,42061380000,24,156,180,610370000,-571210000,39160000,-15,-18,-33
16_076,20011140000,30740180000,50751320000,23,158,181,19865510000,30885810000,50751320000,45,136,181,-145630000,145630000,0,22,-22,0
16_077,53782140000,213950000,53996090000,41,179,220,53775400000,220690000,53996090000,28,169,197,-6740000,6740000,0,-13,-10,-23
16_078,14836170000,33816130000,48652300000,32,173,205,15020450000,33631850000,48652300000,22,132,154,184280000,-184280000,0,-10,-41,-51
16_079,22708180000,33092380000,55800560000,26,163,189,23359920000,32440640000,55800560000,36,174,210,651740000,-651740000,0,10,11,21
16_080,31767330000,21814940000,53582270000,37,149,186,31977560000,21604710000,53582270000,51,132,183,210230000,-210230000,0,14,-17,-3
16_081,24752070000,19967130000,44719200000,28,168,196,26343090000,18376110000,44719200000,48,160,208,1591020000,-1591020000,0,20,-8,12
16_082,38515570000,31978490000,70494060000,51,175,226,38214530000,32279530000,70494060000,34,105,139,-301040000,301040000,0,-17,-70,-87
16_083,10571610000,48299070000,58870680000,37,173,210,10783240000,48087440000,58870680000,42,147,189,211630000,-211630000,0,5,-26,-21
16_084,8581300000,36906510000,45487810000,34,168,202,8472160000,37015650000,45487810000,44,189,233,-109140000,109140000,0,10,21,31
16_085,11723440000,33142910000,44866350000,42,128,170,10359090000,34507260000,44866350000,44,160,204,-1364350000,1364350000,0,2,32,34
16_086,15127610000,27495200000,42622810000,26,167,193,15149140000,27473670000,42622810000,30,170,200,21530000,-21530000,0,4,3,7
16_087,22928320000,17187230000,40115550000,44,154,198,23222210000,16893340000,40115550000,38,173,211,293890000,-293890000,0,-6,19,13
16_088,30442680000,22415350000,52858030000,37,156,193,30553620000,22304410000,52858030000,33,150,183,110940000,-110940000,0,-4,-6,-10
16_089,10181350000,43625390000,53806740000,45,193,238,10289060000,43517680000,53806740000,28,156,184,107710000,-107710000,0,-17,-37,-54
16_090,28384210000,9100030000,37484240000,38,182,220,28337940000,9146300000,37484240000,40,184,224,-46270000,46270000,0,2,2,4
16_091,20830110000,12262900000,33093010000,47,169,216,21199040000,11893970000,33093010000,29,163,192,368930000,-368930000,0,-18,-6,-24
16_092,29962070000,12725810000,42687880000,49,127,176,30038390000,12649490000,42687880000,38,162,200,76320000,-76320000,0,-11,35,24
16_093,20213220000,28100990000,48314210000,36,168,204,19577480000,28736730000,48314210000,53,167,220,-635740000,635740000,0,17,-1,16
16_094,36381630000,28659080000,65040710000,30,173,203,33872360000,31168350000,65040710000,34,171,205,-2509270000,2509270000,0,4,-2,2
16_095,32685780000,25165520000,57851300000,35,176,211,32795820000,25055480000,57851300000,32,177,209,110040000,-110040000,0,-3,1,-2
16_096,23908470000,21177890000,45086360000,27,152,179,23959100000,21127260000,45086360000,37,169,206,50630000,-50630000,0,10,17,27
16_097,47396280000,10150330000,57546610000,39,147,186,46291980000,11254630000,57546610000,39,175,214,-1104300000,1104300000,0,0,28,28
16_098,22313730000,43015760000,65329490000,20,147,167,22711420000,42638360000,65349780000,36,179,215,397690000,-377400000,20290000,16,32,48
16_099,53798850000,152490000,53951340000,36,179,215,53795960000,155380000,53951340000,38,162,200,-2890000,2890000,0,2,-17,-15
16_100,23638080000,23147710000,46785790000,31,176,207,24572170000,22244690000,46816860000,30,164,194,934090000,-903020000,31070000,-1,-12,-13
16_101,21088690000,16243080000,37331770000,45,196,241,20353220000,16978550000,37331770000,41,168,209,-735470000,735470000,0,-4,-28,-32
16_102,12214320000,30442140000,42656460000,42,140,182,11598980000,31057490000,42656470000,37,179,216,-615340000,615350000,10000,-5,39,34
16_103,51287550000,86310000,51373860000,39,136,175,51251590000,122230000,51373820000,42,151,193,-35960000,35920000,-40000,3,15,18
16_104,42821370000,12024270000,54845640000,31,141,172,42554890000,12290750000,54845640000,30,164,194,-266480000,266480000,0,-1,23,22
16_105,38161770000,752690000,38914460000,27,156,183,38148320000,766140000,38914460000,31,164,195,-13450000,13450000,0,4,8,12
16_106,28303690000,11810950000,40114640000,28,160,188,28739370000,11375270000,40114640000,35,142,177,435680000,-435680000,0,7,-18,-11
16_107,27147630000,15504140000,42651770000,35,162,197,27267480000,15384290000,42651770000,29,167,196,119850000,-119850000,0,-6,5,-1
16_108,43829110000,26169550000,69998660000,45,110,155,44106810000,25891850000,69998660000,51,142,193,277700000,-277700000,0,6,32,38
16_109,14084230000,27298410000,41382640000,26,150,176,14125630000,27257010000,41382640000,37,183,220,41400000,-41400000,0,11,33,44
16_110,21403070000,12554910000,33957980000,29,163,192,20919850000,13038130000,33957980000,33,151,184,-483220000,483220000,0,4,-12,-8
16_111,32873940000,19493830000,52367770000,36,130,166,33877760000,18658140000,52535900000,30,164,194,1003820000,-835690000,168130000,-6,34,28
16_112,54943920000,9174820000,64118740000,42,184,226,55095650000,9023090000,64118740000,44,162,206,151730000,-151730000,0,2,-22,-20
64_001,138569200000,56785220000,195354420000,48,176,224,139669990000,55684430000,195354420000,53,192,245,1100790000,-1100790000,0,5,16,21
64_002,150803410000,20711130000,171514540000,42,201,243,150691890000,20822450000,171514340000,48,207,255,-111520000,111320000,-200000,6,6,12
64_003,184319600000,123245080000,307564680000,43,208,251,185741870000,121822810000,307564680000,32,165,197,1422270000,-1422270000,0,-11,-43,-54
64_004,164408520000,63309700000,227718220000,38,184,222,165987810000,61730410000,227718220000,57,215,272,1579290000,-1579290000,0,19,31,50
64_005,207744560000,8443990000,216188550000,43,186,229,207459460000,8729090000,216188550000,41,112,153,-285100000,285100000,0,-2,-74,-76
64_006,96011680000,93324420000,189336100000,54,149,203,96486230000,92849870000,189336100000,42,187,229,474550000,-474550000,0,-12,38,26
64_007,98065860000,61345900000,159411760000,56,159,215,99527210000,59845320000,159372530000,48,203,251,1461350000,-1500580000,-39230000,-8,44,36
64_008,165198720000,22505540000,187704260000,35,174,209,164776170000,22928090000,187704260000,65,174,239,-422550000,422550000,0,30,0,30
64_009,113966480000,75077790000,189044270000,57,140,197,114680580000,74363690000,189044270000,46,205,251,714100000,-714100000,0,-11,65,54
64_010,113004070000,32732110000,145736180000,62,174,236,111446170000,34290010000,145736180000,44,203,247,-1557900000,1557900000,0,-18,29,11
64_011,253249000000,759940000,254008940000,36,180,216,253142070000,866850000,254008920000,42,196,238,-106930000,106910000,-20000,6,16,22
64_012,56246210000,84632070000,140878280000,35,178,213,56829950000,82685730000,139515680000,49,202,251,583740000,-1946340000,-1362600000,14,24,38
64_013,232724610000,185585100000,418309710000,41,188,229,227240080000,191069630000,418309710000,51,196,247,-5484530000,5484530000,0,10,8,18
64_014,187390120000,7848840000,195238960000,55,165,220,186395370000,8843430000,195238800000,45,199,244,-994750000,994590000,-160000,-10,34,24
64_015,79354760000,133523260000,212878020000,51,208,259,79732200000,133145820000,212878020000,41,191,232,377440000,-377440000,0,-10,-17,-27
64_016,71533210000,134659690000,206192900000,53,224,277,70660830000,135532080000,206192910000,45,192,237,-872380000,872390000,10000,-8,-32,-40
64_017,75045300000,94919480000,169964780000,53,214,267,75837840000,94126940000,169964780000,50,161,211,792540000,-792540000,0,-3,-53,-56
64_018,76247000000,104848330000,181095330000,45,182,227,79289080000,101863080000,181152160000,46,165,211,3042080000,-2985250000,56830000,1,-17,-16
64_019,58428850000,65474840000,123903690000,42,181,223,56722290000,66718960000,123441250000,38,190,228,-1706560000,1244120000,-462440000,-4,9,5
64_020,105044040000,94318090000,199362130000,48,210,258,104696150000,94665980000,199362130000,38,186,224,-347890000,347890000,0,-10,-24,-34
64_021,105457320000,69720290000,175177610000,51,170,221,105461840000,69715770000,175177610000,58,166,224,4520000,-4520000,0,7,-4,3
64_022,256196560000,4269950000,260466510000,45,197,242,256053590000,4412920000,260466510000,39,179,218,-142970000,142970000,0,-6,-18,-24
64_023,69279610000,136840450000,206120060000,52,169,221,69279850000,136840210000,206120060000,37,180,217,240000,-240000,0,-15,11,-4
64_024,70530800000,107529840000,178060640000,50,172,222,70123960000,107936680000,178060640000,42,182,224,-406840000,406840000,0,-8,10,2
64_025,102425480000,137335910000,239761390000,52,179,231,99853090000,139908300000,239761390000,58,184,242,-2572390000,2572390000,0,6,5,11
64_026,146798820000,62441930000,209240750000,40,185,225,147231330000,62009420000,209240750000,61,165,226,432510000,-432510000,0,21,-20,1
64_027,134599240000,107045920000,241645160000,35,180,215,134415140000,107230020000,241645160000,51,180,231,-184100000,184100000,0,16,0,16
64_028,96902040000,124956100000,221858140000,48,205,253,98844430000,123013710000,221858140000,44,186,230,1942390000,-1942390000,0,-4,-19,-23
256_001,560684790000,89644080000,650328870000,56,223,279,560402900000,89925970000,650328870000,76,199,275,-281890000,281890000,0,20,-24,-4
256_002,813443120000,34291630000,847734750000,71,199,270,812142060000,35592560000,847734620000,69,196,265,-1301060000,1300930000,-130000,-2,-3,-5
256_003,513893840000,514401350000,1028295190000,64,235,299,512148520000,516146680000,1028295200000,62,245,307,-1745320000,1745330000,10000,-2,10,8
256_004,372981140000,352555380000,725536520000,71,198,269,372532760000,353003760000,725536520000,70,208,278,-448380000,448380000,0,-1,10,9
256_005,463468810000,354528370000,817997180000,58,214,272,459376890000,358620290000,817997180000,57,230,287,-4091920000,4091920000,0,-1,16,15
256_006,375267150000,416164690000,791431840000,58,239,297,380614250000,409379460000,789993710000,57,217,274,5347100000,-6785230000,-1438130000,-1,-22,-23
256_007,692975750000,457907120000,1150882870000,70,194,264,693620340000,456824190000,1150444530000,57,212,269,644590000,-1082930000,-438340000,-13,18,5
1024_001,3867582470000,2134399500000,6001981970000,115,302,417,3864394900000,2135700730000,6000095630000,114,304,418,-3187570000,1301230000,-1886340000,-1,2,1
