Forest,Agriculture,Urban,Grassland,Other,Area_Total,forest_sp,agriculture_sp,generalist_sp,Sp_Total
124760000,247110000,482870000,31740000,1603660000,2490140000,23,21,75,119
145150000,388660000,58290000,3180000,1602760000,2198040000,16,22,61,99
181440000,1195730000,162710000,39290000,920830000,2500000000,22,21,67,110
477670000,685220000,10270000,72720000,1254120000,2500000000,23,27,62,112
346850000,449720000,70750000,50290000,1582390000,2500000000,25,28,73,126
167350000,1758200000,10530000,122360000,441560000,2500000000,21,30,72,123
696300000,498280000,40750000,46400000,1218270000,2500000000,22,18,60,100
200940000,1827710000,27910000,304620000,138820000,2500000000,23,28,74,125
309660000,1837590000,28830000,141160000,182760000,2500000000,23,32,82,137
507050000,1229450000,158270000,25780000,579450000,2500000000,25,26,75,126
610450000,1457110000,87300000,48260000,296880000,2500000000,24,28,78,130
690250000,557200000,47570000,8320000,1196660000,2500000000,25,16,66,107
1195260000,1019350000,10850000,29500000,245040000,2500000000,25,22,67,114
867320000,811630000,143720000,24960000,652370000,2500000000,18,24,65,107
727390000,344930000,25010000,5970000,1396700000,2500000000,25,13,58,96
122960000,800110000,38120000,52260000,1486550000,2500000000,22,28,77,127
428910000,710430000,11440000,174900000,1174320000,2500000000,23,26,58,107
268670000,836450000,80530000,47660000,1266690000,2500000000,26,32,82,140
247410000,1806490000,18310000,165970000,261820000,2500000000,24,27,76,127
380690000,1471040000,13210000,100790000,534270000,2500000000,26,25,76,127
168510000,1698900000,17780000,476480000,138330000,2500000000,18,26,69,113
123410000,1844420000,55760000,274740000,201670000,2500000000,33,31,86,150
367440000,968540000,27860000,57290000,1078870000,2500000000,25,24,71,120
267670000,1074310000,8220000,328670000,821130000,2500000000,29,28,78,135
39860000,768310000,119400000,15700000,1556730000,2500000000,26,41,100,167
15690000,31970000,80750000,5970000,1604950000,1739330000,20,27,75,122
572660000,767310000,23970000,88810000,1047250000,2500000000,27,28,76,131
902670000,960240000,17260000,17980000,601850000,2500000000,18,17,56,91
306960000,1560060000,13940000,284610000,334430000,2500000000,27,26,70,123
83550000,927110000,34210000,969640000,485490000,2500000000,28,31,80,139
106360000,1936770000,33960000,207110000,215800000,2500000000,30,31,92,153
105550000,1452780000,24520000,464250000,452900000,2500000000,32,31,90,153
221930000,150110000,7170000,6100000,1884600000,2269910000,15,12,47,74
378310000,291380000,266270000,9250000,1439510000,2384720000,19,24,65,108
393800000,1022140000,190390000,11680000,881990000,2500000000,26,17,59,102
717870000,615100000,41010000,10140000,1115880000,2500000000,23,14,57,94
790910000,449450000,187420000,14520000,1057700000,2500000000,25,21,70,116
395660000,676390000,137760000,9750000,1280440000,2500000000,17,17,65,99
939720000,490910000,44930000,28870000,995570000,2500000000,27,20,72,119
368620000,461670000,23690000,84030000,1561990000,2500000000,26,17,69,112
880200000,904580000,32810000,15950000,666460000,2500000000,21,21,62,104
1020590000,641400000,104260000,20620000,713130000,2500000000,21,25,72,118
959760000,1026110000,34220000,25420000,454490000,2500000000,19,18,60,97
330930000,781840000,37160000,28190000,1321880000,2500000000,26,19,74,119
426730000,772570000,23930000,208170000,1068600000,2500000000,29,23,70,122
231880000,1226180000,21870000,34830000,985240000,2500000000,29,19,71,119
300270000,1008810000,24740000,16590000,1149590000,2500000000,25,19,64,108
136740000,1328340000,16320000,81200000,937400000,2500000000,33,24,75,132
97310000,1087810000,11430000,191340000,1112110000,2500000000,33,25,76,134
658310000,631120000,18430000,38520000,1153620000,2500000000,31,26,80,137
289820000,1128300000,32400000,58280000,991200000,2500000000,27,22,75,124
278760000,1309910000,14390000,53810000,843130000,2500000000,31,19,77,127
936380000,973730000,14660000,6470000,568760000,2500000000,19,18,61,98
932320000,351770000,40870000,172930000,1002110000,2500000000,30,21,71,122
962640000,422910000,17520000,50010000,1046920000,2500000000,18,19,49,86
593010000,669810000,8110000,273350000,955720000,2500000000,35,30,87,152
86650000,1243240000,9950000,464260000,695900000,2500000000,32,30,84,146
138430000,1375380000,11360000,691490000,283340000,2500000000,30,31,71,132
324290000,883140000,7590000,252620000,1032360000,2500000000,33,28,80,141
663010000,186100000,4540000,337870000,1308480000,2500000000,33,21,72,126
887670000,241270000,21550000,295890000,1053620000,2500000000,34,22,72,128
9570000,28480000,3000000,78790000,1720200000,1840040000,7,24,51,82
88650000,24020000,2800000,257130000,1964550000,2337150000,9,19,47,75
40170000,64350000,8810000,545610000,1841060000,2500000000,15,17,54,86
32590000,143050000,3040000,109030000,2212290000,2500000000,17,21,52,90
168700000,319410000,11830000,836180000,1163880000,2500000000,16,22,52,90
85680000,250090000,16430000,477660000,1670140000,2500000000,11,21,52,84
27190000,115700000,2390000,23680000,2324250000,2493210000,15,22,60,97
125210000,176200000,11700000,698600000,1488290000,2500000000,17,27,54,98
59540000,148750000,7580000,97180000,2122760000,2435810000,13,22,50,85
83130000,213150000,20830000,458070000,1724820000,2500000000,15,23,58,96
249280000,174700000,42650000,946390000,1086980000,2500000000,16,20,51,87
186730000,371930000,30640000,1065320000,845380000,2500000000,17,29,50,96
11450000,79630000,11290000,77760000,2157940000,2338070000,14,29,63,106
185020000,222810000,29250000,1902980000,159940000,2500000000,16,13,47,76
33070000,204340000,93150000,1099260000,1070180000,2500000000,12,16,54,82
96250000,261300000,24860000,832230000,1264960000,2479600000,15,18,58,91
111540000,91740000,74050000,2004100000,218570000,2500000000,14,17,54,85
194690000,186900000,20960000,1751400000,346050000,2500000000,16,21,50,87
225980000,165120000,22430000,1852520000,233950000,2500000000,12,16,51,79
66160000,70720000,33350000,1826770000,503000000,2500000000,16,25,50,91
93020000,103460000,38200000,2055300000,210020000,2500000000,18,15,45,78
39980000,175990000,129700000,1931310000,223020000,2500000000,13,23,55,91
66270000,129390000,70730000,481710000,1701630000,2449730000,16,27,61,104
57760000,83090000,35880000,618560000,1704710000,2500000000,12,23,54,89
427510000,1482570000,22830000,64480000,502610000,2500000000,31,32,90,153
331760000,278140000,73720000,1108090000,708290000,2500000000,20,23,66,109
94130000,438020000,47510000,1095650000,824690000,2500000000,17,17,53,87
117750000,243400000,40320000,1722590000,375940000,2500000000,16,19,50,85
32940000,533740000,444530000,943570000,545220000,2500000000,16,20,64,100
147650000,0,2210000,279380000,2070760000,2500000000,19,25,58,102
577890000,1255140000,34650000,355410000,276910000,2500000000,31,35,89,155
159010000,1779690000,9710000,283000000,268590000,2500000000,20,31,68,119
308990000,990360000,13390000,500240000,687020000,2500000000,33,33,89,155
49430000,1677780000,40800000,525660000,206330000,2500000000,28,33,89,150
347420000,1258790000,26480000,263550000,603760000,2500000000,35,37,105,177
386470000,1199360000,29100000,83130000,801940000,2500000000,29,31,81,141
132320000,42870000,117060000,39200000,1742840000,2074290000,24,21,61,106
117970000,1122780000,149450000,65290000,1044510000,2500000000,32,37,89,158
14980000,2381280000,28180000,38270000,37290000,2500000000,17,27,63,107
79960000,1949090000,45000000,85190000,340760000,2500000000,31,31,82,144
597340000,1217810000,20650000,54580000,609620000,2500000000,27,24,62,113
495730000,836660000,7380000,314860000,845370000,2500000000,30,31,77,138
391010000,1080370000,10690000,416740000,601190000,2500000000,26,30,68,124
270240000,1802550000,59350000,180440000,187420000,2500000000,31,35,88,154
218760000,663520000,44120000,43240000,1530360000,2500000000,31,32,80,143
162640000,583640000,19030000,100140000,1634550000,2500000000,28,28,82,138
206750000,1913800000,44800000,100800000,233850000,2500000000,27,24,62,113
144930000,1989240000,126550000,64400000,174880000,2500000000,30,31,77,138
204330000,1515170000,10260000,303550000,466690000,2500000000,29,29,71,129
446810000,900080000,24050000,249420000,879640000,2500000000,28,28,67,123
246000000,1700290000,19960000,147990000,385760000,2500000000,26,29,63,118
74790000,1985290000,56490000,93270000,290160000,2500000000,26,33,86,145
95100000,428510000,59720000,139280000,1777390000,2500000000,25,27,83,135
479700000,1153680000,13330000,347260000,506030000,2500000000,29,27,66,122
643000000,684390000,5900000,225160000,941550000,2500000000,27,24,59,110
366020000,1394490000,5110000,253870000,480510000,2500000000,25,22,52,99
587690000,1228040000,10820000,315010000,358440000,2500000000,27,32,67,126
798820000,199300000,33920000,320520000,1147440000,2500000000,28,22,69,119
125380000,1131410000,156770000,189490000,896950000,2500000000,24,31,87,142
424860000,1273470000,33810000,507930000,259930000,2500000000,28,27,68,123
169180000,1389290000,219390000,516570000,205570000,2500000000,24,36,95,155
732110000,1314550000,11180000,134040000,308120000,2500000000,27,23,59,109
475490000,881890000,32260000,269110000,841250000,2500000000,29,24,69,122
637290000,661610000,16600000,320530000,863970000,2500000000,29,32,68,129
1009100000,289830000,3670000,618530000,578870000,2500000000,33,24,70,127
1031050000,465970000,4690000,273160000,725130000,2500000000,31,23,74,128
404490000,583170000,170520000,503700000,838120000,2500000000,29,26,82,137
64350000,830940000,324200000,114450000,1166060000,2500000000,27,33,98,158
80850000,1113790000,143980000,181250000,980130000,2500000000,29,29,83,141
536490000,688490000,104810000,309140000,861070000,2500000000,30,28,85,143
463330000,428390000,18300000,717750000,872230000,2500000000,35,29,84,148
103080000,1743410000,74820000,485700000,92990000,2500000000,29,34,81,144
579300000,880160000,94440000,378750000,567350000,2500000000,33,34,84,151
449190000,340460000,15920000,318750000,1375680000,2500000000,36,30,82,148
915490000,273480000,61770000,531530000,717730000,2500000000,34,27,81,142
159370000,2185960000,28820000,61870000,63980000,2500000000,31,34,73,138
142120000,1847340000,25440000,247590000,237510000,2500000000,31,34,78,143
977820000,1298490000,47690000,69670000,106330000,2500000000,32,34,74,140
434690000,1393530000,62050000,415730000,194000000,2500000000,33,34,85,152
55150000,2375850000,17830000,26020000,25150000,2500000000,23,33,73,129
133050000,2230510000,41790000,30940000,63710000,2500000000,29,32,70,131
143210000,2192690000,41730000,30480000,91890000,2500000000,26,35,75,136
383530000,1736940000,112600000,89790000,177140000,2500000000,30,32,75,137
839510000,96120000,4320000,200740000,1359310000,2500000000,39,23,76,138
956870000,975960000,14180000,205340000,347650000,2500000000,32,32,82,146
820760000,115610000,3220000,437800000,1122610000,2500000000,36,23,75,134
696900000,1343060000,14700000,206460000,238880000,2500000000,37,31,82,150
280640000,283700000,16870000,67010000,1591580000,2239800000,26,22,64,112
58320000,47850000,13300000,70660000,1490000000,1680130000,25,23,66,114
437510000,776500000,655860000,324240000,305890000,2500000000,35,32,95,162
622660000,1291730000,14930000,356120000,214560000,2500000000,33,32,80,145
868580000,287810000,110100000,710050000,523460000,2500000000,37,32,90,159
703900000,725510000,7590000,464510000,598490000,2500000000,35,30,78,143
501120000,1002970000,48320000,318990000,628600000,2500000000,35,33,87,155
150420000,2086200000,55060000,122130000,86190000,2500000000,32,29,77,138
303870000,1960750000,26090000,38830000,170460000,2500000000,31,30,78,139
1168880000,554840000,11140000,196370000,568770000,2500000000,40,30,84,154
1049210000,999090000,11860000,101510000,338330000,2500000000,33,27,75,135
709120000,229390000,36320000,639190000,885980000,2500000000,38,32,80,150
593520000,1011830000,6450000,405280000,482920000,2500000000,35,30,80,145
1027430000,489380000,44520000,431330000,507340000,2500000000,37,27,83,147
686820000,1247940000,7900000,109560000,447780000,2500000000,35,30,81,146
15250000,89270000,34640000,4660000,1854180000,1998000000,16,23,66,105
174950000,495480000,153630000,63890000,1606980000,2494930000,27,30,77,134
536750000,1318270000,16620000,201940000,426420000,2500000000,32,29,85,146
1394690000,463320000,3330000,364200000,274460000,2500000000,30,23,73,126
527850000,1092820000,4710000,486960000,387660000,2500000000,31,31,73,135
868980000,894100000,8420000,408060000,320440000,2500000000,32,29,77,138
1156540000,439770000,2490000,423140000,478060000,2500000000,25,26,65,116
1122100000,428440000,30750000,298040000,620670000,2500000000,36,28,85,149
1368200000,537980000,15610000,213960000,364250000,2500000000,34,30,80,144
394660000,1167240000,39190000,142700000,756210000,2500000000,36,34,84,154
483180000,1254650000,5540000,270420000,486210000,2500000000,33,32,80,145
1521090000,202060000,139530000,305950000,331370000,2500000000,32,29,86,147
703080000,1359370000,91110000,52190000,294250000,2500000000,38,35,100,173
1461240000,61680000,98480000,553440000,325160000,2500000000,34,25,79,138
785680000,1205050000,33270000,141460000,334540000,2500000000,38,32,88,158
45480000,611760000,132320000,323010000,1387430000,2500000000,25,34,83,142
297240000,1115780000,176730000,237570000,672680000,2500000000,29,30,82,141
6830000,83910000,43910000,11300000,1970100000,2116050000,22,29,75,126
283020000,1612810000,129110000,381580000,93480000,2500000000,25,25,77,127
48540000,905470000,227950000,500810000,817230000,2500000000,25,43,91,159
645630000,832900000,19860000,224560000,777050000,2500000000,29,26,67,122
260690000,1646900000,11310000,14030000,567070000,2500000000,29,34,75,138
171150000,1840960000,49430000,36150000,402310000,2500000000,30,41,93,164
222340000,1590760000,33010000,83740000,570150000,2500000000,33,36,87,156
639090000,1333590000,11990000,31630000,483700000,2500000000,35,34,93,162
1273600000,181390000,20680000,877910000,146420000,2500000000,36,22,74,132
759080000,1106920000,78730000,33650000,521620000,2500000000,39,36,90,165
1066360000,449310000,31930000,814450000,137950000,2500000000,37,25,77,139
1437220000,305300000,4220000,173180000,580080000,2500000000,41,25,88,154
474780000,64510000,44660000,650000,1606300000,2190900000,28,18,72,118
536810000,499490000,220540000,207060000,1002840000,2466740000,32,28,87,147
626940000,497610000,74340000,9480000,1291630000,2500000000,29,23,65,117
556690000,1587300000,120800000,179790000,55420000,2500000000,30,25,77,132
263280000,1740000,39770000,660000,1439250000,1744700000,27,23,71,121
249130000,11390000,64390000,330000,1562220000,1887460000,21,17,67,105
868560000,469190000,427030000,106200000,629020000,2500000000,30,25,83,138
124150000,118150000,79590000,38090000,1815700000,2175680000,23,34,84,141
134070000,10370000,18450000,4170000,1420390000,1587450000,21,21,62,104
292300000,1659970000,144230000,297550000,105950000,2500000000,27,40,90,157
484060000,1109660000,69340000,239710000,597230000,2500000000,25,34,90,149
107100000,1830190000,157870000,387630000,17210000,2500000000,25,22,78,125
41810000,608100000,150890000,226200000,1473000000,2500000000,25,40,90,155
146690000,1710800000,108380000,524960000,9170000,2500000000,29,24,82,135
122810000,1940420000,155920000,269170000,11680000,2500000000,26,31,80,137
179490000,1739370000,87590000,466000000,27550000,2500000000,25,23,78,126
91760000,1554270000,344830000,441150000,67990000,2500000000,29,38,89,156
141850000,1340220000,197460000,777910000,42560000,2500000000,28,31,87,146
131340000,1655790000,142580000,551810000,18480000,2500000000,29,28,84,141
1048150000,311990000,3830000,554740000,581290000,2500000000,32,23,70,125
130440000,1971240000,21030000,26530000,350760000,2500000000,28,34,77,139
548870000,1245710000,14010000,28330000,663080000,2500000000,37,34,88,159
181450000,1915610000,12800000,20690000,369450000,2500000000,26,32,77,135
838190000,567890000,114010000,717360000,262550000,2500000000,42,21,79,142
1027320000,141850000,14600000,478780000,837450000,2500000000,41,26,86,153
477980000,1449260000,242070000,233380000,97310000,2500000000,26,22,74,122
1215910000,737520000,66420000,104830000,375320000,2500000000,28,19,68,115
258990000,2033450000,139510000,56450000,11600000,2500000000,26,29,79,134
668630000,1570250000,52890000,107780000,100450000,2500000000,27,18,73,118
276380000,1748040000,117550000,335600000,22430000,2500000000,32,28,84,144
590890000,1233970000,102590000,542970000,29580000,2500000000,28,29,87,144
517110000,1589080000,145190000,189900000,58720000,2500000000,34,32,90,156
24740000,397660000,49300000,164700000,1863600000,2500000000,22,24,65,111
122420000,681520000,83560000,382530000,1229970000,2500000000,24,24,63,111
32180000,339550000,23850000,413090000,1431860000,2240530000,20,21,59,100
15360000,65020000,7170000,213030000,1484860000,1785440000,22,22,60,104
19470000,137360000,42730000,308490000,1836600000,2344650000,24,30,65,119
39010000,86620000,197480000,594250000,1582640000,2500000000,14,26,61,101
28440000,199220000,66490000,887320000,1318200000,2499670000,13,25,56,94
343600000,1770000,9070000,133160000,2012400000,2500000000,13,20,51,84
205810000,70210000,112730000,415200000,1696050000,2500000000,27,29,76,132
251290000,47160000,26380000,362150000,1813020000,2500000000,22,24,69,115
35330000,632450000,159170000,51590000,1621460000,2500000000,21,26,67,114
25450000,312910000,43600000,21090000,2094600000,2497650000,20,27,75,122
80320000,481030000,108150000,410380000,1419100000,2498980000,27,22,73,122
61820000,166480000,43940000,633900000,1593860000,2500000000,22,22,61,105
196740000,828050000,36920000,1206750000,231540000,2500000000,25,19,62,106
121820000,368040000,99610000,670330000,1240200000,2500000000,28,28,71,127
168850000,839830000,163110000,871350000,456860000,2500000000,26,27,73,126
256290000,12520000,15090000,1764150000,451950000,2500000000,26,23,66,115
135240000,68570000,222140000,1043860000,1030190000,2500000000,29,32,71,132
190250000,236680000,19540000,1619080000,434450000,2500000000,30,31,63,124
346070000,146770000,403740000,1112960000,490460000,2500000000,30,28,67,125
31830000,17750000,53760000,742320000,1654340000,2500000000,32,36,86,154
217060000,20470000,21240000,697360000,1542840000,2498970000,29,25,65,119
196220000,142730000,88450000,1583940000,488660000,2500000000,31,30,73,134
232460000,149730000,26760000,1847580000,243470000,2500000000,30,24,67,121
22290000,128890000,195230000,205090000,1706000000,2257500000,22,35,75,132
249730000,189050000,16900000,631880000,1412440000,2500000000,23,28,78,129
118950000,275020000,59430000,1025010000,1021590000,2500000000,25,32,71,128
165070000,53390000,40360000,845600000,1395580000,2500000000,25,31,77,133
231640000,157000000,545880000,1117570000,447910000,2500000000,24,32,66,122
529380000,59880000,39280000,739360000,1132100000,2500000000,25,27,57,109
272820000,255550000,247330000,931650000,792650000,2500000000,26,30,64,120
480800000,180150000,59490000,1114660000,664900000,2500000000,24,29,62,115
241410000,1437030000,145850000,158180000,517530000,2500000000,27,27,70,124
189500000,1743080000,173640000,201560000,192220000,2500000000,25,26,72,123
289190000,1883750000,100990000,149870000,76200000,2500000000,26,22,62,110
443590000,1708900000,78400000,220880000,48230000,2500000000,24,20,58,102
20690000,234060000,66230000,10380000,1674930000,2006290000,19,21,70,110
81020000,807190000,108420000,867630000,635740000,2500000000,24,30,72,126
148310000,1259370000,159300000,927900000,5120000,2500000000,28,25,69,122
468300000,397840000,753430000,804410000,76020000,2500000000,28,27,73,128
270150000,616090000,231940000,488930000,892890000,2500000000,30,33,83,146
192330000,1451660000,88320000,759110000,8580000,2500000000,27,24,66,117
287400000,780810000,288860000,824800000,318130000,2500000000,29,33,79,141
74350000,1360080000,253520000,798840000,13210000,2500000000,24,28,65,117
112670000,1322400000,254180000,780070000,30680000,2500000000,28,31,73,132
69230000,876870000,227700000,1304690000,21510000,2500000000,25,30,62,117
174820000,1234590000,164490000,876410000,49690000,2500000000,30,26,68,124
107270000,356310000,291310000,1647940000,97170000,2500000000,31,33,73,137
81590000,969300000,917360000,466750000,65000000,2500000000,29,30,76,135
22920000,93830000,213070000,680750000,1489430000,2500000000,32,36,80,148
94700000,111290000,450570000,1346490000,496950000,2500000000,30,33,70,133
130090000,145910000,625000000,1035550000,563450000,2500000000,32,31,70,133
138670000,226980000,65010000,1367630000,701710000,2500000000,25,30,66,121
137380000,17590000,41900000,1419560000,883570000,2500000000,28,36,77,141
72880000,695710000,507090000,406720000,817600000,2500000000,30,34,86,150
96550000,1159340000,48940000,500800000,694370000,2500000000,30,32,81,143
544490000,176450000,13140000,1046420000,719500000,2500000000,22,24,63,109
43220000,440410000,116730000,251520000,1381990000,2233870000,30,34,84,148
160210000,1328430000,146280000,131290000,733790000,2500000000,26,23,74,123
246360000,1866660000,104420000,263650000,18910000,2500000000,28,16,60,104
136910000,1342230000,154390000,207710000,658760000,2500000000,28,29,79,136
308600000,1679690000,184300000,278310000,49100000,2500000000,27,23,77,127
19360000,215980000,49750000,218460000,1996450000,2500000000,22,26,74,122
195660000,362290000,348940000,464360000,1128750000,2500000000,29,33,76,138
89230000,360970000,183190000,304120000,1369620000,2307130000,27,32,76,135
47670000,1393130000,276240000,772330000,10630000,2500000000,24,26,63,113
179710000,1260380000,276860000,753490000,29560000,2500000000,25,32,69,126
172180000,582850000,1186620000,509930000,48420000,2500000000,29,28,73,130
114010000,1372130000,499110000,473970000,40780000,2500000000,27,31,74,132
39740000,1257560000,412760000,761640000,28300000,2500000000,22,30,67,119
54380000,2177850000,151290000,94640000,21840000,2500000000,19,31,68,118
88160000,1851680000,267850000,227660000,64650000,2500000000,23,32,71,126
57410000,1848760000,238690000,319840000,35300000,2500000000,26,35,74,135
116670000,1632300000,492980000,175140000,82910000,2500000000,27,35,76,138
78720000,1990880000,211960000,116100000,102340000,2500000000,20,30,66,116
239850000,816940000,64670000,500310000,878230000,2500000000,29,34,75,138
107510000,1338480000,93440000,776390000,184180000,2500000000,28,29,77,134
160740000,1683170000,158340000,472950000,24800000,2500000000,27,21,71,119
164850000,1023110000,69400000,1226840000,15800000,2500000000,32,22,76,130
146360000,1229350000,109150000,1000330000,14810000,2500000000,29,24,76,129
42400000,303720000,47650000,365090000,1709180000,2468040000,26,37,84,147
75480000,822390000,116380000,1267680000,218070000,2500000000,28,29,71,128
17900000,480040000,125630000,186570000,1470900000,2281040000,27,33,81,141
199450000,1215700000,150660000,923870000,10320000,2500000000,26,23,67,116
367630000,1047260000,70300000,999580000,15230000,2500000000,30,23,69,122
335340000,1117900000,162510000,865280000,18970000,2500000000,27,26,75,128
386850000,1830000,11390000,494370000,1605560000,2500000000,21,30,57,108
319150000,1600000,4600000,223350000,1951300000,2500000000,20,24,54,98
306480000,1920000,6440000,615340000,1569820000,2500000000,23,29,58,110
91360000,2880000,3510000,186050000,2216200000,2500000000,21,29,62,112
133030000,3450000,7320000,269450000,2086750000,2500000000,28,27,56,111
389670000,2990000,17350000,375530000,1714460000,2500000000,25,24,57,106
20100000,1990000,1800000,60390000,2371770000,2456050000,20,31,67,118
87980000,2620000,1780000,136250000,2271370000,2500000000,22,30,65,117
334490000,4900000,7100000,579030000,1574480000,2500000000,26,30,66,122
413290000,218660000,139600000,958100000,770350000,2500000000,28,33,72,133
369780000,587390000,92120000,648640000,802070000,2500000000,29,32,76,137
522470000,327900000,71790000,408600000,1169240000,2500000000,29,33,78,140
213540000,10140000,13560000,255330000,2007430000,2500000000,31,33,64,128
616180000,285580000,55510000,443400000,1099330000,2500000000,28,32,77,137
291150000,2840000,9720000,252740000,1943550000,2500000000,32,31,72,135
131490000,0,3490000,151890000,2213130000,2500000000,22,30,62,114
359220000,83220000,20500000,270890000,1766170000,2500000000,26,32,72,130
145390000,34300000,22210000,548360000,1749740000,2500000000,21,33,75,129
7750000,3280000,2230000,33920000,2248260000,2295440000,12,22,54,88
0,38070000,3070000,220000000,2161480000,2422620000,9,29,57,95
711110000,1279340000,33400000,4710000,471440000,2500000000,33,25,72,130
129530000,739350000,41840000,185650000,1399890000,2496260000,28,31,89,148
493660000,1299530000,13120000,23510000,670180000,2500000000,30,34,85,149
807600000,1062060000,23650000,71580000,535110000,2500000000,34,27,83,144
994020000,711370000,11200000,26800000,756610000,2500000000,35,30,81,146
131970000,2088700000,48830000,30870000,199630000,2500000000,32,39,90,161
865650000,793500000,114710000,538730000,187410000,2500000000,38,24,84,146
949140000,55470000,12930000,607540000,874920000,2500000000,39,20,74,133
531340000,1722430000,37100000,82560000,126570000,2500000000,26,15,71,112
336210000,1866370000,44430000,241010000,11980000,2500000000,26,15,69,110
764230000,1392840000,112940000,184720000,45270000,2500000000,24,20,71,115
470920000,1731240000,90780000,113880000,93180000,2500000000,24,19,73,116
517270000,1550340000,170310000,236090000,25990000,2500000000,32,27,78,137
789830000,1481470000,36500000,154450000,37750000,2500000000,29,19,73,121
681520000,1301950000,65870000,16070000,434590000,2500000000,33,30,75,138
1840000,266140000,12480000,3240000,1761500000,2045200000,29,32,93,154
563220000,986670000,171650000,8070000,770390000,2500000000,31,25,72,128
1126160000,349890000,4110000,132750000,887090000,2500000000,44,24,78,146
244000000,1854860000,55290000,10920000,334930000,2500000000,32,40,85,157
1721220000,197960000,11780000,130530000,438510000,2500000000,40,22,82,144
957550000,948090000,80160000,477100000,37100000,2500000000,39,24,80,143
931620000,26290000,11960000,707870000,822260000,2500000000,40,17,71,128
732680000,1200480000,69520000,435950000,61370000,2500000000,41,25,79,145
884480000,51110000,12670000,435330000,1116410000,2500000000,41,19,73,133
153900000,2138810000,98740000,77080000,31470000,2500000000,24,21,76,121
167320000,2098450000,51010000,164630000,18590000,2500000000,30,14,73,117
421940000,1754020000,144530000,127700000,51810000,2500000000,31,19,83,133
157450000,1767660000,496650000,27670000,50570000,2500000000,31,19,87,137
1137430000,977240000,55320000,289190000,40820000,2500000000,32,20,76,128
484850000,1692100000,80640000,215260000,27150000,2500000000,27,18,74,119
1105730000,789050000,73710000,439220000,92290000,2500000000,35,16,73,124
1036870000,868640000,44720000,337870000,211900000,2500000000,31,16,69,116
716470000,815380000,68290000,870900000,28960000,2500000000,30,19,78,127
1114930000,1010740000,89400000,236140000,48790000,2500000000,29,16,70,115
793600000,599960000,155520000,905490000,45430000,2500000000,32,22,75,129
654540000,1005430000,89090000,732270000,18670000,2500000000,32,20,77,129
565280000,1669170000,96820000,135630000,33100000,2500000000,30,27,89,146
277820000,1228390000,41000000,916120000,36670000,2500000000,34,25,93,152
548580000,1160240000,49630000,627010000,114540000,2500000000,32,35,89,156
361210000,931060000,37930000,1148710000,21090000,2500000000,30,22,77,129
520100000,1472350000,149730000,314330000,43490000,2500000000,30,27,80,137
491950000,1589620000,163760000,190850000,63820000,2500000000,29,29,83,141
649440000,1607040000,145300000,55390000,42830000,2500000000,31,29,90,150
564230000,1668670000,57140000,193710000,16250000,2500000000,31,29,87,147
340400000,171910000,420840000,16590000,1523120000,2472860000,32,24,82,138
1495910000,280100000,39950000,214640000,469400000,2500000000,42,25,85,152
1034420000,410180000,28620000,693170000,333610000,2500000000,41,23,77,141
1328510000,614660000,238020000,16290000,302520000,2500000000,34,23,76,133
1674820000,557190000,57490000,41580000,168920000,2500000000,40,25,83,148
1425120000,315340000,181100000,9180000,569260000,2500000000,36,21,77,134
699210000,1373170000,84180000,204180000,139260000,2500000000,37,21,82,140
1284700000,154460000,29740000,529610000,501490000,2500000000,41,23,81,145
515710000,1155830000,84150000,71530000,672780000,2500000000,36,34,96,166
682640000,898420000,157970000,105470000,655500000,2500000000,40,39,99,178
564530000,1500100000,89600000,310650000,35120000,2500000000,32,20,78,130
541690000,1599820000,114280000,210490000,33720000,2500000000,34,20,84,138
731760000,1259680000,22700000,408540000,77320000,2500000000,37,23,74,134
1481660000,350130000,23840000,417770000,226600000,2500000000,37,17,74,128
1013620000,537770000,43130000,866940000,38540000,2500000000,31,16,74,121
700850000,1025500000,57090000,632500000,84060000,2500000000,34,19,78,131
639070000,467750000,47960000,1270700000,74520000,2500000000,32,23,82,137
703000000,737600000,65240000,939280000,54880000,2500000000,35,20,75,130
1211450000,313360000,23840000,766950000,184400000,2500000000,35,18,72,125
1410360000,250770000,49860000,686980000,102030000,2500000000,34,18,75,127
804090000,519320000,40240000,1087760000,48590000,2500000000,38,23,75,136
670770000,223410000,32170000,1508000000,65650000,2500000000,37,23,80,140
339740000,1327600000,75360000,734590000,22710000,2500000000,28,26,88,142
458270000,859000000,43740000,1125620000,13370000,2500000000,33,27,85,145
472460000,935810000,49000000,1008310000,34420000,2500000000,30,23,90,143
353230000,697750000,88560000,1340760000,19700000,2500000000,33,20,80,133
1450670000,812020000,84340000,96840000,56130000,2500000000,31,29,87,147
772680000,1444500000,104580000,137210000,41030000,2500000000,28,27,88,143
715870000,1274080000,82440000,375020000,52590000,2500000000,32,27,88,147
433540000,1533630000,111800000,382070000,38960000,2500000000,28,27,93,148
43270000,382630000,49220000,5180000,1882080000,2362380000,32,29,86,147
18990000,461990000,106260000,18850000,1615370000,2221460000,25,38,93,156
748800000,1132880000,119810000,93290000,405220000,2500000000,37,27,94,158
1215140000,620990000,119360000,134390000,410120000,2500000000,35,22,79,136
181810000,675690000,273260000,58870000,1310370000,2500000000,27,35,100,162
911590000,516830000,26780000,872370000,172430000,2500000000,35,26,78,139
961840000,449860000,29640000,817270000,241390000,2500000000,45,27,83,155
827450000,493930000,57540000,965210000,155870000,2500000000,41,24,85,150
1486890000,184370000,27660000,297190000,503890000,2500000000,43,19,77,139
609670000,1065450000,244060000,529690000,51130000,2500000000,38,25,84,147
1054540000,604890000,57780000,686470000,96320000,2500000000,35,22,87,144
858520000,401040000,116290000,1027980000,96170000,2500000000,40,33,99,172
1132360000,562260000,100530000,642580000,62270000,2500000000,38,29,91,158
527640000,643190000,75970000,1193210000,59990000,2500000000,30,24,89,143
342880000,953820000,104120000,1061340000,37840000,2500000000,29,22,86,137
546480000,417540000,60400000,1448290000,27290000,2500000000,30,22,84,136
372200000,387170000,88670000,1627100000,24860000,2500000000,33,27,90,150
767680000,1359990000,74110000,286410000,11810000,2500000000,30,19,84,133
830650000,802460000,72450000,743930000,50510000,2500000000,30,26,89,145
824530000,1164690000,47270000,439550000,23960000,2500000000,31,20,84,135
1133620000,216710000,25750000,1083790000,40130000,2500000000,31,20,76,127
685490000,1198510000,279240000,31020000,305740000,2500000000,26,26,82,134
74270000,993400000,97180000,188850000,1146300000,2500000000,26,42,96,164
835800000,1209310000,168580000,47690000,238620000,2500000000,40,24,85,149
330160000,666530000,420650000,208060000,874600000,2500000000,29,39,98,166
1241600000,546590000,115960000,455220000,140630000,2500000000,41,19,88,148
998590000,845720000,159300000,210790000,285600000,2500000000,35,22,87,144
1133300000,848930000,99860000,243320000,174590000,2500000000,49,26,92,167
1144530000,867030000,32360000,113580000,342500000,2500000000,42,23,82,147
414870000,871720000,472680000,689460000,51270000,2500000000,38,28,95,161
849420000,788760000,301210000,475610000,85000000,2500000000,42,24,81,147
612710000,1217910000,329110000,187590000,152680000,2500000000,43,34,103,180
691430000,1321580000,158210000,300820000,27960000,2500000000,42,29,83,154
593710000,706560000,182470000,963130000,54130000,2500000000,36,27,94,157
668950000,804020000,142250000,849070000,35710000,2500000000,36,32,90,158
583440000,1240690000,122670000,512350000,40850000,2500000000,36,25,93,154
693850000,1020110000,133240000,554020000,98780000,2500000000,44,31,100,175
1069750000,1034570000,34500000,341980000,19200000,2500000000,31,18,73,122
790170000,780640000,79390000,810400000,39400000,2500000000,32,21,86,139
873390000,1148750000,75230000,374210000,28420000,2500000000,33,23,82,138
712680000,1262280000,228100000,206680000,90260000,2500000000,36,27,95,158
94730000,35600000,161550000,1330000,1879030000,2172240000,27,18,75,120
1120260000,799420000,69410000,131350000,379560000,2500000000,40,24,87,151
1151500000,661670000,224980000,13800000,448050000,2500000000,32,27,87,146
1195970000,261440000,51140000,544690000,446760000,2500000000,47,21,84,152
1156930000,546160000,22260000,216690000,557960000,2500000000,46,23,85,154
1087380000,762680000,182130000,344700000,123110000,2500000000,44,27,90,161
1126870000,563680000,261680000,367010000,180760000,2500000000,47,20,86,153
1324310000,398270000,77300000,594570000,105550000,2500000000,47,25,89,161
1097080000,576280000,288350000,396830000,141460000,2500000000,48,24,93,165
973480000,914980000,83370000,478040000,50130000,2500000000,34,22,90,146
1092550000,743160000,164050000,464870000,35370000,2500000000,41,24,92,157
418530000,1222930000,52240000,795260000,11040000,2500000000,28,21,71,120
403310000,1364070000,75570000,647620000,9430000,2500000000,30,25,77,132
345260000,1926680000,149140000,64620000,14300000,2500000000,27,20,76,123
252770000,2112530000,57450000,61410000,15840000,2500000000,29,26,72,127
357620000,1020320000,222460000,752980000,146620000,2500000000,27,36,86,149
431130000,980800000,73890000,1004750000,9430000,2500000000,29,23,66,118
584670000,1194500000,301440000,348670000,70720000,2500000000,28,35,80,143
527480000,1634260000,225940000,86990000,25330000,2500000000,26,24,72,122
63180000,705630000,69390000,118430000,1342250000,2298880000,24,23,64,111
296090000,1129620000,121410000,467270000,485610000,2500000000,26,25,76,127
278910000,839480000,328920000,953930000,98760000,2500000000,28,32,75,135
88480000,202570000,104480000,443510000,1401870000,2240910000,25,32,72,129
99760000,787050000,194610000,233350000,1185230000,2500000000,24,34,75,133
60450000,1960910000,223660000,246460000,8520000,2500000000,24,36,74,134
64570000,1210400000,603050000,351470000,270510000,2500000000,28,34,72,134
61970000,782360000,93820000,146590000,1377970000,2462710000,28,37,78,143
9980000,298230000,50790000,54180000,2047130000,2460310000,17,31,65,113
191190000,1912840000,151360000,184050000,60560000,2500000000,32,38,83,153
60010000,615100000,48270000,85640000,1440740000,2249760000,24,34,81,139
115500000,1807610000,182160000,358250000,36480000,2500000000,27,33,72,132
582400000,1559040000,297910000,43070000,17580000,2500000000,33,28,83,144
426660000,1762880000,206660000,51250000,52550000,2500000000,33,30,78,141
795090000,1102670000,501170000,22570000,78500000,2500000000,34,29,88,151
437150000,1800920000,132030000,100340000,29560000,2500000000,32,26,81,139
349980000,1591790000,153390000,389160000,15680000,2500000000,26,23,72,121
641890000,1501060000,250300000,46530000,60220000,2500000000,34,25,86,145
137940000,831840000,114180000,214490000,1197640000,2496090000,31,41,91,163
300600000,1767600000,136370000,262550000,32880000,2500000000,27,25,75,127
109600000,1778680000,394730000,178820000,38170000,2500000000,25,29,72,126
145330000,2086380000,170160000,30730000,67400000,2500000000,29,30,80,139
58510000,793100000,122480000,102120000,1409740000,2485950000,29,37,87,153
64990000,2020230000,250500000,150850000,13430000,2500000000,29,40,84,153
24440000,345990000,77900000,167070000,1370400000,1985800000,20,32,71,123
406470000,1901560000,95170000,21530000,75270000,2500000000,31,30,87,148
649260000,1655660000,117780000,35440000,41860000,2500000000,33,24,85,142
217830000,2061840000,113840000,23440000,83050000,2500000000,29,28,83,140
788380000,1402180000,101930000,170120000,37390000,2500000000,30,29,86,145
743540000,1417980000,171080000,119040000,48360000,2500000000,31,31,87,149
552540000,1692020000,109960000,126930000,18550000,2500000000,29,24,78,131
324070000,1895270000,145500000,86890000,48270000,2500000000,29,25,88,142
504120000,1791320000,110050000,41860000,52650000,2500000000,29,27,82,138
216930000,1508320000,482570000,227120000,65060000,2500000000,31,32,85,148
142190000,2024170000,173970000,140250000,19420000,2500000000,29,29,79,137
388770000,1069500000,437660000,548740000,55330000,2500000000,34,28,82,144
478330000,952950000,119250000,934730000,14740000,2500000000,34,28,86,148
61750000,1315680000,375150000,207590000,539830000,2500000000,33,41,89,163
51660000,1524720000,744210000,155830000,23580000,2500000000,32,29,80,141
97840000,1262810000,587530000,123480000,428340000,2500000000,37,43,91,171
26330000,102840000,329390000,142000000,1593690000,2194250000,32,36,79,147
49590000,1145740000,236940000,105950000,961780000,2500000000,37,42,91,170
701700000,1348660000,93470000,201250000,154920000,2500000000,32,34,92,158
1110530000,1166090000,56740000,135010000,31630000,2500000000,31,22,84,137
1038580000,1035250000,54560000,316690000,54920000,2500000000,33,22,78,133
884940000,840260000,74870000,674940000,24990000,2500000000,29,19,75,123
536950000,1263930000,46020000,590270000,62830000,2500000000,35,29,90,154
464810000,1630430000,76420000,195640000,132700000,2500000000,33,30,96,159
743180000,1054930000,126090000,537940000,37860000,2500000000,33,29,90,152
885510000,1119740000,64180000,383510000,47060000,2500000000,35,26,93,154
629750000,1170110000,458800000,198600000,42740000,2500000000,32,27,75,134
1359770000,402180000,152650000,524580000,60820000,2500000000,42,22,79,143
1115020000,673160000,193530000,463360000,54930000,2500000000,38,19,69,126
1155170000,692010000,123740000,479170000,49910000,2500000000,38,22,76,136
358030000,924580000,750240000,401400000,65750000,2500000000,34,36,81,151
487090000,1186940000,478300000,144780000,202890000,2500000000,39,39,89,167
240360000,1247180000,765920000,169080000,77460000,2500000000,40,32,89,161
40010000,337890000,654130000,1219840000,248130000,2500000000,36,42,88,166
210600000,1143490000,487180000,455170000,203560000,2500000000,37,41,93,171
700000000,525300000,385500000,660820000,228380000,2500000000,40,44,91,175
282880000,1295390000,462510000,361410000,97810000,2500000000,37,45,86,168
14670000,355860000,55010000,117150000,1957310000,2500000000,26,36,86,148
72780000,407990000,474650000,698610000,845970000,2500000000,35,38,85,158
36720000,134710000,145610000,1339520000,843440000,2500000000,34,41,86,161
241260000,917970000,193010000,248650000,899110000,2500000000,40,43,95,178
4460000,178220000,30180000,321230000,1964230000,2498320000,31,39,87,157
729790000,810290000,200180000,655390000,104350000,2500000000,32,24,83,139
975380000,623670000,82780000,793140000,25030000,2500000000,34,19,83,136
108100000,282300000,11920000,15120000,1965040000,2382480000,31,30,70,131
32610000,129250000,46130000,28900000,2191060000,2427950000,29,29,76,134
0,15670000,0,0,1463900000,1479570000,14,28,57,99
759080000,261390000,8320000,37570000,1433640000,2500000000,38,29,70,137
349430000,587950000,130200000,95820000,1336600000,2500000000,41,36,90,167
660700000,138190000,105210000,2220000,1593680000,2500000000,38,27,71,136
513630000,215760000,31280000,8910000,1730420000,2500000000,32,27,78,137
609610000,86340000,1100000,9690000,1793260000,2500000000,31,28,70,129
1168520000,416040000,206470000,497780000,211190000,2500000000,45,21,83,149
695800000,269280000,79280000,4360000,1451280000,2500000000,33,30,76,139
193230000,88850000,5670000,4240000,2208010000,2500000000,35,23,61,119
553710000,127030000,9510000,440000,1809310000,2500000000,33,28,69,130
640000,19720000,550000,2260000,1739640000,1762810000,25,23,69,117
414420000,238640000,149250000,4740000,1692950000,2500000000,29,24,80,133
1040180000,493340000,39320000,238870000,688290000,2500000000,43,27,89,159
1238490000,549960000,141510000,109440000,460600000,2500000000,33,24,79,136
425610000,90270000,14990000,576050000,1393080000,2500000000,43,18,68,129
907330000,440130000,42190000,414850000,695500000,2500000000,47,21,84,152
1014620000,225930000,87220000,623310000,548920000,2500000000,45,21,84,150
1310080000,64310000,6170000,523360000,596080000,2500000000,44,18,75,137
751150000,186960000,352150000,154500000,1055240000,2500000000,37,23,83,143
1155640000,124580000,44390000,324250000,851140000,2500000000,45,19,70,134
69600000,25090000,147830000,11300000,1646000000,1899820000,29,18,72,119
832480000,39240000,34400000,451850000,1142030000,2500000000,44,17,69,130
636190000,58860000,18780000,492570000,1293600000,2500000000,38,16,71,125
660220000,1211800000,305020000,63510000,259450000,2500000000,43,21,88,152
913430000,998440000,89230000,81010000,417890000,2500000000,42,20,83,145
679890000,72440000,77770000,555090000,1114810000,2500000000,45,17,79,141
573650000,56500000,40870000,718080000,1110900000,2500000000,39,17,74,130
560470000,129780000,37640000,241310000,1530800000,2500000000,41,16,74,131
641600000,281420000,70710000,210930000,1295340000,2500000000,39,17,75,131
640210000,1210870000,210020000,209350000,229550000,2500000000,48,30,94,172
980110000,217910000,182550000,478370000,641060000,2500000000,47,26,93,166
646080000,670430000,177910000,711180000,294400000,2500000000,48,24,83,155
595110000,174580000,117290000,602870000,1010150000,2500000000,46,19,85,150
1209080000,606010000,236980000,396160000,51770000,2500000000,40,23,83,146
983190000,579200000,100330000,747040000,90240000,2500000000,43,19,80,142
846320000,1118110000,377750000,104030000,53790000,2500000000,41,32,90,163
933110000,992900000,249030000,240080000,84880000,2500000000,48,27,89,164
944110000,269240000,55180000,101930000,1129540000,2500000000,35,21,72,128
517880000,1795080000,130910000,41300000,14830000,2500000000,24,16,76,116
1064310000,1190360000,69110000,94390000,81830000,2500000000,25,16,69,110
190850000,2074520000,133470000,5330000,95830000,2500000000,20,25,84,129
935320000,478700000,118770000,63370000,903840000,2500000000,31,16,65,112
1041540000,82170000,60100000,180050000,1136140000,2500000000,43,13,66,122
396060000,1708930000,174090000,59150000,161770000,2500000000,33,30,90,153
1110260000,485770000,545500000,30970000,327500000,2500000000,41,24,88,153
183600000,1961030000,272590000,4360000,78420000,2500000000,26,24,80,130
724880000,182280000,47990000,650160000,894690000,2500000000,45,19,81,145
594390000,61630000,58730000,362350000,1422900000,2500000000,45,15,76,136
402410000,27610000,25530000,707570000,1336880000,2500000000,43,20,72,135
1270130000,78660000,71810000,203000000,876400000,2500000000,47,20,86,153
1301920000,503400000,236430000,413480000,44770000,2500000000,47,22,80,149
794460000,1120330000,297100000,207770000,80340000,2500000000,48,23,84,155
842490000,1061330000,324970000,223770000,47440000,2500000000,42,22,87,151
714450000,680780000,325300000,409320000,370150000,2500000000,48,29,90,167
629000000,238150000,142810000,13610000,1433430000,2457000000,35,21,75,131
597670000,1616530000,86150000,19730000,179920000,2500000000,34,28,92,154
1550980000,281200000,42230000,90970000,534620000,2500000000,30,14,71,115
243830000,1966070000,144260000,5060000,140780000,2500000000,27,26,87,140
1606910000,654120000,22760000,58620000,157590000,2500000000,33,16,65,114
1024410000,578300000,506500000,111330000,279460000,2500000000,45,23,88,156
34550000,1713660000,627560000,67520000,56710000,2500000000,25,23,75,123
1239530000,447660000,231950000,208350000,372510000,2500000000,46,22,87,155
37280000,2119880000,290270000,17970000,34600000,2500000000,26,22,75,123
690020000,57130000,51870000,790670000,910310000,2500000000,46,14,75,135
1031840000,98560000,62750000,309060000,997790000,2500000000,46,18,84,148
400140000,8950000,27680000,615840000,1447390000,2500000000,42,15,68,125
783390000,121970000,39750000,312080000,1242810000,2500000000,45,18,84,147
480140000,921750000,293630000,298340000,506140000,2500000000,40,30,90,160
878650000,236710000,177340000,878080000,329220000,2500000000,49,21,82,152
798640000,60840000,166370000,1402310000,71840000,2500000000,47,27,85,159
853310000,27900000,105900000,949500000,563390000,2500000000,43,21,70,134
501390000,542470000,48050000,35740000,1372350000,2500000000,19,19,69,107
1216750000,996140000,34010000,125340000,127760000,2500000000,24,15,64,103
409460000,1089130000,34230000,41680000,925500000,2500000000,18,21,81,120
1541900000,612110000,143750000,70700000,131540000,2500000000,37,29,91,157
536460000,1284280000,192190000,18610000,468460000,2500000000,24,24,80,128
1343560000,826630000,179890000,50340000,99580000,2500000000,33,20,76,129
893740000,1404890000,127550000,20650000,53170000,2500000000,24,16,67,107
44820000,2109150000,230960000,1980000,113090000,2500000000,20,25,80,125
803680000,1391890000,117390000,36230000,150810000,2500000000,32,21,82,135
18500000,2292360000,123270000,290000,65580000,2500000000,16,24,76,116
483710000,1619160000,226820000,40020000,130290000,2500000000,30,25,86,141
1428450000,266610000,66760000,194930000,543250000,2500000000,46,19,73,138
94710000,1807480000,287090000,66250000,244470000,2500000000,32,26,80,138
1412780000,471920000,150930000,308240000,156130000,2500000000,44,21,77,142
216350000,1928740000,293880000,32100000,28930000,2500000000,24,21,73,118
551600000,83850000,17380000,380760000,1466410000,2500000000,44,17,78,139
1087540000,200940000,46720000,388230000,776570000,2500000000,45,17,77,139
1528790000,402640000,104810000,117480000,346280000,2500000000,48,20,76,144
986300000,3360000,98690000,1140540000,271110000,2500000000,45,23,79,147
841060000,21000000,79390000,684330000,874220000,2500000000,42,17,65,124
1280930000,11660000,78960000,668090000,460360000,2500000000,46,28,77,151
850970000,74050000,122150000,562270000,890560000,2500000000,45,16,73,134
204720000,872360000,38150000,43350000,1256580000,2415160000,21,23,77,121
575720000,1643750000,53900000,102440000,124190000,2500000000,25,20,72,117
728890000,1435370000,23080000,150140000,162520000,2500000000,24,23,73,120
1473480000,824930000,32540000,38630000,130420000,2500000000,32,14,64,110
1292470000,924620000,81160000,65730000,136020000,2500000000,36,18,73,127
9930000,2292730000,143100000,60000,54180000,2500000000,14,22,68,104
67570000,2184610000,119070000,21630000,107120000,2500000000,21,27,85,133
828810000,1162140000,271950000,186950000,50150000,2500000000,43,19,76,138
116080000,2033440000,333240000,1010000,16230000,2500000000,19,18,62,99
1175420000,81250000,31650000,404920000,806760000,2500000000,43,17,70,130
1394590000,207740000,59530000,267080000,571060000,2500000000,48,19,73,140
1415590000,43110000,135640000,717110000,188550000,2500000000,47,26,79,152
680840000,14600000,58560000,783460000,962540000,2500000000,41,11,59,111
1074340000,252850000,106630000,1006450000,59730000,2500000000,41,18,73,132
969480000,745490000,192550000,563080000,29400000,2500000000,38,18,69,125
1156350000,752920000,208610000,324090000,58030000,2500000000,40,20,72,132
1264620000,588790000,125410000,478070000,43110000,2500000000,37,17,68,122
276810000,1327810000,654140000,142820000,98420000,2500000000,36,35,84,155
640730000,958310000,390170000,351510000,159280000,2500000000,40,31,85,156
692870000,252330000,745040000,740290000,69470000,2500000000,36,27,74,137
793160000,413980000,606950000,631350000,54560000,2500000000,40,28,78,146
214440000,1127880000,217020000,903460000,37200000,2500000000,37,43,93,173
283850000,1175320000,380810000,538030000,121990000,2500000000,35,42,82,159
255720000,1658200000,295060000,271940000,19080000,2500000000,34,34,78,146
446520000,934250000,845020000,232050000,42160000,2500000000,33,30,76,139
263940000,715570000,218310000,1138680000,163500000,2500000000,41,44,90,175
205840000,610980000,229380000,1333910000,119890000,2500000000,42,42,90,174
166910000,1707590000,224000000,327800000,73700000,2500000000,35,41,86,162
365600000,1534670000,191840000,298550000,109340000,2500000000,34,37,80,151
15230000,436570000,71790000,567370000,1409040000,2500000000,35,43,94,172
22180000,601810000,157140000,759490000,959380000,2500000000,36,41,85,162
964370000,806040000,130130000,532050000,67410000,2500000000,36,29,88,153
1468510000,411360000,163830000,407130000,49170000,2500000000,41,19,71,131
1327370000,752710000,184180000,180160000,55580000,2500000000,40,24,77,141
1067810000,1002000000,217170000,159120000,53900000,2500000000,44,29,88,161
806860000,855670000,302640000,455840000,78990000,2500000000,37,25,87,149
467430000,1280980000,202040000,499250000,50300000,2500000000,35,30,92,157
956170000,459100000,368280000,695720000,20730000,2500000000,34,19,71,124
922820000,792310000,201790000,563810000,19270000,2500000000,36,25,81,142
1136900000,647150000,220770000,450160000,45020000,2500000000,39,18,73,130
683540000,1293670000,275910000,190220000,56660000,2500000000,40,26,80,146
859130000,905500000,428680000,288310000,18380000,2500000000,39,34,85,158
789370000,822960000,483990000,338400000,65280000,2500000000,39,30,88,157
1288110000,140890000,265990000,562300000,242710000,2500000000,39,20,67,126
1264570000,62770000,303670000,796880000,72110000,2500000000,41,18,74,133
1222410000,375670000,119380000,653880000,128660000,2500000000,41,20,72,133
1125080000,523750000,224270000,585820000,41080000,2500000000,40,24,78,142
318550000,1485600000,331360000,343360000,21130000,2500000000,34,32,81,147
264370000,1628380000,342490000,236660000,28100000,2500000000,40,27,77,144
354230000,1293010000,527320000,299370000,26070000,2500000000,38,30,80,148
661100000,1125350000,259300000,390500000,63750000,2500000000,39,27,77,143
269150000,1348830000,247130000,533400000,101490000,2500000000,36,36,82,154
303880000,1820060000,129390000,220410000,26260000,2500000000,39,37,81,157
232610000,1069780000,392860000,765310000,39440000,2500000000,39,36,81,156
212030000,1713210000,112200000,335260000,127300000,2500000000,35,37,83,155
127890000,505330000,191240000,1326470000,349070000,2500000000,34,38,83,155
28320000,298730000,56270000,264680000,1852000000,2500000000,34,40,89,163
204620000,470980000,159850000,1287030000,377520000,2500000000,38,38,85,161
35070000,631080000,76390000,335360000,1422100000,2500000000,39,44,91,174
32010000,4790000,18570000,14850000,1437070000,1507290000,26,31,68,125
180130000,1746720000,95580000,57850000,419720000,2500000000,36,39,88,163
39690000,967930000,79390000,51850000,1361140000,2500000000,33,39,88,160
1029850000,810560000,321840000,224810000,112940000,2500000000,45,28,85,158
1351690000,405250000,170490000,557340000,15230000,2500000000,43,24,77,144
1238160000,675910000,205930000,339360000,40640000,2500000000,41,20,74,135
1080860000,450890000,227300000,717820000,23130000,2500000000,40,18,71,129
1300710000,713230000,220000000,253590000,12470000,2500000000,36,22,76,134
1127600000,877270000,261180000,157040000,76910000,2500000000,37,28,91,156
883170000,812090000,492860000,237460000,74420000,2500000000,41,32,90,163
1004760000,918320000,367050000,178260000,31610000,2500000000,39,25,83,147
1211980000,368600000,148410000,737320000,33690000,2500000000,39,20,73,132
1407410000,542010000,217560000,302100000,30920000,2500000000,37,17,78,132
1085970000,742850000,117660000,539460000,14060000,2500000000,43,21,76,140
566870000,1534910000,234390000,139690000,24140000,2500000000,40,24,84,148
955100000,922870000,270380000,305810000,45840000,2500000000,44,22,76,142
1059450000,707110000,122080000,576890000,34470000,2500000000,38,19,69,126
974220000,963370000,124890000,420620000,16900000,2500000000,41,24,79,144
1001140000,600140000,164640000,715380000,18700000,2500000000,42,24,81,147
749020000,1307250000,241040000,178630000,24060000,2500000000,39,27,75,141
984680000,1010610000,139350000,341820000,23540000,2500000000,39,22,74,135
532150000,1502560000,312100000,114920000,38270000,2500000000,41,27,84,152
908530000,1112960000,194900000,253160000,30450000,2500000000,42,26,79,147
476110000,1209880000,168500000,626410000,19100000,2500000000,38,30,81,149
530840000,1250530000,246550000,382440000,89640000,2500000000,42,35,87,164
1231720000,754020000,125310000,231510000,157440000,2500000000,40,30,82,152
887240000,1007720000,265220000,286990000,52830000,2500000000,42,31,92,165
160830000,942900000,156250000,1050920000,189100000,2500000000,39,38,85,162
257620000,1150380000,197980000,799670000,94350000,2500000000,39,39,86,164
340200000,1237640000,229590000,619450000,73120000,2500000000,41,34,81,156
456670000,738670000,752670000,461030000,90960000,2500000000,42,37,86,165
147200000,1516480000,140270000,439530000,256520000,2500000000,37,37,80,154
152640000,1039260000,167320000,1012260000,128520000,2500000000,41,40,85,166
31540000,505340000,45350000,51810000,1865960000,2500000000,35,39,84,158
172310000,980360000,179390000,392610000,775330000,2500000000,40,37,89,166
198830000,1818670000,196930000,33910000,251660000,2500000000,34,34,81,149
90200000,1672980000,132900000,20120000,583800000,2500000000,34,34,87,155
71080000,758850000,74570000,10100000,1585400000,2500000000,33,33,86,152
924050000,726400000,366640000,474530000,8380000,2500000000,41,19,73,133
894270000,895140000,133560000,519870000,57160000,2500000000,39,26,83,148
794200000,1063030000,262100000,346240000,34430000,2500000000,41,28,83,152
674350000,822520000,189990000,757470000,55670000,2500000000,40,25,80,145
990520000,1126850000,149040000,219840000,13750000,2500000000,36,18,70,124
796390000,1030520000,420250000,229580000,23260000,2500000000,37,20,74,131
556370000,1586080000,83140000,260290000,14120000,2500000000,33,20,75,128
923410000,705260000,187450000,668230000,15650000,2500000000,41,20,72,133
987320000,972950000,128820000,402230000,8680000,2500000000,41,26,85,152
1003420000,974470000,167250000,337830000,17030000,2500000000,42,30,88,160
1110350000,680680000,133220000,518950000,56800000,2500000000,40,20,74,134
1104810000,694970000,104220000,575650000,20350000,2500000000,43,24,80,147
397850000,1757560000,165610000,149610000,29370000,2500000000,41,29,83,153
1170090000,648810000,237330000,412740000,31030000,2500000000,42,25,79,146
327990000,1832170000,156090000,137870000,45880000,2500000000,40,35,87,162
1052370000,896820000,159100000,363010000,28700000,2500000000,43,23,80,146
387090000,1676860000,232130000,166010000,37910000,2500000000,39,27,86,152
1304160000,748530000,153380000,220870000,73060000,2500000000,43,28,86,157
248220000,1736240000,268990000,181130000,65420000,2500000000,43,31,93,167
261390000,1836180000,224500000,115410000,62520000,2500000000,45,31,91,167
777340000,1308020000,92100000,306860000,15680000,2500000000,42,29,86,157
676480000,1190880000,161200000,445360000,26080000,2500000000,42,30,88,160
682640000,1116580000,75310000,578670000,46800000,2500000000,42,35,89,166
733430000,1157540000,85840000,405310000,117880000,2500000000,40,36,92,168
214660000,1254410000,173850000,284510000,572570000,2500000000,42,35,89,166
642520000,1178310000,97820000,514300000,67050000,2500000000,43,35,92,170
323390000,1351510000,83310000,301590000,440200000,2500000000,42,35,95,172
694180000,1147540000,127850000,451490000,78940000,2500000000,43,29,87,159
98180000,671680000,53850000,152110000,1524180000,2500000000,39,36,88,163
13100000,72780000,13820000,20370000,2379930000,2500000000,33,26,73,132
649260000,1215730000,263580000,309080000,62350000,2500000000,39,23,78,140
620120000,678750000,190940000,959390000,50800000,2500000000,43,27,79,149
507820000,1505190000,166580000,301020000,19390000,2500000000,39,24,73,136
777180000,541720000,491770000,534260000,155070000,2500000000,44,29,88,161
752940000,1057330000,260910000,421650000,7170000,2500000000,38,23,78,139
747380000,1133410000,121080000,451250000,46880000,2500000000,42,32,83,157
1098130000,715280000,153030000,519700000,13860000,2500000000,40,25,81,146
907070000,1189870000,161340000,211980000,29740000,2500000000,42,26,86,154
416480000,1641940000,175160000,243050000,23370000,2500000000,41,28,81,150
762960000,633690000,189110000,864560000,49680000,2500000000,44,25,81,150
1262090000,118760000,10770000,210000,1108170000,2500000000,42,24,70,136
308070000,63710000,15930000,0,1726890000,2114600000,37,33,77,147
210500000,26710000,7900000,590000,2254300000,2500000000,35,18,67,120
265160000,30460000,4220000,300000,2199860000,2500000000,27,22,50,99
383690000,19000000,5950000,0,2091360000,2500000000,23,20,59,102
606570000,70190000,6670000,0,1816570000,2500000000,37,25,65,127
670290000,110220000,13100000,970000,1705420000,2500000000,33,17,56,106
718380000,129570000,8820000,0,1643230000,2500000000,27,20,55,102
43040000,83950000,4180000,0,2174740000,2305910000,20,21,52,93
652630000,147160000,48140000,1530000,1650540000,2500000000,27,24,64,115
8020000,68250000,24080000,15620000,1396730000,1512700000,23,34,70,127
105770000,1436530000,84230000,25020000,848450000,2500000000,33,37,85,155
222050000,1818210000,110470000,10710000,338560000,2500000000,31,34,78,143
1968860000,135570000,23380000,0,372190000,2500000000,42,26,70,138
566180000,51510000,61260000,0,1585830000,2264780000,37,31,72,140
1381980000,114950000,56420000,0,946650000,2500000000,42,31,80,153
38630000,5380000,880000,0,1054060000,1098950000,21,17,49,87
1128660000,35670000,7160000,0,1328510000,2500000000,34,15,59,108
1078440000,23910000,5880000,0,1391770000,2500000000,28,12,60,100
1724200000,57340000,7140000,0,711320000,2500000000,42,22,56,120
1982860000,30920000,9490000,0,476730000,2500000000,38,17,59,114
567120000,22190000,13320000,0,1897370000,2500000000,27,23,61,111
1146720000,51540000,20790000,0,1280950000,2500000000,40,21,62,123
583630000,46890000,6620000,270000,1862590000,2500000000,24,24,60,108
400680000,82100000,15480000,0,2001740000,2500000000,26,25,56,107
1077190000,127230000,33570000,3900000,1258110000,2500000000,37,26,67,130
429670000,98220000,2750000,1810000,1967550000,2500000000,25,24,57,106
688480000,271630000,28330000,0,1511560000,2500000000,34,31,67,132
617480000,99070000,8050000,450000,1774950000,2500000000,34,24,63,121
826390000,146600000,5240000,300000,1521470000,2500000000,40,30,71,141
272410000,50790000,7450000,0,2169350000,2500000000,22,22,56,100
551760000,95740000,1220000,0,1851280000,2500000000,38,31,65,134
152900000,1703390000,111000000,115890000,416820000,2500000000,33,37,80,150
434000000,1621480000,139720000,26720000,278080000,2500000000,35,33,78,146
200640000,1324940000,107960000,23150000,843310000,2500000000,33,36,80,149
192750000,1326190000,227250000,30820000,722990000,2500000000,33,34,83,150
100920000,1144010000,79320000,62250000,1113500000,2500000000,32,39,89,160
109420000,1193370000,152640000,64070000,980500000,2500000000,35,36,85,156
24420000,910000,220000,0,1034740000,1060290000,16,10,34,60
1842920000,221370000,68390000,1060000,366260000,2500000000,44,30,72,146
1145350000,61760000,38070000,0,1242630000,2487810000,42,31,77,150
776810000,552920000,147630000,0,1022640000,2500000000,44,36,84,164
76930000,72320000,33750000,0,1678640000,1861640000,31,30,65,126
1705560000,96110000,19090000,440000,678800000,2500000000,36,16,55,107
1823960000,176220000,42540000,0,457280000,2500000000,44,31,71,146
1576720000,328880000,40700000,0,553700000,2500000000,45,30,76,151
1293810000,383590000,277430000,420000,544750000,2500000000,46,31,79,156
985690000,138840000,19650000,0,1355820000,2500000000,34,21,64,119
1466770000,93490000,16950000,0,922790000,2500000000,33,16,63,112
1186140000,360780000,60470000,2820000,889790000,2500000000,46,30,81,157
1270100000,361550000,30720000,1030000,836600000,2500000000,40,28,72,140
562990000,116090000,7950000,1000000,1811970000,2500000000,30,31,66,127
1105580000,138590000,16210000,1750000,1237870000,2500000000,42,30,72,144
1054430000,116720000,24840000,870000,1303140000,2500000000,31,25,69,125
650470000,152580000,5290000,0,1691660000,2500000000,42,28,73,143
367460000,87210000,7660000,610000,2037060000,2500000000,36,25,73,134
769750000,151120000,3890000,0,1575240000,2500000000,43,23,68,134
708870000,102100000,3420000,0,1685610000,2500000000,33,30,72,135
169700000,181010000,10090000,0,2139200000,2500000000,34,29,70,133
884890000,234800000,11720000,0,1368590000,2500000000,46,34,76,156
803980000,194620000,3140000,0,1498260000,2500000000,35,27,71,133
802550000,370130000,97770000,0,1229550000,2500000000,45,35,82,162
47800000,212970000,20040000,3980000,1939440000,2224230000,27,27,67,121
56380000,196370000,29440000,6790000,2174730000,2463710000,29,30,74,133
1106740000,416820000,70640000,22740000,883060000,2500000000,47,36,87,170
497720000,269980000,102170000,36570000,1580390000,2486830000,45,35,86,166
1310580000,600840000,129060000,0,459520000,2500000000,43,35,84,162
892930000,204960000,26980000,12950000,1362180000,2500000000,40,33,83,156
1827770000,156840000,10080000,2000000,503310000,2500000000,38,26,66,130
1792380000,344000000,19090000,3910000,340620000,2500000000,42,28,68,138
1282000000,702750000,83350000,1020000,430880000,2500000000,42,27,75,144
1485930000,572130000,62300000,0,379640000,2500000000,44,34,79,157
1403140000,115130000,24880000,1350000,955500000,2500000000,40,26,79,145
1273730000,404060000,31780000,0,790430000,2500000000,40,37,82,159
984550000,39410000,1030000,0,1475010000,2500000000,34,27,68,129
1484930000,29750000,10240000,0,975080000,2500000000,37,21,67,125
552550000,90260000,1820000,0,1855370000,2500000000,31,25,67,123
950920000,115990000,7810000,0,1425280000,2500000000,37,27,70,134
629070000,489730000,19630000,0,1361570000,2500000000,41,37,84,162
624900000,147020000,6550000,420000,1721110000,2500000000,42,30,72,144
53310000,14980000,0,0,2377420000,2445710000,19,16,50,85
448360000,49270000,0,0,2002370000,2500000000,33,23,64,120
734460000,173720000,11020000,0,1580800000,2500000000,29,23,61,113
1089910000,229300000,10880000,0,1169910000,2500000000,37,25,69,131
242530000,53230000,0,0,2204240000,2500000000,22,19,53,94
340980000,414640000,54310000,45180000,1643620000,2498730000,22,20,64,106
541710000,336020000,29580000,22640000,1403850000,2333800000,19,14,49,82
265500000,255450000,15930000,11450000,1687430000,2235760000,19,13,51,83
1045640000,415830000,37670000,100630000,900230000,2500000000,28,18,62,108
784890000,791750000,51330000,20620000,851410000,2500000000,15,14,48,77
827240000,1193430000,71370000,19080000,388880000,2500000000,31,19,74,124
1353660000,783320000,99070000,20700000,243250000,2500000000,30,18,63,111
193080000,1060360000,52140000,14350000,1180070000,2500000000,22,18,65,105
451610000,1765220000,111150000,18000000,154020000,2500000000,21,21,70,112
69130000,700600000,393590000,12720000,1283050000,2459090000,19,18,72,109
705190000,1410250000,129390000,9080000,246090000,2500000000,26,17,68,111
725910000,1592440000,58020000,17420000,106210000,2500000000,20,18,65,103
481230000,1564240000,129520000,35880000,289130000,2500000000,28,20,78,126
1238460000,892460000,39070000,125720000,204290000,2500000000,27,17,65,109
18440000,345760000,21200000,320000,1915060000,2300780000,17,30,84,131
36860000,1199530000,94920000,0,1168690000,2500000000,19,28,89,136
348410000,1740180000,315900000,37500000,58010000,2500000000,37,19,79,135
8390000,1114030000,258070000,1880000,1117630000,2500000000,15,26,78,119
74290000,764520000,77670000,14070000,1484040000,2414590000,17,16,53,86
352620000,745790000,51070000,9750000,1340770000,2500000000,20,12,54,86
1163150000,997550000,58890000,48820000,231590000,2500000000,29,16,70,115
584210000,1469330000,210950000,17120000,218390000,2500000000,26,16,65,107
616170000,694140000,70500000,633840000,485350000,2500000000,30,19,73,122
1004160000,977020000,80360000,91600000,346860000,2500000000,28,19,71,118
907690000,1164570000,73230000,147880000,206630000,2500000000,28,21,71,120
1231250000,798090000,55670000,159460000,255530000,2500000000,27,18,71,116
337490000,1799530000,96990000,85730000,180260000,2500000000,28,18,73,119
1137290000,689480000,43030000,297440000,332760000,2500000000,27,19,70,116
41310000,724320000,110560000,1530000,1404020000,2281740000,19,16,69,104
648860000,1510710000,75150000,69990000,195290000,2500000000,32,17,72,121
35690000,2026440000,276270000,7530000,154070000,2500000000,27,30,88,145
267740000,1101210000,200230000,9870000,920950000,2500000000,39,32,99,170
159640000,282030000,49660000,7450000,1665710000,2164490000,28,25,80,133
1344560000,71200000,51680000,535560000,497000000,2500000000,41,16,65,122
1329850000,515690000,79200000,112730000,462530000,2500000000,46,25,86,157
1524580000,183190000,88550000,406870000,296810000,2500000000,45,21,75,141
1332070000,547030000,121230000,98150000,401520000,2500000000,47,25,79,151
1447230000,15280000,135340000,598970000,303180000,2500000000,45,19,71,135
720170000,10860000,61610000,946830000,760530000,2500000000,42,18,69,129
1413060000,16730000,141730000,465140000,463340000,2500000000,46,22,71,139
991320000,7930000,91670000,795100000,613980000,2500000000,41,16,65,122
45920000,220230000,35270000,5250000,1867180000,2173850000,13,15,54,82
750580000,1299360000,87460000,101500000,261100000,2500000000,30,22,73,125
762160000,1177710000,297320000,44430000,218380000,2500000000,24,16,67,107
473080000,1431420000,86440000,111540000,397520000,2500000000,31,20,72,123
1219970000,496620000,24570000,402750000,356090000,2500000000,29,17,70,116
52680000,710660000,44890000,9320000,1465770000,2283320000,15,18,65,98
505630000,1741450000,34510000,56080000,162330000,2500000000,23,23,73,119
13540000,180320000,25780000,0,1330820000,1550460000,10,15,52,77
57550000,890800000,87610000,0,1271430000,2307390000,9,12,57,78
418830000,125340000,36500000,178100000,1741230000,2500000000,32,17,70,119
1532740000,485950000,89130000,162760000,229420000,2500000000,50,33,89,172
1369870000,543220000,57640000,146540000,382730000,2500000000,42,31,99,172
1635300000,494930000,71910000,214790000,83070000,2500000000,49,32,90,171
1801770000,80300000,86930000,89350000,441650000,2500000000,46,16,77,139
1465620000,333710000,166610000,345690000,188370000,2500000000,45,23,80,148
1675880000,317490000,49340000,132090000,325200000,2500000000,49,20,76,145
1373870000,623800000,110880000,313620000,77830000,2500000000,44,24,77,145
1585150000,477370000,107310000,166300000,163870000,2500000000,48,29,85,162
1411150000,18600000,71150000,329450000,669650000,2500000000,44,21,68,133
1251960000,53590000,43800000,788480000,362170000,2500000000,37,17,61,115
1759600000,10470000,45840000,317860000,366230000,2500000000,46,19,70,135
1535670000,154350000,78890000,536020000,195070000,2500000000,41,20,74,135
980560000,1079210000,53530000,122880000,263820000,2500000000,30,19,71,120
1121870000,911160000,41370000,152830000,272770000,2500000000,32,17,72,121
236810000,2124850000,52930000,38050000,47360000,2500000000,19,16,56,91
771090000,1371290000,50660000,109410000,197550000,2500000000,24,18,76,118
8550000,1999790000,49610000,40410000,401640000,2500000000,9,24,68,101
379330000,1964080000,37640000,40600000,78350000,2500000000,21,19,59,99
65220000,1748290000,28860000,41830000,615800000,2500000000,14,21,69,104
546460000,560720000,38990000,163820000,1190010000,2500000000,24,22,63,109
113990000,485980000,130800000,228190000,1541040000,2500000000,20,26,67,113
380550000,545860000,31230000,661690000,880670000,2500000000,24,26,73,123
1661730000,334760000,15690000,174290000,313530000,2500000000,32,19,58,109
1368060000,903600000,53030000,101050000,74260000,2500000000,43,27,81,151
1461750000,628480000,45470000,101590000,262710000,2500000000,39,19,78,136
699520000,1130120000,305550000,167510000,197300000,2500000000,32,24,81,137
1002000000,939930000,21770000,167630000,368670000,2500000000,29,18,66,113
1406180000,660310000,119620000,271220000,42670000,2500000000,46,22,81,149
1269430000,894900000,81810000,221820000,32040000,2500000000,45,24,86,155
784740000,1514270000,112630000,54830000,33530000,2500000000,37,28,89,154
854970000,1263790000,79340000,174720000,127180000,2500000000,39,31,94,164
1879650000,44750000,69890000,276700000,229010000,2500000000,42,17,66,125
1481500000,364600000,235820000,383290000,34790000,2500000000,44,22,73,139
1536440000,544800000,145670000,220140000,52950000,2500000000,44,20,73,137
996100000,1290410000,142480000,62460000,8550000,2500000000,43,21,80,144
378680000,1706240000,30000000,40190000,344890000,2500000000,24,22,70,116
62630000,780800000,102810000,42720000,1495680000,2484640000,17,18,52,87
132650000,1940250000,59080000,287680000,80340000,2500000000,16,19,60,95
195530000,1873440000,115170000,18810000,297050000,2500000000,13,19,53,85
406370000,248240000,29870000,30680000,1784840000,2500000000,23,21,61,105
558110000,457040000,114500000,301710000,1068640000,2500000000,23,23,74,120
1199030000,954200000,28800000,193230000,124740000,2500000000,25,20,70,115
1677690000,270440000,7880000,379890000,164100000,2500000000,23,15,59,97
978130000,1363680000,51840000,33150000,73200000,2500000000,31,22,78,131
704170000,1361440000,74070000,110240000,250080000,2500000000,24,22,71,117
796040000,983290000,76750000,220410000,423510000,2500000000,30,23,80,133
857100000,1228190000,71400000,145310000,198000000,2500000000,28,22,80,130
1102070000,888360000,51180000,150590000,307800000,2500000000,28,22,79,129
1001090000,1081520000,116560000,163230000,137600000,2500000000,34,30,78,142
656820000,1352140000,144250000,152160000,194630000,2500000000,32,24,80,136
648140000,964160000,139750000,313980000,433970000,2500000000,36,32,90,158
834930000,1123650000,80810000,110460000,350150000,2500000000,30,23,83,136
634850000,1333050000,163870000,114080000,254150000,2500000000,38,35,100,173
737350000,1478290000,139870000,77180000,67310000,2500000000,36,25,83,144
355140000,1678380000,172830000,162930000,130720000,2500000000,32,29,94,155
627450000,1349000000,121990000,215160000,186400000,2500000000,30,25,79,134
628980000,1251470000,223850000,274390000,121310000,2500000000,43,36,94,173
276940000,579830000,50820000,114860000,1477550000,2500000000,29,28,86,143
1013320000,310780000,34580000,267030000,874290000,2500000000,36,24,75,135
967500000,1308240000,25430000,116150000,82680000,2500000000,19,17,59,95
1521030000,537750000,27820000,319280000,94120000,2500000000,28,14,52,94
643310000,1448220000,52280000,110750000,245440000,2500000000,27,22,82,131
1077270000,1059650000,78300000,73830000,210950000,2500000000,32,26,79,137
440600000,1598380000,113580000,68450000,278990000,2500000000,32,27,84,143
780220000,1278020000,151170000,139890000,150700000,2500000000,33,23,74,130
402720000,1702470000,173320000,94070000,127420000,2500000000,37,29,92,158
727620000,924260000,161810000,337010000,349300000,2500000000,33,26,88,147
291110000,426020000,78160000,181760000,1522950000,2500000000,40,33,81,154
234220000,1016020000,66980000,251550000,931230000,2500000000,42,40,95,177
77750000,1121030000,276850000,69060000,955310000,2500000000,40,41,87,168
2570000,343850000,46670000,15600000,1694590000,2103280000,27,32,74,133
481590000,1598240000,97330000,309780000,13060000,2500000000,36,24,75,135
644060000,840360000,158080000,715590000,141910000,2500000000,46,28,82,156
563470000,1282630000,155610000,450880000,47410000,2500000000,39,25,79,143
783720000,910570000,196660000,529440000,79610000,2500000000,42,25,78,145
1124670000,677650000,90300000,579560000,27820000,2500000000,45,33,88,166
651060000,1225110000,132490000,448250000,43090000,2500000000,43,28,87,158
824080000,1070640000,76490000,506610000,22180000,2500000000,45,23,84,152
1414200000,109140000,78290000,708420000,189950000,2500000000,45,20,72,137
1249270000,505120000,160970000,437120000,147520000,2500000000,47,31,87,165
1130730000,681330000,97800000,535140000,55000000,2500000000,45,28,89,162
739140000,909360000,103810000,451000000,296690000,2500000000,47,31,94,172
921180000,1188830000,137800000,206930000,45260000,2500000000,44,26,87,157
449400000,1293200000,345270000,380320000,31810000,2500000000,45,28,85,158
309600000,1728750000,188070000,230870000,42710000,2500000000,43,28,86,157
745250000,855620000,269260000,520750000,109120000,2500000000,44,25,82,151
1084270000,932670000,95150000,317540000,70370000,2500000000,43,27,84,154
1032440000,852640000,157070000,347950000,109900000,2500000000,42,30,87,159
849860000,1131160000,114940000,355210000,48830000,2500000000,43,32,90,165
1182250000,680050000,105180000,389880000,142640000,2500000000,42,27,88,157
582900000,587070000,840320000,359670000,130040000,2500000000,43,32,92,167
369660000,1428180000,124160000,501650000,76350000,2500000000,39,32,86,157
643140000,1134480000,66900000,367080000,288400000,2500000000,40,29,90,159
309990000,1563920000,86290000,429220000,110580000,2500000000,40,36,89,165
807070000,1081140000,84810000,350790000,176190000,2500000000,43,31,91,165
90440000,105480000,25620000,63860000,2023800000,2309200000,39,26,76,141
435700000,836690000,51520000,104720000,1071370000,2500000000,43,38,89,170
18410000,399790000,28680000,23750000,1371050000,1841680000,29,29,73,131
975490000,722320000,125220000,600110000,76860000,2500000000,43,22,77,142
582280000,1428500000,286750000,162980000,39490000,2500000000,47,26,81,154
1211520000,864940000,84330000,310830000,28380000,2500000000,43,24,71,138
839790000,1068090000,171150000,377720000,43250000,2500000000,46,24,78,148
766350000,1287300000,85420000,299080000,61850000,2500000000,49,29,97,175
1156960000,594180000,42400000,563440000,143020000,2500000000,48,37,99,184
707480000,1432960000,95860000,221670000,42030000,2500000000,42,25,92,159
948640000,915730000,135360000,364810000,135460000,2500000000,46,34,100,180
416980000,1791730000,188510000,49900000,52880000,2500000000,46,31,90,167
1144790000,968020000,171190000,177370000,38630000,2500000000,46,28,88,162
525890000,1606570000,267310000,44140000,56090000,2500000000,42,30,90,162
687550000,1273670000,367290000,128200000,43290000,2500000000,44,26,89,159
816030000,933170000,323680000,363760000,63360000,2500000000,45,29,87,161
1021450000,637360000,221760000,493080000,126350000,2500000000,47,27,89,163
802790000,983060000,176370000,344620000,193160000,2500000000,45,31,94,170
1075150000,676130000,174190000,494340000,80190000,2500000000,44,27,88,159
1297360000,570550000,153270000,363170000,115650000,2500000000,43,30,87,160
946720000,729000000,193690000,376980000,253610000,2500000000,44,35,92,171
1490040000,594250000,122780000,196990000,95940000,2500000000,43,33,89,165
1241000000,584560000,176810000,242080000,255550000,2500000000,44,32,90,166
968050000,954140000,120860000,328510000,128440000,2500000000,42,35,96,173
913740000,964270000,377780000,177770000,66440000,2500000000,43,35,91,169
708290000,1325780000,88350000,249310000,128270000,2500000000,40,36,88,164
791520000,1245420000,96870000,305920000,60270000,2500000000,41,41,95,177
393540000,737660000,78010000,423750000,867040000,2500000000,42,39,92,173
482550000,1426630000,79780000,421880000,89160000,2500000000,39,33,93,165
487020000,375540000,57720000,235300000,1344420000,2500000000,39,34,90,163
949280000,701200000,209560000,387120000,252840000,2500000000,43,33,93,169
27890000,40310000,26170000,19850000,1266300000,1380520000,34,28,79,141
306260000,485620000,85390000,130250000,1280500000,2288020000,42,32,83,157
1184390000,1114920000,101050000,67890000,31750000,2500000000,45,25,83,153
1165950000,879770000,141640000,287920000,24720000,2500000000,45,25,74,144
514690000,1751810000,195970000,2430000,35100000,2500000000,42,24,84,150
1360620000,586090000,347890000,184940000,20460000,2500000000,46,23,79,148
740190000,1454290000,97630000,183910000,23980000,2500000000,45,27,86,158
846850000,1394420000,97600000,130300000,30830000,2500000000,43,27,86,156
777900000,1414100000,107130000,165990000,34880000,2500000000,44,29,90,163
648100000,1671860000,120660000,15290000,44090000,2500000000,43,31,95,169
552410000,1648970000,149690000,121360000,27570000,2500000000,42,32,97,171
598910000,1593680000,146690000,93540000,67180000,2500000000,43,29,95,167
727690000,1274720000,203100000,228230000,66260000,2500000000,44,30,92,166
661330000,1424610000,175730000,203480000,34850000,2500000000,44,30,93,167
1141720000,998910000,185320000,85370000,88680000,2500000000,41,26,88,155
1045930000,724970000,201160000,353420000,174520000,2500000000,46,27,87,160
596970000,1502470000,208720000,113530000,78310000,2500000000,41,32,89,162
926920000,881280000,213580000,379250000,98970000,2500000000,45,29,90,164
1422860000,739120000,111730000,156040000,70250000,2500000000,39,28,88,155
1230820000,898100000,134860000,133770000,102450000,2500000000,41,26,86,153
918880000,1105290000,111240000,295280000,69310000,2500000000,38,29,84,151
885510000,1153930000,125000000,215430000,120130000,2500000000,42,33,86,161
965230000,1187530000,58760000,202330000,86150000,2500000000,40,28,89,157
1257440000,778310000,107340000,275900000,81010000,2500000000,39,35,90,164
1588450000,559260000,42820000,232750000,76720000,2500000000,41,30,87,158
1199320000,1051280000,52600000,113710000,83090000,2500000000,41,29,88,158
773560000,1206140000,81570000,310600000,128130000,2500000000,42,31,87,160
741960000,1309430000,93160000,235090000,120360000,2500000000,37,32,89,158
1087640000,1054870000,75120000,206860000,75510000,2500000000,41,27,83,151
1244340000,807730000,69250000,146590000,232090000,2500000000,41,29,90,160
1062840000,1021350000,88840000,209260000,117710000,2500000000,41,31,87,159
455470000,392940000,31590000,197280000,1338260000,2415540000,42,33,86,161
1103760000,1033810000,76800000,153510000,132120000,2500000000,40,30,79,149
446640000,1789840000,189860000,31900000,41760000,2500000000,38,33,94,165
361850000,1544410000,368850000,35060000,189830000,2500000000,40,36,95,171
941890000,1266640000,165010000,61150000,65310000,2500000000,39,29,90,158
307580000,1730770000,312790000,18630000,130230000,2500000000,37,33,95,165
1045110000,1094210000,198050000,85360000,77270000,2500000000,43,24,89,156
326190000,1870520000,210360000,14100000,78830000,2500000000,43,33,102,178
592680000,1480780000,253560000,95440000,77540000,2500000000,49,31,100,180
786430000,1295070000,182830000,198010000,37660000,2500000000,46,34,96,176
1045930000,904470000,97230000,322440000,129930000,2500000000,44,31,92,167
921180000,1106970000,159680000,282980000,29190000,2500000000,45,27,90,162
602910000,1469760000,166000000,161320000,100010000,2500000000,46,32,95,173
700630000,863180000,110900000,569810000,255480000,2500000000,46,30,92,168
513130000,1454970000,321090000,140850000,69960000,2500000000,43,34,87,164
408770000,1834220000,170220000,50070000,36720000,2500000000,44,32,91,167
754660000,1310440000,151290000,194950000,88660000,2500000000,41,34,88,163
733390000,1418370000,165560000,113980000,68700000,2500000000,41,28,89,158
472420000,1600660000,149970000,218070000,58880000,2500000000,40,36,90,166
591120000,1523580000,141890000,196690000,46720000,2500000000,40,34,90,164
437790000,1726200000,113660000,193850000,28500000,2500000000,39,36,86,161
734250000,1350080000,133520000,212780000,69370000,2500000000,40,34,91,165
818650000,1191460000,105200000,325710000,58980000,2500000000,41,36,86,163
686500000,1294130000,315960000,104060000,99350000,2500000000,39,30,89,158
489850000,1503870000,126820000,271950000,107510000,2500000000,38,30,87,155
423180000,1797640000,108630000,69310000,101240000,2500000000,37,30,87,154
1381970000,733660000,53510000,162050000,168810000,2500000000,39,29,82,150
1146400000,1004440000,70420000,140590000,138150000,2500000000,43,27,86,156
1308090000,659170000,53330000,168930000,310480000,2500000000,41,32,83,156
614750000,1577220000,66420000,112090000,129520000,2500000000,40,29,84,153
531840000,1676900000,248480000,9730000,33050000,2500000000,40,25,84,149
86830000,2162830000,201460000,7260000,41620000,2500000000,30,32,90,152
156190000,482620000,181380000,15270000,1653830000,2489290000,36,34,86,156
891460000,677120000,109800000,46930000,774690000,2500000000,47,36,90,173
823970000,1057310000,160410000,75110000,383200000,2500000000,40,35,86,161
754140000,249480000,217420000,29530000,1249430000,2500000000,40,36,88,164
68680000,223550000,37470000,26320000,1837520000,2193540000,42,38,86,166
1827970000,279210000,73780000,15630000,303410000,2500000000,41,33,75,149
1723890000,416410000,30930000,10600000,318170000,2500000000,42,30,77,149
512640000,1264250000,47170000,12470000,663470000,2500000000,45,37,85,167
1606720000,559140000,64580000,28930000,240630000,2500000000,41,34,77,152
1678520000,327990000,24950000,8090000,460450000,2500000000,43,34,79,156
573350000,216250000,14810000,1690000,1693900000,2500000000,40,37,76,153
2031290000,80010000,10580000,0,378120000,2500000000,39,25,68,132
1849520000,206140000,26430000,2680000,415230000,2500000000,45,31,73,149
1584710000,13050000,18700000,490000,883050000,2500000000,40,24,69,133
1941870000,21010000,3980000,0,533140000,2500000000,40,25,69,134
1341380000,15480000,10960000,690000,1131490000,2500000000,41,26,76,143
674990000,11210000,1320000,21770000,1790710000,2500000000,32,22,63,117
861590000,7660000,8210000,42390000,1580150000,2500000000,36,26,72,134
1749780000,243850000,37110000,19590000,449670000,2500000000,41,32,76,149
1553200000,602760000,92860000,112870000,138310000,2500000000,46,37,81,164
1553780000,249390000,21170000,24470000,651190000,2500000000,43,33,77,153
1215810000,384870000,79260000,67390000,752670000,2500000000,48,41,89,178
1927420000,211260000,53630000,9860000,297830000,2500000000,41,30,78,149
1631100000,243060000,52330000,15620000,557890000,2500000000,43,33,77,153
1811430000,360630000,50800000,35130000,242010000,2500000000,44,32,77,153
1738250000,237720000,58190000,16520000,449320000,2500000000,42,33,76,151
1062820000,1111470000,64070000,90200000,171440000,2500000000,44,36,86,166
1484920000,648640000,56440000,61510000,248490000,2500000000,45,33,82,160
692870000,518010000,39660000,20420000,1229040000,2500000000,44,34,85,163
1257050000,374710000,56610000,42160000,769470000,2500000000,43,35,83,161
676320000,294220000,81480000,6540000,1441440000,2500000000,44,35,83,162
396340000,230140000,19370000,3650000,1850500000,2500000000,42,35,78,155
1734910000,322920000,61900000,8520000,371750000,2500000000,47,35,85,167
1494110000,291730000,25290000,8250000,680620000,2500000000,44,35,82,161
1821420000,60310000,14150000,800000,603320000,2500000000,38,22,63,123
1869170000,195800000,17960000,4950000,412120000,2500000000,42,30,74,146
1876480000,14440000,10590000,530000,597960000,2500000000,43,29,73,145
1930770000,40240000,27550000,1810000,499630000,2500000000,41,27,72,140
1802420000,26820000,23020000,2760000,644980000,2500000000,40,22,72,134
1763600000,28360000,16710000,3360000,687970000,2500000000,44,24,74,142
1863240000,63130000,43140000,9600000,520890000,2500000000,45,32,79,156
1493640000,3090000,5220000,1500000,996550000,2500000000,32,18,58,108
1658450000,930000,3790000,310000,836520000,2500000000,32,23,54,109
1687400000,16970000,9840000,2520000,783270000,2500000000,37,17,65,119
1717430000,280000,1510000,0,780780000,2500000000,32,15,62,109
1200820000,2760000,6940000,30950000,1258530000,2500000000,35,18,64,117
1587340000,8750000,12430000,4640000,886840000,2500000000,43,18,69,130
1675540000,163180000,7600000,740000,652940000,2500000000,39,29,64,132
1704180000,23550000,10740000,2360000,759170000,2500000000,39,21,67,127
1650980000,65240000,13610000,10070000,760100000,2500000000,43,30,72,145
2009820000,158960000,26680000,12120000,292420000,2500000000,40,27,73,140
778870000,175930000,49010000,30700000,1465420000,2499930000,44,39,100,183
204290000,393420000,58350000,153520000,1688990000,2498570000,46,42,98,186
1973960000,264810000,40260000,22690000,198280000,2500000000,42,30,74,146
2055000000,122390000,18780000,17210000,286620000,2500000000,40,32,74,146
1976500000,180640000,26300000,17320000,299240000,2500000000,43,33,87,163
1669970000,193220000,41200000,9880000,585730000,2500000000,43,34,83,160
1009490000,1076010000,115390000,52470000,246640000,2500000000,43,36,86,165
1869470000,211590000,18140000,41740000,359060000,2500000000,43,31,78,152
818750000,477560000,18570000,21100000,1164020000,2500000000,43,35,90,168
1023020000,888930000,105450000,18490000,464110000,2500000000,45,36,87,168
1842220000,337160000,37770000,22790000,260060000,2500000000,42,33,79,154
1134200000,769820000,91350000,21340000,483290000,2500000000,45,35,83,163
1499220000,499680000,47860000,18760000,434480000,2500000000,46,35,81,162
1850240000,200880000,59920000,2100000,386860000,2500000000,45,33,82,160
1837730000,220080000,27780000,2810000,411600000,2500000000,44,30,78,152
1666110000,428600000,39960000,9080000,356250000,2500000000,43,32,83,158
1208750000,735010000,108830000,17060000,430350000,2500000000,46,37,87,170
1893960000,43760000,10850000,4910000,546520000,2500000000,41,22,74,137
1790190000,158690000,21080000,2070000,527970000,2500000000,44,31,78,153
1818020000,154460000,44610000,5600000,477310000,2500000000,43,32,78,153
1763640000,38700000,5600000,590000,691470000,2500000000,36,28,64,128
1800840000,36250000,9200000,1100000,652610000,2500000000,43,29,74,146
1868380000,102600000,17920000,3320000,507780000,2500000000,41,30,78,149
1908060000,223160000,25080000,2500000,341200000,2500000000,41,30,81,152
1805820000,27070000,4240000,820000,662050000,2500000000,40,17,59,116
1798940000,32660000,6100000,1760000,660540000,2500000000,40,20,68,128
1888550000,56420000,6530000,3710000,544790000,2500000000,39,21,63,123
1767690000,93450000,9740000,720000,628400000,2500000000,42,25,69,136
1447050000,39990000,7470000,16650000,988840000,2500000000,41,26,66,133
1735330000,47470000,3710000,4420000,709070000,2500000000,40,23,67,130
1611180000,36330000,5880000,4370000,842240000,2500000000,32,17,54,103
1962160000,71470000,3860000,3240000,459270000,2500000000,35,17,66,118
109630000,81420000,5180000,32250000,2256160000,2484640000,38,39,90,167
1167480000,513680000,71030000,24070000,723740000,2500000000,46,36,81,163
1114620000,590400000,68030000,14220000,712730000,2500000000,46,36,94,176
925470000,314030000,648890000,17100000,594510000,2500000000,42,34,83,159
357170000,111220000,32300000,7590000,1921200000,2429480000,39,37,89,165
1490020000,543000000,28820000,14680000,423480000,2500000000,46,36,87,169
1031920000,1069900000,128710000,43730000,225740000,2500000000,45,37,87,169
456260000,14490000,33770000,1470000,1722370000,2228360000,39,35,77,151
1123560000,101460000,89820000,13050000,1172110000,2500000000,45,37,95,177
891540000,93950000,13530000,320000,1500660000,2500000000,42,35,89,166
522640000,45560000,25780000,5840000,1860710000,2460530000,41,36,86,163
1929070000,111940000,32600000,1200000,425190000,2500000000,44,33,78,155
1292110000,185460000,92090000,5980000,924360000,2500000000,45,37,91,173
1691890000,18800000,2190000,1990000,785130000,2500000000,28,17,54,99
1872590000,110160000,15430000,2440000,499380000,2500000000,41,27,74,142
772070000,102910000,2520000,0,1622500000,2500000000,34,19,57,110
778310000,74540000,1590000,0,1645560000,2500000000,33,18,63,114
314120000,120450000,6860000,0,2058570000,2500000000,22,24,56,102
647960000,70510000,1280000,0,1780250000,2500000000,25,20,55,100
171540000,112860000,6450000,640000,2208510000,2500000000,29,28,68,125
777570000,22560000,1470000,2680000,1695720000,2500000000,29,22,64,115
499010000,13540000,310000,6210000,1980930000,2500000000,34,22,62,118
1118180000,5570000,1600000,58960000,1315690000,2500000000,31,23,57,111
1306910000,4370000,50000,6030000,1182640000,2500000000,38,27,66,131
782120000,31470000,890000,0,1685520000,2500000000,23,17,50,90
813150000,21290000,1410000,26770000,1637380000,2500000000,26,17,53,96
501700000,6350000,1340000,59310000,1931300000,2500000000,26,23,66,115
317120000,46320000,0,0,2136560000,2500000000,26,22,61,109
776980000,144070000,11950000,0,1567000000,2500000000,32,27,74,133
640110000,29650000,16700000,0,1813540000,2500000000,32,26,64,122
171440000,32040000,1880000,0,2116180000,2321540000,31,27,66,124
268210000,56210000,20800000,460000,2154320000,2500000000,29,28,63,120
561970000,54830000,2380000,0,1880820000,2500000000,28,23,66,117
1459470000,8160000,560000,6690000,1025120000,2500000000,31,22,65,118
1686400000,30700000,1390000,8380000,773130000,2500000000,36,22,57,115
1369560000,27100000,5060000,4610000,1093670000,2500000000,42,24,69,135
1559760000,24210000,3730000,7110000,905190000,2500000000,39,21,65,125
1270680000,3950000,4800000,23450000,1197120000,2500000000,32,19,56,107
1435920000,3330000,5410000,20920000,1034420000,2500000000,36,21,62,119
1828470000,6820000,910000,1120000,662680000,2500000000,38,15,55,108
1602790000,4980000,2560000,0,889670000,2500000000,37,20,66,123
148930000,1660000,0,44510000,2304900000,2500000000,17,21,50,88
355280000,460000,0,148810000,1995450000,2500000000,29,25,64,118
1120690000,0,0,18720000,1360590000,2500000000,28,14,58,100
609670000,28740000,4800000,18540000,1838250000,2500000000,32,28,69,129
483770000,30130000,2650000,0,1983450000,2500000000,24,21,57,102
675400000,60090000,960000,0,1763550000,2500000000,24,20,49,93
622100000,48290000,13870000,5640000,1810100000,2500000000,23,26,65,114
453630000,37060000,1620000,0,2007690000,2500000000,21,18,52,91
761390000,127380000,15960000,0,1595270000,2500000000,28,23,71,122
1457570000,15980000,520000,970000,1024960000,2500000000,33,21,57,111
1592700000,19470000,4590000,850000,882390000,2500000000,38,17,63,118
1434560000,19040000,8740000,2390000,1035270000,2500000000,35,17,59,111
263040000,0,570000,67920000,2168470000,2500000000,24,20,56,100
1006040000,300000,0,23960000,1469700000,2500000000,28,14,46,88
792240000,71800000,7970000,27210000,1600780000,2500000000,21,15,46,82
119170000,250490000,21460000,66120000,2042760000,2500000000,15,16,54,85
130900000,438690000,49720000,201530000,1679160000,2500000000,24,28,76,128
477400000,681630000,53930000,299100000,987940000,2500000000,24,21,61,106
105220000,618700000,55360000,95120000,1625600000,2500000000,15,28,71,114
1183190000,281070000,11270000,237090000,787380000,2500000000,29,22,69,120
56870000,557200000,10180000,5340000,1870410000,2500000000,8,15,49,72
24260000,893750000,38190000,0,1543800000,2500000000,5,18,49,72
330770000,1033690000,14810000,165320000,955410000,2500000000,17,14,59,90
221650000,1157330000,28450000,131030000,961540000,2500000000,15,11,44,70
461250000,886360000,50590000,131020000,970780000,2500000000,19,25,69,113
35260000,588260000,15310000,22680000,1838490000,2500000000,13,25,62,100
1303310000,305530000,20620000,69660000,800880000,2500000000,21,16,53,90
262930000,735460000,61660000,87710000,1352240000,2500000000,23,19,68,110
616920000,513390000,16490000,123640000,1229560000,2500000000,16,20,67,103
169070000,1400280000,103680000,387490000,439480000,2500000000,26,22,62,110
451330000,878040000,14020000,368090000,788520000,2500000000,27,14,54,95
187880000,615780000,11790000,152610000,1531940000,2500000000,24,14,58,96
0,47470000,540000,17550000,1991160000,2056720000,7,9,35,51
50260000,439800000,12370000,62630000,1934940000,2500000000,11,11,43,65
397970000,721050000,26160000,175570000,1179250000,2500000000,23,21,65,109
530020000,640780000,24200000,292780000,1012220000,2500000000,23,16,60,99
127700000,801320000,60600000,84530000,1425850000,2500000000,10,14,49,73
83730000,239270000,20150000,137010000,2019840000,2500000000,13,13,48,74
725820000,541060000,35700000,219260000,978160000,2500000000,32,26,79,137
245250000,389020000,18580000,84840000,1762310000,2500000000,24,19,61,104
147220000,1008300000,44080000,37020000,1263380000,2500000000,14,18,49,81
306530000,505730000,55530000,74540000,1557670000,2500000000,14,16,51,81
6180000,1937490000,99890000,179900000,276540000,2500000000,15,18,52,85
177070000,1199990000,62220000,88640000,972080000,2500000000,27,27,81,135
374120000,405150000,55230000,51260000,1565000000,2450760000,23,24,74,121
382710000,485980000,46260000,55430000,1529620000,2500000000,15,13,47,75
673700000,366980000,8630000,409420000,1041270000,2500000000,20,19,64,103
222490000,214280000,44190000,73620000,1945420000,2500000000,25,23,64,112
830930000,1377630000,86230000,105780000,99430000,2500000000,23,23,72,118
435160000,1712920000,85770000,78380000,187770000,2500000000,28,21,83,132
636000000,1498810000,91100000,81610000,192480000,2500000000,25,22,79,126
1202170000,512060000,9360000,277100000,499310000,2500000000,41,17,63,121
314840000,1889230000,162000000,6000000,127930000,2500000000,30,19,83,132
358670000,1647110000,92910000,82170000,319140000,2500000000,32,29,89,150
313360000,1796120000,142110000,21050000,227360000,2500000000,26,20,75,121
5910000,2268320000,127110000,55560000,43100000,2500000000,18,28,73,119
249670000,1937590000,118290000,42860000,151590000,2500000000,29,25,86,140
305390000,1789600000,122090000,151460000,131460000,2500000000,32,29,92,153
534780000,1635340000,111310000,72230000,146340000,2500000000,30,26,79,135
337350000,1218090000,87280000,506850000,350430000,2500000000,27,31,91,149
489750000,1445250000,94510000,199450000,271040000,2500000000,26,28,86,140
768790000,1053190000,308960000,146240000,222820000,2500000000,38,27,90,155
181310000,1736630000,260750000,159370000,161940000,2500000000,32,32,97,161
451520000,1128250000,594000000,119690000,206540000,2500000000,35,27,85,147
444560000,1194570000,185360000,400330000,275180000,2500000000,30,33,91,154
774510000,1548840000,69480000,49000000,58170000,2500000000,23,16,64,103
1280690000,732240000,37850000,85980000,363240000,2500000000,35,14,63,112
231790000,1889420000,203100000,31470000,144220000,2500000000,28,29,84,141
104510000,1814790000,301320000,49090000,230290000,2500000000,29,28,93,150
15560000,2048000000,111940000,218610000,105890000,2500000000,22,35,83,140
118690000,1832470000,182600000,148320000,217920000,2500000000,36,35,98,169
5650000,2276610000,112360000,74410000,30970000,2500000000,18,28,78,124
14020000,1961030000,118010000,255750000,151190000,2500000000,22,28,82,132
268700000,1623180000,107860000,360990000,139270000,2500000000,29,33,94,156
254650000,1618250000,176400000,294900000,155800000,2500000000,29,36,100,165
35840000,2187000000,99400000,154970000,22790000,2500000000,23,27,78,128
33570000,2154280000,108850000,173390000,29910000,2500000000,25,33,89,147
169700000,1829550000,153980000,218760000,128010000,2500000000,30,27,81,138
106090000,1566320000,128980000,475880000,222730000,2500000000,29,36,96,161
612460000,994960000,30560000,280590000,581430000,2500000000,31,25,84,140
744960000,832580000,36840000,284620000,601000000,2500000000,41,40,105,186
843330000,509850000,14850000,474020000,657950000,2500000000,38,22,82,142
811520000,734850000,49750000,320840000,583040000,2500000000,36,23,87,146
737680000,1480700000,116800000,22330000,142490000,2500000000,27,16,73,116
479230000,1465210000,79910000,199020000,276630000,2500000000,37,30,100,167
1794860000,312840000,32580000,319000000,40720000,2500000000,28,17,68,113
1721180000,417870000,14300000,99510000,247140000,2500000000,34,14,72,120
220590000,1676420000,187930000,356580000,58480000,2500000000,28,20,76,124
159970000,1895810000,99470000,301470000,43280000,2500000000,24,25,76,125
881870000,1021920000,105500000,404440000,86270000,2500000000,26,20,65,111
1268350000,696540000,70590000,416210000,48310000,2500000000,33,15,60,108
134790000,1684670000,146590000,429770000,104180000,2500000000,28,33,91,152
86870000,2003600000,170990000,192940000,45600000,2500000000,25,26,79,130
701340000,1279800000,107340000,364740000,46780000,2500000000,28,26,81,135
1199140000,868670000,88090000,293640000,50460000,2500000000,28,22,67,117
91580000,1392620000,148540000,690170000,177090000,2500000000,29,36,99,164
60010000,1760910000,91750000,521270000,66060000,2500000000,27,35,92,154
722230000,1203200000,154620000,199340000,220610000,2500000000,27,29,85,141
271730000,1658860000,195610000,306760000,67040000,2500000000,28,30,86,144
441530000,1274430000,88580000,16860000,678600000,2500000000,29,29,83,141
118710000,918090000,127630000,18930000,1316640000,2500000000,23,30,76,129
789160000,723550000,42380000,198920000,745990000,2500000000,30,23,89,142
378760000,1775280000,92630000,91440000,161890000,2500000000,22,20,74,116
895120000,1002800000,64000000,119320000,418760000,2500000000,47,36,106,189
355380000,1352440000,135030000,183120000,474030000,2500000000,24,23,71,118
1188270000,623260000,31810000,327010000,329650000,2500000000,40,26,85,151
879890000,839650000,86690000,344190000,349580000,2500000000,49,27,90,166
1182050000,592900000,36040000,286860000,402150000,2500000000,47,24,86,157
999170000,600020000,70850000,425280000,404680000,2500000000,44,28,97,169
441800000,1166930000,350290000,263870000,277110000,2500000000,45,29,94,168
144730000,1867100000,145500000,136270000,206400000,2500000000,22,27,87,136
1434170000,368640000,53520000,549470000,94200000,2500000000,28,15,59,102
457890000,1646510000,100900000,272900000,21800000,2500000000,21,20,63,104
1584840000,221110000,25620000,422510000,245920000,2500000000,37,17,57,111
1481110000,402860000,53440000,475980000,86610000,2500000000,43,19,63,125
1640900000,438470000,63330000,300260000,57040000,2500000000,30,17,52,99
1279140000,418460000,55240000,669150000,78010000,2500000000,39,18,67,124
231200000,1750720000,182720000,295840000,39520000,2500000000,26,25,73,124
892260000,606310000,37180000,298640000,665610000,2500000000,46,26,79,151
396610000,1313360000,60670000,22760000,706600000,2500000000,20,21,69,110
1585060000,438900000,45160000,133760000,297120000,2500000000,48,26,87,161
906630000,883910000,96050000,267650000,345760000,2500000000,36,21,81,138
1216440000,727890000,104090000,175760000,275820000,2500000000,37,24,94,155
237100000,1813140000,109240000,173860000,166660000,2500000000,24,34,89,147
364850000,1281540000,148790000,643710000,61110000,2500000000,33,26,81,140
1303630000,329190000,83100000,736290000,47790000,2500000000,33,15,67,115
751980000,1166730000,329210000,103190000,148890000,2500000000,41,32,92,165
393450000,1300640000,517020000,142450000,146440000,2500000000,44,34,100,178
897310000,524170000,620300000,283780000,174440000,2500000000,39,32,86,157
825150000,958740000,421540000,151400000,143170000,2500000000,43,38,92,173
547560000,1614550000,120650000,185590000,31650000,2500000000,37,26,77,140
1253530000,897580000,104730000,183910000,60250000,2500000000,43,34,91,168
741120000,1120290000,144000000,333670000,160920000,2500000000,35,27,83,145
811110000,988330000,268560000,316340000,115660000,2500000000,37,30,85,152
528890000,1334950000,130520000,378700000,126940000,2500000000,38,36,88,162
446370000,1613610000,144140000,218660000,77220000,2500000000,36,33,88,157
217050000,1860520000,101090000,268680000,52660000,2500000000,32,33,86,151
542350000,1336420000,349360000,220280000,51590000,2500000000,37,31,86,154
761390000,1280000000,212470000,158850000,87290000,2500000000,40,28,85,153
243690000,1909870000,72240000,95690000,178510000,2500000000,39,31,88,158
608100000,1664970000,68750000,93960000,64220000,2500000000,42,33,89,164
534220000,1636820000,77920000,88240000,162800000,2500000000,39,37,90,166
1058940000,1134270000,73920000,151690000,81180000,2500000000,40,30,81,151
790250000,1394000000,72420000,137690000,105640000,2500000000,40,32,86,158
379250000,1745790000,116710000,155920000,102330000,2500000000,40,34,89,163
460950000,1741170000,89870000,98350000,109660000,2500000000,43,32,90,165
388230000,326410000,98540000,133830000,1524320000,2471330000,44,32,81,157
746250000,1097000000,280670000,102370000,273710000,2500000000,44,32,89,165
80980000,889000000,82100000,30730000,1417190000,2500000000,40,36,85,161
1387350000,780940000,131100000,152590000,48020000,2500000000,41,21,76,138
519760000,1780750000,130730000,29800000,38960000,2500000000,37,27,88,152
1353780000,744280000,95650000,251020000,55270000,2500000000,44,22,79,145
904040000,1132080000,111340000,224230000,128310000,2500000000,39,29,85,153
1505600000,522150000,150160000,208920000,113170000,2500000000,45,22,81,148
993130000,901640000,188510000,294770000,121950000,2500000000,41,31,90,162
1410670000,653960000,147250000,194700000,93420000,2500000000,44,29,88,161
1310700000,486290000,108330000,330170000,264510000,2500000000,45,27,75,147
1645580000,342950000,99940000,267130000,144400000,2500000000,45,24,81,150
389630000,1796860000,201050000,99460000,13000000,2500000000,34,24,86,144
725120000,1158030000,395910000,141450000,79490000,2500000000,41,27,87,155
222940000,1712480000,173220000,334660000,56700000,2500000000,37,33,93,163
736190000,1398240000,172060000,101380000,92130000,2500000000,40,28,84,152
820410000,1140610000,137860000,272270000,128850000,2500000000,38,32,86,156
847850000,1134050000,99900000,338160000,80040000,2500000000,40,32,86,158
1180250000,780500000,157760000,217470000,164020000,2500000000,39,31,88,158
774410000,1122960000,231460000,296520000,74650000,2500000000,41,30,88,159
303530000,1792710000,157460000,184750000,61550000,2500000000,38,31,86,155
612020000,1489560000,186750000,131140000,80530000,2500000000,41,31,82,154
547260000,1254800000,423230000,156240000,118470000,2500000000,45,31,91,167
503400000,1664140000,79130000,187540000,65790000,2500000000,38,31,85,154
634790000,1283280000,67090000,465960000,48880000,2500000000,40,31,87,158
355390000,1851060000,87610000,99800000,106140000,2500000000,40,34,84,158
472500000,1591200000,86460000,298280000,51560000,2500000000,39,28,81,148
497340000,1594400000,138140000,179370000,90750000,2500000000,41,34,84,159
774980000,1309730000,82450000,125430000,207410000,2500000000,41,29,85,155
689060000,1424290000,97570000,157640000,131440000,2500000000,39,29,84,152
747120000,1306660000,113380000,182730000,150110000,2500000000,43,31,88,162
1302370000,700370000,73070000,251970000,172220000,2500000000,44,27,85,156
0,0,0,0,224000000,224000000,41,33,85,159
469100000,847330000,37960000,50620000,556140000,1961150000,42,33,87,162
0,0,0,0,0,0,40,31,86,157
346770000,818750000,25230000,74730000,71100000,1336580000,42,32,85,159
10470000,0,880000,0,918630000,929980000,34,23,66,123
1225890000,940640000,78100000,141790000,113580000,2500000000,45,23,81,149
1293710000,594350000,128230000,283080000,200630000,2500000000,38,24,80,142
1198500000,761530000,83860000,261980000,194130000,2500000000,45,25,78,148
826770000,1056540000,202760000,227430000,186500000,2500000000,40,29,87,156
1010750000,622940000,155910000,454650000,255750000,2500000000,46,28,84,158
1269990000,380770000,77250000,267350000,504640000,2500000000,45,21,73,139
1304550000,785940000,125720000,246110000,37680000,2500000000,45,25,76,146
1314150000,706970000,103050000,201170000,174660000,2500000000,44,20,76,140
676160000,1400430000,172240000,143450000,107720000,2500000000,36,31,87,154
649820000,1578450000,153610000,83560000,34560000,2500000000,37,27,84,148
651960000,1302080000,238510000,162540000,144910000,2500000000,37,32,87,156
527080000,1567260000,185830000,116490000,103340000,2500000000,38,31,85,154
473400000,1678770000,152430000,118640000,76760000,2500000000,38,38,90,166
880820000,1193850000,155880000,156390000,113060000,2500000000,38,32,86,156
751610000,898040000,498560000,236310000,115480000,2500000000,43,37,88,168
891620000,1070270000,154550000,243370000,140190000,2500000000,41,35,89,165
587370000,1280350000,158790000,407640000,65850000,2500000000,41,32,89,162
603050000,1376070000,134000000,310450000,76430000,2500000000,39,35,91,165
809680000,1008030000,85710000,540500000,56080000,2500000000,40,35,88,163
810380000,1039120000,180690000,351980000,117830000,2500000000,39,40,92,171
530110000,1397160000,109200000,412640000,50890000,2500000000,42,35,91,168
712660000,1311530000,111300000,317630000,46880000,2500000000,38,33,84,155
651520000,1316130000,74530000,148000000,309820000,2500000000,44,32,91,167
1238950000,484970000,38940000,631480000,105660000,2500000000,43,31,85,159
708530000,1247490000,61130000,180350000,302500000,2500000000,45,29,89,163
647510000,1193230000,74680000,475110000,109470000,2500000000,41,38,93,172
0,0,0,0,0,0,39,32,95,166
203250000,730630000,18140000,74530000,60340000,1086890000,41,31,87,159
7210000,2710000,1740000,8320000,5220000,25200000,40,27,85,152
391240000,646550000,16760000,61970000,37980000,1154500000,45,30,89,164
643020000,1114020000,158920000,145320000,438720000,2500000000,46,35,90,171
238140000,514770000,26100000,230950000,539780000,1549740000,45,41,100,186
802660000,1121160000,42360000,385350000,148470000,2500000000,41,33,82,156
735830000,1103740000,64790000,317190000,172280000,2393830000,47,37,92,176
878240000,1160570000,177120000,152680000,131390000,2500000000,44,26,86,156
199360000,1629880000,141040000,343070000,186650000,2500000000,36,31,90,157
223810000,1477550000,153660000,163820000,95370000,2114210000,35,34,99,168
388970000,1476740000,226760000,171780000,235000000,2499250000,30,29,87,146
1462070000,647630000,75790000,297120000,17390000,2500000000,43,20,74,137
1214160000,970480000,162780000,105650000,46930000,2500000000,42,22,74,138
1417520000,678970000,119950000,247700000,35860000,2500000000,41,24,74,139
1374430000,821770000,129340000,72570000,101890000,2500000000,45,26,83,154
1068180000,1006460000,125110000,225560000,74690000,2500000000,43,32,91,166
546090000,1224580000,165820000,155430000,72590000,2164510000,42,28,82,152
592190000,740650000,53460000,139390000,28120000,1553810000,43,37,97,177
8880000,4010000,350000,1730000,0,14970000,38,31,90,159
375130000,1645800000,208370000,214250000,56450000,2500000000,38,35,93,166
803370000,1402850000,103820000,164100000,25860000,2500000000,43,34,90,167
505270000,1076980000,77330000,324680000,93270000,2077530000,41,39,97,177
345530000,1724790000,128110000,275510000,26060000,2500000000,40,32,94,166
585330000,1355920000,123450000,381070000,42590000,2488360000,39,36,86,161
608010000,1247960000,115180000,444270000,84580000,2500000000,39,37,90,166
298390000,464960000,36670000,189010000,42590000,1031620000,44,37,96,177
541530000,544000000,35540000,197740000,57650000,1376460000,45,40,94,179
560030000,1242090000,176850000,435170000,85860000,2500000000,45,34,91,170
709920000,1296550000,85090000,352960000,55480000,2500000000,43,32,88,163
1157810000,574240000,46910000,408670000,137140000,2324770000,45,37,93,175
593800000,322580000,43240000,145370000,52810000,1157800000,46,39,95,180
873410000,1238350000,65120000,186390000,136730000,2500000000,46,31,85,162
658350000,905420000,57000000,580580000,298650000,2500000000,45,39,95,179
1023170000,374530000,28650000,121250000,104710000,1652310000,48,37,95,180
568870000,753070000,39480000,203210000,51250000,1615880000,43,39,91,173
251160000,1492180000,68190000,51300000,50190000,1913020000,39,27,82,148
363840000,1621920000,31610000,159160000,90880000,2267410000,45,28,91,164
823620000,1145720000,214990000,89460000,226210000,2500000000,45,36,90,171
440330000,1436800000,78320000,290530000,254020000,2500000000,45,38,87,170
689920000,1299650000,56050000,185250000,269130000,2500000000,43,31,87,161
516830000,1649090000,80180000,73220000,180680000,2500000000,38,24,71,133
563580000,1668420000,78730000,47710000,141560000,2500000000,37,27,72,136
0,3340000,0,3190000,0,6530000,31,28,87,146
137890000,1045790000,94090000,241200000,122700000,1641670000,33,31,89,153
413650000,468410000,67470000,187300000,31720000,1168550000,36,26,85,147
910690000,148210000,22250000,178460000,44330000,1303940000,41,21,74,136
693720000,45260000,7150000,85440000,10420000,841990000,43,19,70,132
372200000,159130000,45050000,181120000,32920000,790420000,40,20,70,130
430520000,46040000,106600000,1210000,1915630000,2500000000,38,33,84,155
951810000,220530000,42320000,11790000,1273550000,2500000000,44,34,92,170
1326570000,436960000,97360000,22550000,616560000,2500000000,46,36,93,175
1912370000,27410000,2470000,980000,556770000,2500000000,39,19,65,123
1858960000,167190000,16030000,1390000,456430000,2500000000,43,35,86,164
545960000,40200000,9740000,650000,1688770000,2285320000,42,33,75,150
1036900000,117210000,66800000,2940000,1276150000,2500000000,44,36,93,173
745040000,909340000,64140000,239110000,542370000,2500000000,48,38,91,177
738820000,1189310000,57170000,144950000,369750000,2500000000,48,34,90,172
833890000,979740000,43510000,115410000,527450000,2500000000,46,28,85,159
702810000,1424340000,83870000,134100000,154880000,2500000000,44,25,77,146
592630000,359420000,11620000,127360000,1408970000,2500000000,48,34,88,170
1006910000,653540000,39080000,147950000,652520000,2500000000,45,32,82,159
155900000,30440000,3230000,35840000,2274590000,2500000000,42,34,83,159
875470000,378680000,81800000,1420000,1162630000,2500000000,45,36,96,177
905530000,309990000,68690000,0,1215790000,2500000000,46,36,99,181
880820000,400040000,25480000,1630000,1192030000,2500000000,46,37,102,185
1288530000,777730000,75540000,0,358200000,2500000000,48,42,91,181
1209000000,924720000,183170000,900000,182210000,2500000000,49,36,95,180
1150070000,143100000,12210000,1140000,1193480000,2500000000,49,41,107,197
666400000,204610000,94800000,1720000,1532470000,2500000000,48,42,106,196
1604130000,425830000,19840000,0,450200000,2500000000,46,36,87,169
1780020000,388620000,24630000,0,306730000,2500000000,47,39,92,178
1150000000,382800000,76360000,0,890840000,2500000000,46,39,103,188
1266550000,433050000,43940000,0,756460000,2500000000,46,42,105,193
1243760000,933410000,94670000,0,228160000,2500000000,46,33,88,167
1406270000,650310000,34670000,0,408750000,2500000000,42,37,88,167
516080000,66810000,31660000,0,1885450000,2500000000,46,39,99,184
438540000,119520000,46920000,460000,1762160000,2367600000,45,40,103,188
1284010000,540650000,34490000,0,640850000,2500000000,49,40,102,191
667290000,1286900000,51370000,120350000,374090000,2500000000,45,30,82,157
662970000,1439590000,84540000,52470000,260430000,2500000000,40,26,78,144
604440000,1437550000,95400000,95600000,267010000,2500000000,44,30,82,156
689090000,770490000,38070000,169140000,833210000,2500000000,48,37,92,177
370270000,152270000,188100000,78060000,1673610000,2462310000,44,38,86,168
423320000,214200000,7130000,154670000,1641010000,2440330000,35,36,90,161
657460000,279850000,10430000,94190000,1458070000,2500000000,48,42,101,191
31430000,35150000,6650000,17930000,2135360000,2226520000,41,35,85,161
64480000,8080000,0,6800000,2072240000,2151600000,40,29,66,135
370980000,114900000,14080000,155010000,1845030000,2500000000,41,42,96,179
801290000,214780000,52900000,160820000,1270210000,2500000000,48,40,89,177
1146920000,498970000,16860000,342540000,494710000,2500000000,46,41,92,179
1460660000,563630000,71620000,0,404090000,2500000000,49,37,94,180
282510000,18020000,12410000,0,1919480000,2232420000,44,35,94,173
1330350000,894060000,37550000,0,238040000,2500000000,44,35,89,168
1146090000,1117030000,52530000,460000,183890000,2500000000,44,35,86,165
1884000000,157230000,13800000,0,444970000,2500000000,45,37,86,168
1270770000,460380000,198290000,0,570560000,2500000000,49,42,93,184
1623060000,491990000,35620000,0,349330000,2500000000,46,35,88,169
1687920000,358880000,19670000,920000,432610000,2500000000,44,36,89,169
1554350000,423850000,63870000,460000,457470000,2500000000,47,41,96,184
1525520000,438230000,25760000,0,510490000,2500000000,48,36,87,171
1668680000,18300000,11870000,2140000,799010000,2500000000,43,20,71,134
1661370000,19200000,1320000,840000,817270000,2500000000,32,18,64,114
1251250000,7370000,1670000,730000,1238980000,2500000000,35,20,60,115
794870000,0,0,2100000,1703030000,2500000000,17,14,46,77
1203470000,146900000,11320000,0,1138310000,2500000000,33,21,69,123
404730000,14670000,720000,6050000,2073830000,2500000000,24,18,48,90
370090000,21930000,1240000,29340000,2077400000,2500000000,31,26,65,122
159380000,0,0,35760000,2304860000,2500000000,18,21,49,88
479480000,62940000,23570000,250000,1933760000,2500000000,30,30,71,131
127090000,13430000,2520000,0,2356960000,2500000000,11,20,39,70
387000000,65830000,5540000,0,2041630000,2500000000,17,17,48,82
1765060000,11530000,3370000,1060000,718980000,2500000000,39,20,67,126
1855410000,53050000,6130000,320000,585090000,2500000000,40,18,66,124
1909370000,199790000,31890000,3390000,355560000,2500000000,44,30,74,148
1948770000,163250000,5480000,1060000,381440000,2500000000,44,33,77,154
1581060000,6090000,9620000,6820000,896410000,2500000000,33,24,69,126
1710280000,20060000,4720000,12440000,752500000,2500000000,40,29,75,144
1919420000,30270000,5370000,3110000,541830000,2500000000,34,18,61,113
1644780000,470000,1350000,1370000,852030000,2500000000,29,13,45,87
1688960000,5100000,7300000,2850000,795790000,2500000000,39,18,68,125
1758530000,0,770000,2030000,738670000,2500000000,31,22,58,111
1691520000,1720000,11660000,260000,794840000,2500000000,34,21,60,115
745830000,0,2800000,5310000,1746060000,2500000000,18,20,49,87
1302990000,1120000,3490000,5440000,1186960000,2500000000,28,17,64,109
1476140000,820000,1690000,2640000,1018710000,2500000000,28,12,47,87
465920000,0,0,38100000,1995980000,2500000000,23,27,63,113
835890000,7250000,2120000,0,1654740000,2500000000,13,19,45,77
1137950000,1930000,0,0,1360120000,2500000000,20,21,55,96
459920000,1930000,0,0,2038150000,2500000000,17,21,43,81
496670000,55660000,22360000,400000,1696420000,2271510000,38,32,78,148
470950000,58840000,2000000,320000,1562790000,2094900000,43,35,76,154
491290000,24270000,40520000,3270000,1940650000,2500000000,41,32,86,159
1672710000,63460000,12260000,16550000,735020000,2500000000,40,26,75,141
1604750000,2380000,3320000,6640000,882910000,2500000000,34,10,50,94
1302700000,8600000,6080000,4090000,1178530000,2500000000,30,19,60,109
1584420000,5850000,1910000,0,907820000,2500000000,45,29,77,151
1765180000,1310000,11490000,2950000,719070000,2500000000,44,29,76,149
621650000,0,0,0,1878350000,2500000000,22,22,53,97
495850000,160930000,25670000,1280000,1619350000,2303080000,44,40,99,183
1622430000,59050000,12710000,19920000,785890000,2500000000,43,27,80,150
1763610000,13040000,13090000,770000,709490000,2500000000,42,26,79,147
1713870000,14540000,7210000,12670000,751710000,2500000000,44,28,78,150
1377820000,353250000,35020000,226190000,507720000,2500000000,43,22,80,145
214810000,573480000,52500000,69630000,1589580000,2500000000,31,31,79,141
1866070000,281230000,25310000,121220000,206170000,2500000000,41,21,76,138
797410000,1158150000,75450000,224170000,244820000,2500000000,34,22,79,135
1394870000,555150000,49570000,275030000,225380000,2500000000,40,22,83,145
944680000,669720000,101140000,680240000,104220000,2500000000,34,26,76,136
1383720000,440390000,38510000,101570000,535810000,2500000000,39,20,77,136
100590000,650500000,34620000,30380000,1582890000,2398980000,26,34,82,142
940180000,804260000,42030000,116540000,596990000,2500000000,35,25,83,143
198580000,696010000,26490000,40900000,1516570000,2478550000,21,33,76,130
1612470000,400360000,40430000,131620000,315120000,2500000000,44,23,83,150
678790000,1089260000,91550000,297200000,343200000,2500000000,35,29,94,158
1155960000,728540000,84630000,292750000,238120000,2500000000,43,29,100,172
1422230000,652280000,118130000,120810000,186550000,2500000000,42,23,88,153
1441570000,395720000,117480000,406220000,139010000,2500000000,43,17,67,127
636740000,1113610000,197280000,479580000,72790000,2500000000,40,25,81,146
1375380000,469430000,77380000,358980000,218830000,2500000000,43,20,70,133
899420000,775240000,78770000,597250000,149320000,2500000000,46,25,80,151
1414400000,107660000,42100000,619570000,229350000,2413080000,35,12,57,104
1444860000,122330000,58900000,527260000,241680000,2395030000,33,10,57,100
1561920000,237240000,33040000,359280000,308520000,2500000000,38,11,54,103
1055950000,880360000,21210000,106080000,436400000,2500000000,40,23,80,143
394200000,1033970000,47890000,94340000,929600000,2500000000,33,41,100,174
111000000,2009410000,63640000,139890000,176060000,2500000000,19,16,65,100
538350000,1328860000,61710000,245310000,325770000,2500000000,36,30,92,158
334210000,1629120000,95200000,257710000,183760000,2500000000,29,27,85,141
159540000,1800420000,65130000,268900000,206010000,2500000000,31,22,79,132
929140000,1102540000,107410000,147510000,213400000,2500000000,32,21,78,131
1100730000,909450000,104700000,153990000,231130000,2500000000,37,30,91,158
869390000,1218840000,133940000,127760000,150070000,2500000000,33,25,82,140
659460000,1426690000,105340000,200460000,108050000,2500000000,39,32,92,163
229460000,1846010000,170640000,104310000,149580000,2500000000,31,27,90,148
460740000,1604110000,124170000,140250000,170730000,2500000000,32,29,90,151
313830000,1827980000,119950000,86790000,151450000,2500000000,31,35,99,165
508950000,1664570000,133730000,106900000,85850000,2500000000,25,22,75,122
243800000,1511030000,517980000,101790000,125400000,2500000000,24,24,80,128
1072620000,880830000,117790000,331750000,97010000,2500000000,38,21,69,128
1557890000,354920000,112020000,401960000,73210000,2500000000,33,13,59,105
1834750000,181550000,47670000,336150000,99880000,2500000000,37,12,58,107
1639740000,267750000,66740000,317640000,208130000,2500000000,36,15,57,108
1679170000,279360000,99820000,298220000,143430000,2500000000,36,20,58,114
493480000,1374900000,219790000,356460000,55370000,2500000000,23,24,77,124
1221370000,871020000,49250000,134090000,224270000,2500000000,37,32,102,171
653550000,130190000,22760000,22980000,1452920000,2282400000,38,28,102,168
749980000,1323080000,122910000,156660000,147370000,2500000000,32,26,86,144
460640000,1384670000,127620000,249000000,278070000,2500000000,39,39,111,189
466270000,632970000,117910000,49130000,1233720000,2500000000,35,33,99,167
295230000,209590000,34390000,38370000,1673040000,2250620000,34,34,104,172
446440000,1609410000,146990000,109040000,188120000,2500000000,34,37,103,174
394760000,1777070000,128390000,110860000,88920000,2500000000,21,23,68,112
213140000,1939640000,156470000,71360000,119390000,2500000000,27,29,84,140
39730000,2014370000,103040000,299140000,43720000,2500000000,14,32,67,113
177350000,1416020000,81780000,222800000,35020000,1932970000,31,32,88,151
560420000,1453190000,162730000,270690000,52970000,2500000000,20,22,60,102
340870000,1293820000,137880000,264880000,63560000,2101010000,27,27,79,133
108510000,958340000,88240000,287240000,51260000,1493590000,32,29,85,146
417450000,1310970000,230650000,390300000,111810000,2461180000,29,28,89,146
159560000,362480000,66900000,61800000,43470000,694210000,29,26,80,135
31320000,1023590000,64040000,86690000,1283230000,2488870000,30,34,95,159
568380000,1339700000,98010000,273270000,220640000,2500000000,27,30,98,155
58730000,299180000,25670000,61220000,2055200000,2500000000,24,36,87,147
206100000,401590000,45290000,50500000,165340000,868820000,34,36,100,170
104880000,375250000,17700000,63240000,968030000,1529100000,28,39,95,162
739740000,1190160000,127640000,173580000,268880000,2500000000,44,33,90,167
1078540000,949170000,60550000,160100000,251640000,2500000000,47,28,85,160
832530000,980940000,232550000,253990000,199990000,2500000000,47,32,91,170
1123630000,687430000,35200000,208040000,170580000,2224880000,47,38,90,175
719440000,1502280000,90490000,82350000,105440000,2500000000,41,27,80,148
725650000,1433330000,73450000,83000000,184570000,2500000000,41,25,74,140
744620000,1340850000,58660000,174900000,180970000,2500000000,45,26,80,151
584740000,1473800000,61590000,190660000,189210000,2500000000,41,27,80,148
271700000,120000,340000,71290000,53190000,396640000,39,15,66,120
235390000,38590000,17790000,23810000,22740000,338320000,38,17,64,119
0,0,0,0,0,0,36,34,92,162
15930000,55070000,3360000,21080000,560000,96000000,34,32,85,151
715160000,90110000,7630000,37750000,137980000,988630000,47,38,89,174
720190000,310710000,40380000,89480000,158380000,1319140000,47,34,90,171
0,0,0,0,0,0,46,39,89,174
789570000,1111460000,40810000,289020000,269140000,2500000000,45,35,91,171
1162320000,709390000,60500000,240260000,327530000,2500000000,47,37,98,182
702580000,527090000,69230000,249240000,360670000,1908810000,49,39,94,182
270090000,634400000,21790000,128950000,176910000,1232140000,47,40,98,185
139510000,1331990000,160110000,423330000,44240000,2099180000,29,31,81,141
229830000,226530000,11410000,98320000,96760000,662850000,48,40,98,186
11950000,222140000,19080000,49660000,36790000,339620000,25,26,78,129
935590000,1014360000,49770000,194670000,305610000,2500000000,41,27,85,153
338580000,1984890000,73650000,28840000,74040000,2500000000,41,25,77,143
1133590000,563940000,36060000,224420000,541990000,2500000000,45,34,82,161
776000000,1330400000,41020000,136180000,216400000,2500000000,44,33,83,160
742130000,245580000,341820000,140920000,1029550000,2500000000,48,33,91,172
963090000,790170000,19180000,126520000,601040000,2500000000,47,33,83,163
1092250000,614420000,40010000,243020000,510300000,2500000000,46,30,83,159
1183430000,431710000,42780000,103920000,738160000,2500000000,47,40,95,182
1144310000,602020000,16850000,105700000,631120000,2500000000,46,37,93,176
893500000,478570000,229300000,416150000,482480000,2500000000,47,34,92,173
1322890000,579590000,30230000,223680000,343610000,2500000000,44,31,79,154
908280000,335860000,447570000,1310000,806980000,2500000000,50,38,106,194
1461880000,497040000,77000000,0,464080000,2500000000,47,37,93,177
1461930000,697120000,122470000,720000,217760000,2500000000,46,40,92,178
1823920000,142940000,24870000,0,508270000,2500000000,49,37,87,173
1507040000,335700000,25510000,0,631750000,2500000000,48,34,90,172
1889930000,169140000,9870000,0,431060000,2500000000,46,35,85,166
2034880000,56180000,12700000,0,396240000,2500000000,49,33,86,168
1565040000,412400000,22020000,0,500540000,2500000000,45,36,85,166
1699900000,175090000,6700000,0,618310000,2500000000,46,33,83,162
981600000,636350000,35230000,280140000,566680000,2500000000,46,32,78,156
681660000,841260000,12800000,285430000,678850000,2500000000,48,41,94,183
1145060000,675030000,34230000,187880000,457800000,2500000000,45,34,78,157
1022710000,450400000,11300000,444090000,571500000,2500000000,45,31,79,155
1265020000,569000000,12090000,280260000,373630000,2500000000,45,31,77,153
1156110000,612520000,25500000,306050000,399820000,2500000000,46,36,83,165
1061920000,816590000,34230000,106740000,480520000,2500000000,44,33,79,156
1125130000,776270000,33370000,124540000,440690000,2500000000,45,33,82,160
911680000,1025610000,71660000,124740000,366310000,2500000000,48,38,89,175
1076330000,1088370000,32490000,138640000,164170000,2500000000,44,31,81,156
1247620000,569800000,26740000,182480000,473360000,2500000000,47,34,88,169
1147540000,877580000,36650000,156500000,281730000,2500000000,43,27,74,144
1036770000,764380000,46680000,184930000,467240000,2500000000,48,37,89,174
1308100000,721810000,29670000,134780000,305640000,2500000000,45,33,84,162
548300000,185780000,66040000,350000,1663320000,2463790000,48,36,102,186
206080000,29220000,5760000,15870000,1882340000,2139270000,46,37,84,167
145650000,7790000,9040000,0,2006560000,2169040000,38,32,88,158
1391380000,443480000,135420000,0,529720000,2500000000,44,37,86,167
1357030000,921630000,61410000,530000,159400000,2500000000,44,37,89,170
1599160000,242250000,54390000,0,604200000,2500000000,47,36,93,176
1356460000,740120000,96920000,0,306500000,2500000000,47,40,101,188
1663310000,158360000,47540000,0,630790000,2500000000,48,35,84,167
1355740000,182160000,12860000,0,949240000,2500000000,44,35,83,162
1753930000,81260000,9850000,0,654960000,2500000000,44,32,84,160
1689760000,76080000,9920000,0,724240000,2500000000,42,26,80,148
1698720000,102280000,13440000,0,685560000,2500000000,45,32,83,160
1731170000,208040000,117330000,0,443460000,2500000000,47,34,87,168
1472860000,135760000,4120000,0,887260000,2500000000,45,30,82,157
1626890000,151920000,10050000,0,711140000,2500000000,48,33,84,165
1802560000,399900000,12490000,370000,284680000,2500000000,45,35,87,167
1822590000,125780000,7620000,0,544010000,2500000000,48,35,84,167
1743440000,345240000,10720000,0,400600000,2500000000,42,37,82,161
1796250000,181150000,4520000,0,518080000,2500000000,39,32,83,154
651380000,903760000,35570000,508090000,401200000,2500000000,42,32,84,158
833790000,683140000,16450000,411750000,548120000,2493250000,43,29,84,156
349010000,169640000,4560000,177730000,211360000,912300000,48,39,96,183
904000000,390140000,14630000,129120000,275350000,1713240000,46,26,75,147
936890000,626610000,16840000,295370000,509720000,2385430000,45,35,81,161
395750000,245880000,6590000,26540000,837480000,1512240000,46,36,85,167
852270000,684800000,37210000,82920000,306510000,1963710000,44,31,83,158
1010280000,250480000,53550000,121000000,1064690000,2500000000,47,37,91,175
333560000,71540000,7040000,26180000,1167430000,1605750000,41,34,84,159
1752710000,199070000,14650000,0,533570000,2500000000,45,33,86,164
1557400000,311350000,60140000,0,560710000,2489600000,47,41,105,193
1009820000,286330000,105580000,0,835960000,2237690000,49,38,94,181
1718860000,166800000,11660000,0,602680000,2500000000,45,35,84,164
1678070000,93630000,37420000,0,690880000,2500000000,45,33,87,165
1320860000,148090000,12950000,0,1018100000,2500000000,41,32,84,157
1556160000,46090000,3970000,0,893780000,2500000000,39,30,76,145
1369210000,196190000,72240000,0,862360000,2500000000,47,34,82,163
1701140000,105370000,44750000,0,648740000,2500000000,46,36,87,169
1636050000,177150000,10330000,0,676470000,2500000000,46,33,79,158
1689820000,41470000,12300000,0,756410000,2500000000,44,23,72,139
1827920000,205730000,6310000,870000,459170000,2500000000,42,32,77,151
1582050000,397670000,24290000,0,495990000,2500000000,46,36,83,165
2056060000,86210000,2210000,0,355520000,2500000000,44,29,80,153
1906270000,116480000,12640000,0,464610000,2500000000,44,30,79,153
1393290000,111710000,23730000,0,971270000,2500000000,47,34,87,168
951240000,159340000,11290000,0,628750000,1750620000,48,34,93,175
1625560000,186390000,40770000,0,647280000,2500000000,48,37,90,175
1207080000,259010000,51540000,0,982370000,2500000000,50,36,89,175
2124260000,43090000,0,0,331580000,2498930000,45,29,76,150
1479670000,117750000,12640000,0,889940000,2500000000,47,32,81,160
861500000,151020000,36900000,3610000,1437450000,2490480000,51,41,105,197
1682100000,473130000,39890000,0,304880000,2500000000,49,39,93,181
280210000,9930000,41830000,2050000,2147600000,2481620000,48,37,94,179
1423930000,28460000,970000,70000,1046570000,2500000000,43,24,69,136
1637180000,209060000,54400000,12230000,587130000,2500000000,46,35,84,165
1338160000,625210000,41750000,11310000,483570000,2500000000,48,46,100,194
1745170000,318210000,12330000,0,424290000,2500000000,42,35,86,163
1465510000,149400000,9640000,0,875450000,2500000000,48,34,89,171
1626360000,146720000,5010000,0,721910000,2500000000,44,38,84,166
1274850000,57610000,6900000,0,1160640000,2500000000,42,36,93,171
1016530000,93600000,172750000,4010000,1213110000,2500000000,50,43,112,205
1339800000,32240000,270000,0,1127690000,2500000000,38,29,73,140
1632090000,39420000,2400000,0,826090000,2500000000,46,28,82,156
1627820000,15120000,53860000,0,803200000,2500000000,49,31,87,167
1568530000,73170000,2230000,310000,855760000,2500000000,45,28,81,154
1926960000,12480000,3280000,0,557280000,2500000000,44,29,77,150
1505280000,25800000,3030000,0,965890000,2500000000,41,26,69,136
1657770000,5890000,1480000,0,834860000,2500000000,38,24,69,131
1948690000,11220000,720000,0,539370000,2500000000,41,23,66,130
1543270000,20650000,10250000,0,925830000,2500000000,39,27,71,137
1728010000,6020000,0,0,765970000,2500000000,38,22,63,123
1560510000,1850000,0,0,937640000,2500000000,34,21,65,120
1514210000,10610000,14140000,0,961040000,2500000000,40,25,73,138
1619000000,0,0,0,881000000,2500000000,31,23,59,113
1364050000,1300000,0,0,1134650000,2500000000,36,27,67,130
1677250000,770000,0,0,821980000,2500000000,20,14,49,83
1460080000,0,0,20000,1039900000,2500000000,29,21,59,109
1344920000,0,0,0,1155080000,2500000000,33,22,64,119
1867040000,290000,1380000,0,631290000,2500000000,38,23,73,134
417940000,13190000,4720000,0,2064150000,2500000000,26,30,75,131
1122940000,2490000,0,0,1374570000,2500000000,18,21,52,91
194710000,0,0,0,2305290000,2500000000,19,22,54,95
629530000,4070000,0,0,1866400000,2500000000,32,31,69,132
1170000,0,600000,0,2498230000,2500000000,10,19,39,68
181240000,8300000,1120000,0,2309340000,2500000000,17,19,51,87
1649640000,27300000,3170000,0,819890000,2500000000,44,30,78,152
1773910000,22110000,7030000,0,696950000,2500000000,47,29,74,150
1773280000,68320000,11230000,0,647170000,2500000000,47,32,82,161
1812220000,18560000,0,0,669220000,2500000000,43,28,84,155
1520250000,14560000,0,0,965190000,2500000000,39,26,78,143
1463120000,17120000,5070000,0,1014690000,2500000000,43,26,77,146
1758190000,19920000,11010000,0,710880000,2500000000,39,24,73,136
1851790000,15380000,1710000,0,631120000,2500000000,42,26,72,140
1748710000,19790000,0,0,731410000,2499910000,40,28,78,146
1560760000,9360000,0,0,929880000,2500000000,37,24,73,134
1692170000,16160000,7310000,0,784360000,2500000000,44,27,81,152
1720930000,5610000,1140000,0,772320000,2500000000,40,23,71,134
1768500000,320000,1820000,0,729360000,2500000000,37,31,68,136
1180000000,0,0,0,1320000000,2500000000,31,24,64,119
1719010000,0,0,0,775720000,2494730000,33,20,56,109
1258820000,0,0,0,1241180000,2500000000,31,27,72,130
1852610000,3380000,10250000,0,633760000,2500000000,42,31,80,153
737140000,33650000,2400000,0,1726810000,2500000000,28,31,68,127
442000000,0,0,0,2058000000,2500000000,32,26,66,124
410590000,23670000,5050000,0,2060690000,2500000000,20,30,68,118
1111720000,3080000,960000,0,1384240000,2500000000,40,30,74,144
304470000,18440000,230000,0,2176860000,2500000000,16,22,48,86
86450000,7430000,2370000,0,2403750000,2500000000,13,24,60,97
1543740000,9130000,280000,0,756450000,2309600000,37,22,67,126
1746770000,22260000,6630000,0,718560000,2494220000,45,26,82,153
1430440000,8650000,0,0,477980000,1917070000,41,24,72,137
1033180000,4970000,0,0,624090000,1662240000,39,26,71,136
1483150000,51760000,18150000,0,618210000,2171270000,50,37,91,178
720540000,1382320000,249050000,88850000,59240000,2500000000,39,25,79,143
1863370000,31950000,7380000,0,597300000,2500000000,51,36,87,174
1911620000,92500000,6460000,0,394790000,2405370000,48,39,89,176
1585430000,21980000,10070000,0,435780000,2053260000,50,33,83,166
3700000,706980000,98280000,32150000,1503430000,2344540000,21,33,77,131
887140000,565650000,62850000,340930000,643430000,2500000000,33,34,93,160
0,6450000,280000,0,2238680000,2245410000,8,31,49,88
2092410000,7255770000,638110000,505030000,3870910000,14362230000,49,33,81,163
6123690000,1635320000,489700000,1555350000,887680000,10691740000,22,20,64,106
1065880000,6099210000,386230000,746470000,818770000,9116560000,41,31,76,148
5755350000,2370000,0,20000,3508560000,9266300000,49,34,98,181
4120020000,3430980000,672380000,2275070000,442500000,10940950000,21,33,71,125
1459020000,3379480000,289560000,230290000,328000000,5686350000,36,33,95,164
1272610000,3149950000,214700000,545450000,71840000,5254550000,40,40,96,176
10412000000,460570000,117190000,12780000,3198150000,14200690000,35,43,92,170
4238460000,9999110000,462980000,418320000,4071640000,19190510000,44,31,90,165
3166610000,3125710000,220890000,1557610000,5374060000,13444880000,49,43,104,196
3552970000,5799340000,432590000,503640000,168590000,10457130000,50,22,85,157
2709350000,3672670000,28790000,1127140000,1553540000,9091490000,39,31,92,162
1132670000,678000000,127670000,1460660000,5732570000,9131570000,47,44,104,195
508430000,5441430000,1114140000,2847870000,4358370000,14270240000,35,29,83,147
3894530000,4525900000,285620000,1349170000,396100000,10451320000,38,36,87,161
5841950000,1611350000,139730000,18050000,3171120000,10782200000,48,29,91,168
730660000,2753350000,132440000,185610000,4532980000,8335040000,44,42,98,184
3746820000,3189620000,106820000,1537150000,2177200000,10757610000,50,30,97,177
5956270000,880010000,901500000,6612060000,5739470000,20089310000,48,39,91,178
3558690000,5001270000,255300000,1360350000,916340000,11091950000,38,33,90,161
6153530000,564330000,111080000,5050000,6998820000,13832810000,48,38,91,177
5604340000,3541280000,550020000,2338230000,863360000,12897230000,37,30,89,156
3097580000,1925670000,100270000,377490000,3540610000,9041620000,46,34,93,173
4357030000,1718780000,150090000,3113070000,1108590000,10447560000,34,38,95,167
3538510000,4089950000,392810000,1690890000,394470000,10106630000,42,21,65,128
3423630000,263400000,215080000,2026970000,4152870000,10081950000,46,25,76,147
4810740000,3462160000,467010000,768850000,308220000,9816980000,39,27,86,152
3282540000,4585750000,483050000,697770000,1282740000,10331850000,45,33,101,179
3210710000,3263710000,107290000,1715980000,2480540000,10778230000,36,38,97,171
638820000,2086160000,125890000,129130000,2626190000,5606190000,35,31,77,143
940020000,8127340000,793140000,431450000,154340000,10446290000,40,36,83,159
4863110000,3931530000,559220000,777810000,566550000,10698220000,50,45,111,206
2303210000,4855590000,863190000,90750000,6505420000,14618160000,46,38,102,186
879530000,6569590000,171820000,288260000,2418140000,10327340000,42,47,103,192
4757540000,2461010000,159420000,1299860000,2390250000,11068080000,52,32,108,192
1407190000,5392690000,432120000,5286560000,63430000,12581990000,34,45,102,181
423780000,3472000000,552510000,54840000,226310000,4729440000,46,31,74,151
1003210000,2491390000,39420000,400050000,1511800000,5445870000,50,28,93,171
1211250000,254720000,67780000,183060000,5990400000,7707210000,48,42,96,186
2494190000,114570000,31240000,300000,9906060000,12546360000,46,40,95,181
7450830000,1466510000,109230000,0,2059100000,11085670000,50,46,106,202
1832220000,6667550000,705340000,784280000,996560000,10985950000,48,38,108,194
3457110000,6458370000,321030000,751460000,2837420000,13825390000,42,30,97,169
6083980000,5229800000,663190000,1120740000,4765260000,17862970000,45,33,105,183
3567550000,2379180000,475540000,1311030000,6098640000,13831940000,37,38,99,174
313040000,4814840000,434250000,848880000,3670530000,10081540000,33,28,96,157
3237550000,7104360000,335240000,767540000,944960000,12389650000,49,37,93,179
2790270000,5455540000,1240830000,561540000,638690000,10686870000,47,39,94,180
2749360000,3486810000,779260000,984190000,329550000,8329170000,30,35,76,141
4437880000,2015070000,243320000,0,4061980000,10758250000,51,41,99,191
3108200000,471830000,17170000,0,6682500000,10279700000,48,30,96,174
2357700000,4276770000,819890000,467410000,231570000,8153340000,29,34,78,141
3052560000,6587350000,1648040000,1054680000,464620000,12807250000,32,38,97,167
3460210000,6103550000,405430000,2050300000,797390000,12816880000,47,33,86,166
2411090000,1826890000,127910000,544480000,696010000,5606380000,41,37,90,168
3764310000,25040000,14810000,0,1741900000,5546060000,41,41,108,190
7412540000,157070000,63410000,310000,3490630000,11123960000,53,45,112,210
2691200000,3556500000,449980000,67660000,5531350000,12296690000,27,33,90,150
3582790000,5262790000,814390000,1091250000,471920000,11223140000,35,31,91,157
3536290000,4537800000,239250000,789100000,1865750000,10968190000,29,31,85,145
2075150000,6969480000,78660000,1022140000,897970000,11043400000,44,40,88,172
1045870000,2980070000,544110000,151780000,443470000,5165300000,44,39,93,176
454060000,4796990000,302400000,246170000,2996050000,8795670000,46,36,95,177
541230000,8005130000,2164350000,2857960000,971640000,14540310000,50,35,89,174
3889010000,2642570000,569430000,1317510000,502550000,8921070000,42,50,104,196
1962950000,679860000,634360000,117430000,4139510000,7534110000,49,37,94,180
549500000,3741580000,91080000,330640000,432470000,5145270000,46,36,99,181
5734800000,2054270000,517760000,138980000,5846190000,14292000000,33,36,103,172
3151610000,2885890000,221280000,3929420000,264420000,10452620000,44,36,103,183
511320000,4271180000,525270000,452620000,5040840000,10801230000,29,28,90,147
3085130000,4469590000,611840000,1943500000,316210000,10426270000,36,41,97,174
2238280000,364880000,13680000,0,6735300000,9352140000,37,32,89,158
4554270000,3004960000,95710000,828240000,442290000,8925470000,31,31,75,137
1285110000,6831380000,565860000,1695430000,315330000,10693110000,32,40,106,178
3945950000,2012940000,146520000,950710000,2143980000,9200100000,35,41,107,183
5600460000,368250000,23910000,0,3218830000,9211450000,35,33,101,169
3867120000,3597810000,618570000,430040000,209990000,8723530000,41,31,74,146
3003170000,30220000,28910000,1180000,2056660000,5120140000,29,33,87,149
4363430000,4480800000,818920000,558210000,116010000,10337370000,41,46,108,195
1083250000,3161550000,324340000,622660000,4144280000,9336080000,50,35,102,187
484520000,2419740000,509280000,1388180000,4168760000,8970480000,49,37,92,178
4374150000,7295140000,1076290000,851030000,501280000,14097890000,49,34,97,180
3750780000,3499710000,1063450000,2085890000,2157160000,12556990000,18,18,60,96
2089110000,3244340000,273770000,864540000,2963010000,9434770000,50,43,100,193
1405170000,2813050000,150050000,801920000,5578150000,10748340000,20,23,63,106
1770150000,3807580000,667550000,1198990000,135830000,7580100000,51,36,103,190
4122470000,7334410000,1025590000,857170000,6347220000,19686860000,42,32,101,175
4362700000,2925050000,597140000,2169930000,233880000,10288700000,32,39,106,177
5624610000,5640000,23020000,13610000,3424530000,9091410000,51,37,88,176
2803360000,1554850000,225840000,456930000,465010000,5505990000,8,31,49,88
3211170000,3024520000,494130000,1106490000,1244740000,9081050000,27,33,88,148
4476000000,3787960000,191250000,852080000,943270000,10250560000,36,23,89,148
2577300000,3966310000,1121060000,2115270000,290140000,10070080000,33,37,88,158
5503310000,42720000,12220000,3510000,3032420000,8594180000,50,36,88,174
11343530000,804190000,129850000,0,4404570000,16682140000,46,28,89,163
6870730000,19520000,1140000,0,4229510000,11120900000,33,32,91,156
5865570000,5972320000,813830000,1295330000,487290000,14434340000,27,37,81,145
835980000,3430000,19800000,885050000,6120050000,7864310000,42,34,83,159
5009150000,20730000,5090000,0,7879630000,12914600000,34,45,112,191
5792800000,474100000,64580000,0,2875290000,9206770000,52,33,108,193
4307460000,3153160000,297070000,2158310000,425970000,10341970000,32,37,100,169
1554130000,2549860000,231260000,275970000,564110000,5175330000,35,28,73,136
4521690000,300000,2490000,106580000,5790340000,10421400000,37,12,60,109
2678140000,1034210000,199820000,3350000,4346930000,8262450000,48,29,89,166
2880200000,1203680000,127660000,420000,5835850000,10047810000,52,30,102,184
5073290000,2719060000,339630000,1043300000,1908160000,11083440000,38,42,92,172
3093450000,6081640000,552690000,584260000,671670000,10983710000,49,41,102,192
7123060000,3440300000,258270000,2025150000,2812600000,15659380000,45,41,93,179
2745140000,5574930000,456020000,207900000,1102890000,10086880000,19,31,72,122
4984900000,1384690000,177050000,1740000,4977520000,11525900000,48,39,100,187
2721610000,663100000,358330000,1883840000,2526930000,8153810000,47,40,92,179
480410000,7159820000,779680000,1853380000,4055670000,14328960000,28,31,87,146
2218180000,6969500000,326880000,802940000,395170000,10712670000,36,29,90,155
1234990000,5038150000,174900000,167310000,1617140000,8232490000,31,32,88,151
3218440000,2937670000,852360000,1518610000,399030000,8926110000,40,35,88,163
5781040000,249430000,191320000,4170000,4892980000,11118940000,33,26,85,144
7266050000,4530350000,203710000,885190000,3746900000,16632200000,43,32,86,161
471240000,3700950000,1712920000,4676140000,272080000,10833330000,35,31,91,157
2214650000,646190000,42220000,846670000,5744810000,9494540000,39,36,104,179
3561590000,4665590000,401780000,1013590000,3041960000,12684510000,33,40,105,178
2451370000,5270320000,494320000,543650000,156440000,8916100000,30,31,76,137
10326670000,605160000,88990000,12430000,3085190000,14118440000,44,31,88,163
3061580000,2329220000,451800000,1097850000,3145220000,10085670000,32,31,88,151
845430000,1430390000,334890000,51100000,2145040000,4806850000,40,20,86,146
2202160000,6389710000,640110000,1166000000,309660000,10707640000,18,22,56,96
4069820000,4855400000,942140000,884270000,3075460000,13827090000,35,47,114,196
7265720000,6231830000,936190000,3232240000,225160000,17891140000,48,37,101,186
5220570000,102160000,362540000,2491610000,2155020000,10331900000,45,40,99,184
442720000,5475870000,511430000,871360000,4338690000,11640070000,46,36,84,166
6807130000,1632540000,233570000,0,2410430000,11083670000,52,40,117,209
1803100000,16161020000,1512950000,1072850000,904530000,21454450000,37,31,104,172
6754110000,322170000,44660000,5210000,1965480000,9091630000,47,31,94,172
7218190000,1467520000,226190000,33240000,5173380000,14118520000,46,39,98,183
1405640000,5594280000,447800000,334550000,2879490000,10661760000,48,24,78,150
4163420000,1525370000,104300000,1477270000,5666110000,12936470000,26,17,71,114
843360000,4252360000,1019700000,3631010000,3090810000,12837240000,54,40,112,206
7127460000,608180000,148140000,0,3215160000,11098940000,54,32,108,194
3118850000,10855400000,767720000,1287240000,616150000,16645360000,35,34,89,158
6100120000,2324570000,613480000,966990000,332180000,10337340000,47,30,84,161
5919610000,56310000,15310000,0,3265200000,9256430000,33,32,89,154
6068960000,4020320000,856440000,2507470000,277530000,13730720000,40,29,96,165
4960350000,580230000,124270000,7120000,6112770000,11784740000,36,34,97,167
700560000,5734390000,2264840000,953250000,3068960000,12722000000,33,35,104,172
836630000,827860000,254960000,5610070000,6952620000,14482140000,46,41,97,184
1268100000,5087150000,1817830000,2018600000,237910000,10429590000,33,33,98,164
6913230000,7979100000,875400000,294710000,3872960000,19935400000,46,32,95,173
367740000,1307050000,415110000,2920760000,3785330000,8795990000,42,40,99,181
4264830000,3982060000,282790000,91390000,5944430000,14565500000,51,40,97,188
5572960000,2905120000,564950000,760240000,539230000,10342500000,42,46,94,182
4301770000,148240000,402720000,2801250000,2569070000,10223050000,44,28,96,168
437980000,5963670000,149990000,1740400000,1209410000,9501450000,30,43,97,170
6794030000,41120000,25420000,0,4273420000,11133990000,43,27,73,143
3316470000,2501020000,379660000,3980390000,275210000,10452750000,41,29,77,147
1899420000,145260000,17320000,27820000,6831590000,8921410000,29,34,91,154
2176780000,7431770000,677200000,3831950000,134880000,14252580000,45,31,100,176
3486720000,4987610000,401130000,2529110000,695030000,12099600000,37,41,94,172
2708320000,6317090000,268100000,446170000,619280000,10358960000,47,31,83,161
2355140000,291110000,30960000,27210000,5805220000,8509640000,39,44,93,176
4844100000,8060750000,1111220000,1309510000,741220000,16066800000,44,35,94,173
1342990000,166310000,34410000,250000,8245760000,9789720000,48,35,100,183
6694770000,3508010000,383520000,1879600000,351000000,12816900000,49,28,87,164
2476560000,7553050000,277020000,193490000,5147810000,15647930000,30,31,78,139
900130000,2449580000,27150000,288510000,1815570000,5480940000,47,33,95,175
1710470000,4393540000,747950000,1556450000,4828480000,13236890000,36,27,93,156
8423840000,247660000,47620000,4160000,2416070000,11139350000,49,37,95,181
7004140000,26290000,31070000,11840000,4037360000,11110700000,26,26,79,131
11153410000,1974380000,310050000,393930000,10076570000,23908340000,42,45,93,180
2307140000,5146170000,374120000,712140000,627170000,9166740000,32,28,83,143
6372570000,2957170000,391680000,0,1609170000,11330590000,34,24,83,141
2440370000,5572130000,668710000,1240950000,765930000,10688090000,33,35,82,150
604680000,1702520000,117300000,106120000,3155730000,5686350000,49,35,98,182
664660000,30050000,6440000,0,7862200000,8563350000,40,30,77,147
2976770000,3831520000,1198710000,2278050000,177080000,10462130000,39,33,99,171
2067970000,5383800000,1110260000,190190000,219150000,8971370000,48,37,99,184
725790000,1098640000,125670000,3521890000,11221910000,16693900000,42,27,90,159
1599700000,2441020000,456570000,4674810000,3529270000,12701370000,54,43,103,200
199370000,2040840000,263490000,2617670000,5822870000,10944240000,51,32,89,172
4723780000,3244180000,420570000,1072240000,980600000,10441370000,31,38,89,158
1963900000,2555430000,117900000,95570000,4453670000,9186470000,46,30,95,171
2231010000,26160000,201770000,1589920000,1111380000,5160240000,33,32,96,161
2929340000,6554110000,585540000,577500000,2024020000,12670510000,26,20,69,115
616630000,136970000,30710000,574620000,7568120000,8927050000,35,27,68,130
2928500000,8642600000,99870000,1595500000,2834580000,16101050000,44,42,99,185
1556240000,1195420000,33970000,757010000,939590000,4482230000,39,36,96,171
9264940000,123910000,26570000,16560000,5446050000,14878030000,46,34,93,173
1360040000,5124450000,391880000,1510170000,5175810000,13562350000,23,30,80,133
1212440000,7872560000,83140000,2038680000,5427120000,16633940000,46,31,82,159
5854890000,2597600000,378930000,1019210000,847030000,10697660000,30,35,97,162
3395790000,6584970000,687140000,134080000,1690470000,12492450000,51,38,100,189
7232970000,543370000,130390000,0,3192160000,11098890000,50,43,109,202
6589760000,510810000,139300000,1060000,2840630000,10081560000,46,35,82,163
2131020000,1696810000,150510000,1055460000,4043160000,9076960000,49,44,98,191
9975860000,557260000,92370000,14090000,4949470000,15589050000,51,33,108,192
4138160000,8004390000,1465420000,1895910000,572950000,16076830000,51,41,99,191
4393240000,6458830000,2939290000,2653940000,738490000,17183790000,22,23,59,104
672680000,8825830000,3173060000,3722650000,246370000,16640590000,52,41,105,198
2796580000,2408570000,167930000,174240000,3171950000,8719270000,46,37,81,164
6501730000,10405820000,1339270000,1392770000,656530000,20296120000,37,32,98,167
5656430000,372210000,171370000,65960000,7809110000,14075080000,43,35,91,169
2883360000,6113420000,437150000,1436390000,125280000,10995600000,43,44,94,181
4863450000,6542500000,991670000,1930230000,205360000,14533210000,32,26,74,132
158270000,1587870000,321330000,337950000,3692930000,6098350000,42,25,86,153
8123300000,73470000,25880000,23300000,4175940000,12421890000,31,37,103,171
2012940000,7721970000,1226080000,1577470000,1999030000,14537490000,51,39,97,187
1841210000,186580000,34220000,19020000,6864940000,8945970000,44,37,94,175
506770000,3531920000,404840000,115960000,7149990000,11709480000,46,42,91,179
4067840000,8680000,6630000,2560000,4876500000,8962210000,55,47,114,216
2961190000,11529590000,1217230000,1624320000,144490000,17476820000,52,35,91,178
3931580000,548930000,488370000,1076100000,5486690000,11531670000,45,46,111,202
2332350000,5400900000,473600000,612450000,161860000,8981160000,45,44,114,203
687490000,4013280000,624170000,1200820000,3844010000,10369770000,39,31,87,157
1952980000,6817470000,392030000,997590000,297050000,10457120000,52,29,93,174
5493610000,923180000,255930000,1257660000,2669200000,10599580000,43,37,107,187
1837420000,5194850000,258840000,2956610000,208660000,10456380000,48,35,93,176
3834650000,4698430000,364520000,1075790000,374150000,10347540000,43,36,103,182
242520000,5707220000,1151170000,1004580000,4051770000,12157260000,48,39,89,176
3599310000,4295950000,649150000,1282490000,254040000,10080940000,44,37,94,175
3296070000,4838490000,820130000,1042130000,350750000,10347570000,32,36,76,144
1228100000,4107260000,1339050000,2953070000,453850000,10081330000,43,36,91,170
2242390000,813130000,634440000,19190000,8320340000,12029490000,27,26,79,132
9735950000,3990000,13450000,0,5092210000,14845600000,47,31,88,166
145390000,71770000,25280000,770910000,4289800000,5303150000,47,33,100,180
2833910000,2737850000,146880000,1161330000,2195930000,9075900000,47,40,89,176
420460000,874100000,73590000,1800660000,12528760000,15697570000,42,25,75,142
4744320000,2956430000,212310000,906750000,1879580000,10699390000,37,36,103,176
1418180000,4274680000,2613780000,3077870000,2850790000,14235300000,44,43,95,182
7288460000,132610000,27590000,0,2917790000,10366450000,41,38,91,170
4070960000,880860000,1938650000,2742430000,442720000,10075620000,30,33,94,157
6279750000,705510000,159330000,0,4229460000,11374050000,49,35,85,169
550480000,349480000,314480000,4608680000,7022190000,12845310000,45,36,95,176
6694820000,1735000000,153780000,649980000,1731360000,10964940000,18,28,65,111
3763300000,4392650000,599750000,740000000,3902470000,13398170000,29,28,87,144
4252130000,3759400000,1225240000,4589880000,356640000,14183290000,31,38,82,151
1325500000,373400000,800040000,2813490000,5530530000,10842960000,49,37,101,187
8274500000,1427130000,258350000,49930000,4684590000,14694500000,52,44,98,194
3189340000,5098010000,704930000,1012880000,336730000,10341890000,39,27,90,156
5750650000,1072250000,69870000,15730000,3092240000,10000740000,54,42,91,187
1182870000,2852540000,787070000,12535660000,4311560000,21669700000,49,39,99,187
2769620000,5644490000,506390000,1538920000,226510000,10685930000,43,40,96,179
4429310000,7939380000,715020000,873890000,1183350000,15140950000,50,37,84,171
4419690000,642660000,309780000,1859310000,1071490000,8302930000,41,19,69,129
2439230000,4408420000,203400000,267930000,822640000,8141620000,51,45,105,201
1294930000,5658710000,449350000,889730000,4060190000,12352910000,32,29,87,148
4490610000,2958340000,104930000,673440000,1245410000,9472730000,45,41,95,181
1272450000,1354090000,71350000,140260000,2025540000,4863690000,37,27,91,155
6763910000,586850000,157750000,17620000,5521680000,13047810000,29,33,95,157
10901030000,1008980000,56130000,870000,2679890000,14646900000,47,43,99,189
4393140000,4046200000,990130000,2326320000,228740000,11984530000,52,40,93,185
2099380000,1416910000,126760000,679540000,4359240000,8681830000,44,34,93,171
356520000,634400000,51020000,1974000000,6231180000,9247120000,42,28,71,141
767490000,6500620000,617120000,1925220000,997410000,10807860000,51,43,107,201
2284290000,6006210000,164840000,485500000,5718490000,14659330000,41,30,85,156
4376040000,1594370000,348970000,2009450000,410270000,8739100000,42,43,100,185
3455930000,2496310000,406830000,336870000,3268440000,9964380000,44,29,81,154
2479460000,3527590000,459190000,1580670000,5106820000,13153730000,44,34,79,157
1305610000,5674070000,1455790000,6343770000,1451930000,16231170000,50,38,94,182
3228210000,4764020000,292730000,177480000,613800000,9076240000,31,19,71,121
2030260000,397280000,25570000,640000,7242720000,9696470000,36,34,93,163
902780000,474930000,291910000,6075750000,6198820000,13944190000,53,43,109,205
715440000,3409090000,136700000,298650000,6093140000,10653020000,41,36,105,182
5930680000,5039720000,1759390000,2104660000,288810000,15123260000,28,28,90,146
4768650000,3688560000,1358890000,954650000,805610000,11576360000,33,26,74,133
1906020000,231250000,26990000,1240000,6625090000,8790590000,44,27,77,148
4120750000,4491100000,1333980000,3177250000,714510000,13837590000,38,37,106,181
3630240000,6844070000,1103090000,775380000,319150000,12671930000,45,21,75,141
5848990000,1937900000,205660000,2050000,2863280000,10857880000,25,24,75,124
4625400000,214890000,106200000,0,4765950000,9712440000,53,38,106,197
3194270000,1560490000,97110000,462230000,7457010000,12771110000,45,27,77,149
3785780000,5543260000,296990000,2478390000,2394610000,14499030000,42,46,97,185
2094580000,2120000,1700000,231340000,6596690000,8926430000,44,38,96,178
1952050000,9039310000,994700000,2080530000,1045840000,15112430000,46,23,88,157
5429830000,3452730000,400650000,2760000,2293770000,11579740000,46,29,89,164
1768950000,7204490000,495080000,2430660000,2576580000,14475760000,52,37,105,194
1622720000,5565190000,1467750000,1285000000,140890000,10081550000,54,39,108,201
8884230000,1698270000,309930000,204830000,3011150000,14108410000,48,32,79,159
4716070000,5334320000,1585940000,1775030000,691570000,14102930000,30,39,92,161
381340000,1869140000,943800000,2506570000,4885830000,10586680000,48,40,104,192
1977880000,495320000,185120000,16380000,4884890000,7559590000,47,31,96,174
3149400000,5016530000,536100000,790390000,843670000,10336090000,42,40,100,182
1754040000,7355190000,804730000,347170000,201610000,10462740000,45,33,96,174
3793930000,4158540000,683000000,1506100000,195790000,10337360000,42,31,90,163
2066740000,4974440000,841100000,1059470000,264160000,9205910000,39,28,91,158
7671220000,3937780000,356840000,212350000,1934640000,14112830000,46,40,93,179
1901960000,2484720000,340720000,5578370000,151960000,10457730000,32,19,74,125
4359590000,69870000,18150000,0,1939500000,6387110000,47,38,100,185
2173530000,6997880000,395450000,1409300000,6308260000,17284420000,34,39,86,159
5001060000,2231280000,724050000,13370000,5208820000,13178580000,49,38,94,181
3382260000,167450000,133160000,894020000,583310000,5160200000,35,31,92,158
5467070000,4708120000,658770000,1457480000,1548960000,13840400000,29,34,76,139
868810000,1102110000,284330000,9209430000,3917880000,15382560000,34,21,83,138
2390590000,2678100000,206020000,63860000,3362730000,8701300000,39,23,86,148
43210000,1222440000,275840000,1676110000,4446200000,7663800000,44,36,85,165
7058470000,719760000,132610000,6310000,6525760000,14442910000,43,38,97,178
6429180000,2993300000,588170000,111710000,6655360000,16777720000,45,39,98,182
7287910000,91200000,73050000,12670000,2902570000,10367400000,41,29,92,162
4307370000,7861090000,621150000,995960000,307890000,14093460000,34,33,89,156
8630720000,2660630000,262850000,1944670000,919970000,14418840000,48,31,84,163
4114640000,5677560000,434100000,285440000,2255380000,12767120000,47,35,100,182
5701120000,914740000,144410000,68720000,11767680000,18596670000,26,35,91,152
540880000,11557030000,805820000,1252060000,249350000,14405140000,38,41,93,172
328760000,2254100000,184680000,162060000,1970400000,4900000000,21,33,71,125
1324890000,121750000,20960000,0,7299740000,8767340000,27,21,79,127
6371550000,349840000,84190000,140680000,5768780000,12715040000,45,35,100,180
5655950000,1380650000,363070000,1196200000,1730240000,10326110000,46,32,95,173
8192610000,109370000,22980000,32510000,3613470000,11970940000,17,24,64,105
3052700000,1589330000,176720000,1431330000,4132310000,10382390000,41,38,103,182
3556240000,3301540000,432210000,2629860000,323370000,10243220000,50,36,106,192
1030240000,5989280000,889370000,1876240000,296610000,10081740000,50,37,92,179
135660000,1223720000,622660000,749520000,2418480000,5150040000,48,33,93,174
3710950000,6955080000,1017460000,3153540000,364700000,15201730000,48,23,96,167
2344570000,2873210000,467090000,498160000,4060360000,10243390000,29,36,79,144
577480000,6892620000,806630000,2354790000,160520000,10792040000,41,34,89,164
3661020000,3755190000,229200000,2683830000,128420000,10457660000,39,36,94,169
2245810000,6206410000,551710000,749060000,8345430000,18098420000,44,36,91,171
236330000,723660000,204260000,80170000,3439800000,4684220000,41,41,93,175
683270000,2892950000,547220000,4070810000,6105740000,14299990000,34,37,96,167
6291460000,1787420000,454030000,995110000,804290000,10332310000,48,37,90,175
830470000,10680570000,457670000,416230000,3720820000,16105760000,46,23,84,153
1603780000,9339720000,112540000,1672220000,2476680000,15204940000,46,36,96,178
1526450000,4413800000,75080000,1548410000,3780180000,11343920000,46,26,78,150
1174350000,618970000,127980000,870300000,2624190000,5415790000,44,39,99,182
1066180000,2071100000,1694010000,2858120000,3396270000,11085680000,45,36,91,172
3589790000,5830000,8650000,4240000,1777220000,5385730000,46,39,92,177
3432740000,3302740000,66450000,1339590000,2610490000,10752010000,44,34,105,183
7761440000,511360000,134840000,7590000,1947340000,10362570000,51,38,108,197
2506480000,5296850000,422570000,634760000,265650000,9126310000,34,36,100,170
1760170000,6451060000,416790000,265560000,919000000,9812580000,52,45,116,213
5380500000,9310520000,1233410000,1102780000,567830000,17595040000,41,40,93,174
2888920000,505230000,42340000,5580000,10391120000,13833190000,30,35,77,142
1969590000,4847020000,88060000,1571640000,2694160000,11170470000,48,39,89,176
1415450000,1948370000,327300000,1881480000,5672070000,11244670000,44,35,93,172
3110480000,860190000,36150000,300000,9825460000,13832580000,49,38,94,181
8189970000,6258980000,1381260000,3926500000,338600000,20095310000,42,49,98,189
3114420000,1428080000,134900000,327730000,165100000,5170230000,26,28,66,120
2015180000,604830000,89200000,1980000,7172450000,9883640000,26,22,81,129
1283540000,4857750000,139680000,1894510000,2815360000,10990840000,47,42,112,201
2493510000,651100000,63770000,9920000,11080580000,14298880000,35,35,83,153
7853320000,1214640000,41100000,370000,1994300000,11103730000,45,39,97,181
1223020000,2571100000,136220000,728480000,6003090000,10661910000,49,38,94,181
1858890000,6906530000,833660000,842670000,270930000,10712680000,23,25,85,133
1831520000,1257240000,217560000,173250000,9206750000,12686320000,51,39,91,181
3255310000,4487580000,215040000,742580000,2077760000,10778270000,55,40,113,208
200280000,1608600000,177540000,1054860000,6255810000,9297090000,34,35,103,172
4140720000,3422370000,33840000,1500650000,1665670000,10763250000,41,39,110,190
474330000,7173810000,1918090000,756810000,144740000,10467780000,40,37,92,169
2795720000,6074550000,518370000,717300000,458870000,10564810000,47,31,106,184
2885440000,2293130000,694900000,2011510000,2200630000,10085610000,37,24,91,152
2943220000,62900000,3210000,0,11775430000,14784760000,45,36,94,175
2892110000,6003400000,106680000,523200000,1257900000,10783290000,49,37,97,183
3412010000,5218390000,645160000,750490000,315790000,10341840000,47,34,103,184
1962680000,7396000000,94260000,508660000,825440000,10787040000,31,22,82,135
1634760000,690630000,173130000,59260000,2502300000,5060080000,30,33,94,157
3561040000,3853560000,986800000,1934540000,632540000,10968480000,29,26,90,145
1231690000,7496000000,877580000,299090000,438000000,10342360000,48,35,83,166
3326710000,2999320000,567920000,1007210000,2541350000,10442510000,11,25,59,95
1919720000,389890000,18160000,0,6251280000,8579050000,46,31,79,156
3799150000,3180080000,143430000,515680000,316930000,7955270000,33,35,88,156
6429830000,80810000,14160000,0,2681590000,9206390000,36,35,99,170
3762060000,5104330000,377440000,780790000,698570000,10723190000,49,29,87,165
3922790000,4554140000,289430000,1399800000,290210000,10456370000,36,44,113,193
6308990000,5180830000,1019950000,2478310000,129870000,15117950000,45,35,91,171
269900000,2765650000,221510000,63310000,1809500000,5129870000,46,38,93,177
4114430000,9090160000,763680000,3149680000,1549720000,18667670000,48,33,94,175
3159710000,5080140000,897990000,763410000,179850000,10081100000,39,46,96,181
716440000,12660000,33450000,1156170000,7623650000,9542370000,36,37,94,167
6959020000,3175990000,387600000,93200000,2051230000,12667040000,34,34,93,161
2819700000,1296370000,72340000,798220000,8866450000,13853080000,47,28,95,170
7355050000,654900000,149320000,0,2944800000,11104070000,44,45,106,195
1357470000,3493790000,797970000,177860000,3344780000,9171870000,32,21,74,127
1592170000,1856350000,118160000,607080000,699680000,4873440000,31,37,101,169
2722320000,6829560000,837340000,311470000,241600000,10942290000,49,36,88,173
6489700000,2973540000,1110340000,122870000,6199890000,16896340000,49,35,105,189
5729150000,49490000,3550000,84380000,4505990000,10372560000,25,29,84,138
1968710000,6123490000,394080000,263120000,221830000,8971230000,33,20,74,127
5536000000,1207590000,185250000,563430000,2840280000,10332550000,47,41,95,183
3205760000,4764860000,259730000,688940000,1813950000,10733240000,37,37,99,173
1803450000,3913300000,703360000,469680000,2065780000,8955570000,50,33,93,176
6907650000,4972430000,373480000,1121490000,722480000,14097530000,31,28,85,144
3056400000,2781260000,244070000,483620000,3704530000,10269880000,38,39,106,183
538130000,4013100000,551870000,1927000000,5526760000,12556860000,32,31,94,157
5805410000,1757380000,115910000,1140000,3073380000,10753220000,50,39,105,194
854020000,7580880000,629720000,851830000,766800000,10683250000,47,26,87,160
1016950000,4683260000,877930000,3165580000,471890000,10215610000,50,43,106,199
139830000,4610000,3580000,212340000,5019650000,5380010000,48,42,105,195
5811220000,4277080000,1509880000,1983430000,255430000,13837040000,47,37,93,177
3773870000,4189460000,509700000,243640000,7911010000,16627680000,31,31,82,144
1038650000,7975320000,706870000,256660000,700090000,10677590000,49,42,100,191
3608080000,174440000,5420000,47900000,8613840000,12449680000,21,17,62,100
7235450000,2524770000,601560000,2069140000,491460000,12922380000,43,43,94,180
3275710000,881160000,116160000,0,1247990000,5521020000,48,23,92,163
2465730000,223100000,17910000,44640000,7063230000,9814610000,35,42,110,187
3496070000,4907620000,256160000,1389550000,403200000,10452600000,38,36,81,155
3742140000,6240880000,1399320000,598120000,9002020000,20982480000,46,40,98,184
3065640000,7416360000,2109100000,238170000,997980000,13827250000,34,27,97,158
3145970000,3680070000,532890000,286330000,6561960000,14207220000,49,34,82,165
4155540000,865480000,92630000,6940000,921390000,6041980000,44,29,88,161
1406530000,1965280000,76950000,620210000,1246640000,5315610000,47,37,98,182
999190000,9201360000,236010000,154000000,2205430000,12795990000,37,29,99,165
2391590000,983450000,666490000,253370000,4254010000,8548910000,48,30,84,162
904200000,5568960000,646780000,103480000,2858040000,10081460000,45,31,97,173
565170000,231950000,115000000,1549540000,7752000000,10213660000,25,34,90,149
1341980000,293550000,199800000,2602620000,4688400000,9126350000,24,15,60,99
7007080000,204140000,21840000,29190000,3105190000,10367440000,29,41,94,164
4983920000,3245390000,112950000,308220000,4272460000,12922940000,48,39,96,183
5613190000,2387790000,145120000,2251410000,3588800000,13986310000,47,42,100,189
1763830000,7144560000,886140000,1787670000,2239790000,13821990000,36,44,97,177
4252210000,2268840000,337210000,3244980000,353860000,10457100000,44,47,118,209
3280090000,1013820000,370740000,1863180000,2292830000,8820660000,48,44,102,194
3170330000,7030430000,967980000,1441000000,469420000,13079160000,45,42,98,185
242940000,929130000,82060000,163760000,3877680000,5295570000,52,36,107,195
2604410000,10345020000,1388990000,2440160000,551850000,17330430000,45,34,72,151
8925930000,2892260000,340480000,223560000,3152820000,15535050000,17,29,68,114
5569060000,2649050000,453160000,1250000,1151670000,9824190000,49,47,105,201
5802340000,4290080000,1479660000,2042630000,222680000,13837390000,45,41,102,188
967980000,6122330000,473950000,708600000,429380000,8702240000,50,31,89,170
249930000,619610000,518750000,6916230000,4004470000,12308990000,34,48,102,184
3155490000,4250440000,404790000,200960000,2053430000,10065110000,50,35,87,172
2177650000,60000000,16300000,0,11604430000,13858380000,53,43,107,203
1384780000,2253510000,146200000,407340000,4844210000,9036040000,33,42,95,170
4447570000,4480840000,413180000,751020000,244780000,10337390000,35,41,111,187
1431750000,2289850000,161790000,791570000,204770000,4879730000,42,38,88,168
4518650000,3519330000,1058010000,57190000,4775600000,13928780000,50,40,98,188
4468040000,5758540000,666840000,3041340000,257040000,14191800000,32,38,94,164
815650000,7915820000,522330000,807840000,615950000,10677590000,46,31,96,173
892130000,1755180000,72360000,138510000,1021130000,3879310000,50,32,108,190
8588420000,861990000,80240000,920000,2057250000,11588820000,28,28,79,135
260030000,1210050000,30250000,241300000,6853880000,8595510000,42,36,92,170
443610000,3673280000,249390000,99040000,3612130000,8077450000,32,28,76,136
6679410000,53370000,39130000,11210000,3589360000,10372480000,27,24,62,113
2471370000,0,2800000,94200000,8220080000,10788450000,35,39,101,175
1224300000,5079230000,456250000,1449240000,857120000,9066140000,48,36,87,171
3773750000,5744470000,403940000,724640000,3621790000,14268590000,41,35,93,169
3828510000,3195390000,46340000,763500000,2743090000,10576830000,48,43,104,195
2435110000,6293750000,425480000,4884440000,155280000,14194060000,46,29,91,166
5455420000,3324660000,218600000,654850000,4660290000,14313820000,35,30,90,155
3419730000,4460980000,251990000,459180000,930020000,9521900000,41,39,111,191
423330000,1751970000,119700000,131850000,3129230000,5556080000,42,35,99,176
1738080000,5912880000,553760000,839800000,191350000,9235870000,51,42,109,202
3011070000,4515200000,658680000,1812140000,84300000,10081390000,45,34,99,178
1728970000,8098020000,249480000,261160000,439350000,10776980000,31,30,76,137
1121190000,4018150000,147220000,332580000,220820000,5839960000,42,36,78,156
3453910000,4744440000,682160000,1326640000,500580000,10707730000,18,22,61,101
181380000,8657900000,901040000,3550000,3691980000,13435850000,32,41,94,167
1809150000,1430590000,858890000,231670000,3862500000,8192800000,37,36,104,177
315370000,1737030000,48480000,145470000,3044210000,5290560000,18,20,56,94
340980000,414640000,54310000,45180000,1643620000,2498730000,34,30,90,154
2717420000,4912820000,157060000,382090000,731560000,8900950000,43,42,123,208
5397790000,4979720000,1929240000,1338830000,192290000,13837870000,31,31,91,153
51940000,592880000,655080000,972010000,3486640000,5758550000,29,35,84,148
277460000,4222120000,134790000,426550000,404980000,5465900000,51,34,102,187
4154520000,35730000,12960000,132080000,6042310000,10377600000,32,28,81,141
14688690000,27952050000,1877090000,2460530000,4686270000,51664630000,53,50,113,216
12891920000,16781290000,1446520000,2395060000,10074620000,43589410000,54,36,95,185
19628590000,20562120000,3706720000,5631220000,2258100000,51786750000,35,30,101,166
13282860000,166980000,31590000,20000,41146050000,54627500000,47,42,112,201
14881250000,35178610000,3468830000,4673500000,1952420000,60154610000,49,49,105,203
17826320000,10828950000,1746530000,7858150000,2108550000,40368500000,46,40,115,201
15064380000,22349510000,1443710000,3174500000,3934860000,45966960000,37,43,106,186
17889730000,2107760000,1881070000,11613850000,10015200000,43507610000,50,42,109,201
8957080000,18148920000,1568680000,5849740000,14169090000,48693510000,52,43,108,203
2073070000,4412760000,1077400000,25134600000,28707280000,61405110000,38,40,112,190
5883180000,23724300000,2998050000,12110410000,13084380000,57800320000,43,43,105,191
13900660000,25092300000,4033280000,5435210000,1155660000,49617110000,51,41,102,194
14965880000,1222320000,187370000,195700000,21397880000,37969150000,37,44,126,207
8162880000,19297090000,2023990000,4435660000,8334840000,42254460000,50,36,97,183
13221510000,11356920000,1769650000,5458460000,6581710000,38388250000,56,46,119,221
4803840000,1966650000,1342240000,8394670000,24870840000,41378240000,46,44,119,209
3030560000,837470000,239240000,3755330000,32685830000,40548430000,47,52,129,228
1797920000,2257600000,1111540000,13309320000,20331180000,38807560000,50,44,109,203
12553060000,28615090000,1814350000,1552360000,32667980000,77202840000,47,40,103,190
33167960000,12165360000,2600370000,1290950000,32216170000,81440810000,51,40,107,198
15270310000,23760700000,2879240000,9055130000,1978390000,52943770000,50,40,111,201
15784620000,25286150000,3765980000,4161940000,2979940000,51978630000,47,54,113,214
11580610000,30457730000,2845620000,2790250000,9688330000,57362540000,48,51,122,221
30362510000,684480000,328260000,29910000,11589020000,42994180000,46,49,108,203
19591240000,16984710000,2641300000,8920120000,1250270000,49387640000,45,50,125,220
24252420000,9161280000,908070000,447840000,12398230000,47167840000,46,44,100,190
8273730000,1614490000,300040000,31890000,32280900000,42501050000,30,30,87,147
27248640000,9751460000,2078990000,327610000,19362890000,58769590000,39,34,105,178
7219870000,33346430000,1397610000,2986960000,20289040000,65239910000,36,44,107,187
7118680000,26156020000,774070000,3906970000,15541770000,53497510000,53,40,107,200
43835390000,2086680000,505580000,26370000,26380600000,72834620000,49,45,111,205
14091400000,19996590000,1500730000,2765490000,18639910000,56994120000,56,47,116,219
11415770000,26229500000,2410850000,5094790000,1064590000,46215500000,36,48,123,207
19544130000,15180960000,4911900000,7381490000,973670000,47992150000,51,29,99,179
11756050000,1455940000,54290000,134550000,28523080000,41923910000,48,41,106,195
13333760000,11333080000,6060830000,8042090000,1332100000,40101860000,28,37,87,152
34919660000,995760000,163320000,79470000,18202630000,54360840000,46,48,103,197
34975890000,526460000,263620000,150390000,18535370000,54451730000,51,46,110,207
5169130000,24539980000,9896180000,5987420000,7932440000,53525150000,46,48,131,225
33686740000,7585480000,801460000,3370000,16784450000,58861500000,49,45,106,200
9365240000,18310450000,2611740000,1364340000,7955110000,39606880000,56,48,114,218
1616780000,11550140000,758890000,1526310000,4389130000,19841250000,38,45,124,207
20416320000,11384840000,868050000,3206820000,30230300000,66106330000,35,27,88,150
12443740000,445970000,64770000,296010000,38884260000,52134750000,50,42,90,182
19794290000,29494230000,5849120000,5450600000,2697200000,63285440000,47,48,107,202
9653380000,21743400000,1534150000,1909240000,19591570000,54431740000,49,35,96,180
12929890000,23778110000,3890010000,1038540000,7220960000,48857510000,34,50,110,194
9490840000,29054350000,1905060000,5630770000,7524350000,53605370000,53,37,106,196
28834080000,10426110000,1836460000,10100000,14949660000,56056410000,54,39,114,207
27050410000,4847480000,920190000,880000,16244880000,49063840000,47,43,98,188
29791400000,1229480000,340840000,65560000,20976480000,52403760000,55,40,107,202
9773830000,4290270000,1910090000,1820890000,14930110000,32725190000,53,48,118,219
43876940000,3613830000,454610000,870000,16824930000,64771180000,57,47,131,235
16662590000,19693870000,1544040000,5437920000,12031740000,55370160000,51,45,114,210
26680330000,14110580000,2072970000,3691080000,9802540000,56357500000,34,23,81,138
11932860000,11760670000,2880570000,10864480000,1166580000,38605160000,52,46,100,198
16262000000,14490300000,3489200000,6693300000,439570000,41374370000,41,38,110,189
11209730000,18255080000,1002540000,3677150000,4885330000,39029830000,37,34,104,175
16138370000,2336730000,478850000,193330000,33175590000,52322870000,54,43,116,213
2340480000,3054520000,473960000,19465670000,21881750000,47216380000,54,47,106,207
12823290000,14414890000,556260000,4682130000,21794500000,54271070000,50,37,87,174
10961480000,10167890000,1212650000,3553370000,9399000000,35294390000,51,42,112,205
20709620000,5080060000,1254540000,110300000,15082700000,42237220000,56,44,115,215
29415400000,1505480000,346120000,38810000,15244880000,46550690000,39,27,98,164
13424810000,18323140000,3996450000,7501720000,632590000,43878710000,45,43,107,195
2770640000,11569500000,3727250000,10673920000,11620120000,40361430000,56,44,100,200
12250760000,17575360000,1767810000,804810000,27037390000,59436130000,41,47,113,201
13999180000,14524430000,2412540000,5797630000,2128380000,38862160000,49,39,98,186
18577640000,3277450000,462470000,15160000,16653500000,38986220000,43,29,83,155
17355570000,20340560000,2943400000,6128820000,9683050000,56451400000,53,42,95,190
2680990000,23726370000,2182140000,1434730000,24747160000,54771390000,57,44,97,198
16500030000,31514430000,3877100000,4099890000,1632930000,57624380000,47,41,95,183
17551490000,17429310000,2811640000,8012990000,1459630000,47265060000,49,43,117,209
13676080000,22550730000,570020000,3893510000,10274890000,50965230000,52,44,109,205
11621170000,22565880000,2598810000,3878350000,1397170000,42061380000,46,45,103,194
7244610000,19895150000,2912610000,8331820000,12367130000,50751320000,52,51,120,223
15093100000,673430000,69490000,472510000,37687560000,53996090000,52,42,96,190
12939490000,27874090000,2576460000,4504360000,757900000,48652300000,42,48,107,197
18174150000,27388190000,4046930000,3265660000,2925630000,55800560000,50,43,98,191
11576320000,23049290000,1800720000,2306280000,14849660000,53582270000,53,32,96,181
3444290000,5493000000,1897650000,15119760000,18764500000,44719200000,55,45,123,223
24132740000,32879810000,2480020000,5466230000,5535260000,70494060000,51,50,134,235
6212380000,33818070000,3361790000,12057290000,3421150000,58870680000,52,40,112,204
1529010000,20763580000,6206130000,10471710000,6517380000,45487810000,49,42,105,196
3001750000,16128280000,4627110000,15210460000,5898750000,44866350000,55,39,107,201
11281740000,21613460000,1646410000,6951870000,1129330000,42622810000,35,41,114,190
7291570000,17239340000,1169580000,1210600000,13204460000,40115550000,46,40,92,178
23450220000,13990370000,2516830000,9167810000,3732800000,52858030000,51,48,112,211
5618500000,38042770000,2949090000,4482820000,2713560000,53806740000,51,42,106,199
13045570000,6998190000,1474690000,5613810000,10351980000,37484240000,55,45,118,218
11285860000,10492030000,551560000,4640370000,6123190000,33093010000,57,49,130,236
15711640000,10835970000,1498520000,2896290000,11745460000,42687880000,52,44,113,209
2214010000,17439270000,5402200000,6023830000,17234900000,48314210000,53,37,115,205
7034310000,29974940000,615080000,9878220000,17538160000,65040710000,44,41,104,189
16463740000,26311820000,2095570000,1237660000,11742510000,57851300000,48,45,100,193
2836310000,17490720000,2030370000,2483990000,20244970000,45086360000,55,46,126,227
5660560000,12961240000,993160000,1950190000,35981460000,57546610000,43,38,93,174
17847290000,32538430000,3491920000,9103350000,2368790000,65349780000,38,45,111,194
12100120000,642410000,91800000,1028120000,40088890000,53951340000,58,46,116,220
18891520000,18865830000,2661750000,3939300000,2458460000,46816860000,48,53,120,221
11647100000,15655130000,591950000,3430130000,6007460000,37331770000,53,42,117,212
6683910000,18388650000,4003210000,8759800000,4820900000,42656470000,48,37,91,176
33323030000,102200000,73010000,2600000,17872980000,51373820000,57,43,123,223
11654110000,14382380000,854290000,4258550000,23696310000,54845640000,44,32,102,178
7132580000,1865720000,152920000,5610000,29757630000,38914460000,54,39,111,204
11928490000,8132020000,2385740000,5723200000,11945190000,40114640000,56,41,118,215
14199140000,6840040000,2670840000,10074100000,8867650000,42651770000,40,46,116,202
22298410000,27870410000,2062420000,4578160000,13189260000,69998660000,51,39,102,192
10982920000,12567980000,1260220000,15614970000,956550000,41382640000,36,45,109,190
1285630000,4822580000,1196180000,7768070000,18885520000,33957980000,53,42,113,208
20299730000,16165660000,670260000,5756930000,9643320000,52535900000,47,41,105,193
22661210000,9584630000,846750000,8858950000,22167200000,64118740000,51,39,113,203
30163560000,57544970000,4718430000,8563640000,94363820000,195354420000,61,54,142,257
80996830000,22814490000,3570610000,2184740000,61947670000,171514340000,52,45,121,218
76968540000,115537360000,7484790000,26594020000,80979970000,307564680000,52,46,122,220
13953150000,16335420000,4706900000,54765670000,137957080000,227718220000,47,55,128,230
66577320000,12682960000,2377740000,261950000,134288580000,216188550000,60,48,120,228
47163560000,91930370000,7673610000,12352130000,30216430000,189336100000,62,47,128,237
50034300000,53889740000,3390760000,11262420000,40795310000,159372530000,54,47,123,224
102071690000,21188030000,3441920000,880020000,60122600000,187704260000,48,42,97,187
77965350000,62211590000,8951960000,18341770000,21573600000,189044270000,52,54,112,218
22204670000,37805940000,2579310000,8580070000,74566190000,145736180000,56,49,128,233
95968740000,1424720000,392460000,1343370000,154879630000,254008920000,61,62,149,272
37421650000,69208740000,6048430000,13699640000,13137220000,139515680000,52,46,116,214
65980720000,185163160000,8977690000,29195290000,128992850000,418309710000,55,53,126,234
114210640000,11545900000,1653300000,118070000,67710890000,195238800000,55,63,137,255
28751070000,94805900000,9247470000,33566240000,46507340000,212878020000,60,49,132,241
42638570000,77079600000,20398660000,39877700000,26198380000,206192910000,63,53,143,259
54196210000,71731130000,8790830000,16473290000,18773320000,169964780000,48,55,143,246
61368850000,83663580000,12762540000,15417560000,7939630000,181152160000,56,46,113,215
39264900000,49084600000,6685110000,19283650000,9122990000,123441250000,48,53,131,232
71309690000,52287350000,15381470000,37213070000,23170550000,199362130000,48,44,127,219
45132270000,68323450000,9084180000,5655210000,46982500000,175177610000,57,53,123,233
115967580000,5921170000,878110000,1027150000,136672500000,260466510000,59,55,129,243
37958670000,96868090000,20245460000,23604740000,27443100000,206120060000,54,46,115,215
57571510000,80592210000,12508970000,22386930000,5001020000,178060640000,44,53,141,238
11176450000,59243360000,17315760000,69353630000,82672190000,239761390000,57,51,123,231
45530540000,55580010000,6946060000,6175110000,95009030000,209240750000,54,54,126,234
73279230000,66218060000,11173610000,47000850000,43973410000,241645160000,58,52,134,244
64310780000,113304950000,9745810000,20415870000,14080730000,221858140000,54,54,123,231
227629860000,85623790000,12630700000,8029660000,316414860000,650328870000,66,57,152,275
389106510000,41598560000,6286290000,4833950000,405909310000,847734620000,53,67,153,273
316509120000,349641450000,70221790000,151203090000,140719750000,1028295200000,71,75,163,309
44804660000,177304230000,42357960000,157529390000,303540280000,725536520000,60,64,152,276
160615010000,332926950000,20258170000,68306130000,235890920000,817997180000,61,57,147,265
228918450000,332404750000,40021790000,68533360000,120115360000,789993710000,67,62,158,287
274160590000,429170400000,39589820000,87804660000,319719060000,1150444530000,63,60,146,269
1596762660000,1695128470000,218143230000,526381830000,1963679440000,6000095630000,90,93,235,418
