Forest,Agriculture,Urban,Grassland,Other,Area_Total,forest_sp,agriculture_sp,generalist_sp,Sp_Total
147070000,292150000,454400000,20770000,1575750000,2490140000,21,25,67,113
172980000,395020000,49980000,810000,1579250000,2198040000,20,24,65,109
175890000,1257450000,148490000,14550000,903620000,2500000000,26,28,69,123
619460000,781250000,9630000,45460000,1044200000,2500000000,23,24,60,107
565210000,517030000,59010000,50480000,1308270000,2500000000,26,27,73,126
248050000,1979790000,12970000,16870000,242320000,2500000000,21,29,61,111
991010000,445190000,30880000,380000,1032540000,2500000000,20,26,67,113
597140000,1807380000,24770000,3650000,67060000,2500000000,21,29,70,120
469440000,1897980000,24410000,13200000,94970000,2500000000,23,30,65,118
597850000,1300620000,132000000,30240000,439290000,2500000000,22,26,68,116
719640000,1444340000,76290000,30640000,229090000,2500000000,22,28,72,122
1221380000,659120000,39420000,4530000,575550000,2500000000,24,21,58,103
1340190000,1046150000,9510000,1620000,102530000,2500000000,24,26,71,121
922150000,855170000,126330000,48740000,547610000,2500000000,21,25,67,113
1456990000,358370000,18800000,12750000,653090000,2500000000,25,20,59,104
148730000,854620000,22350000,46710000,1427590000,2500000000,25,31,73,129
845680000,604670000,7430000,169460000,872760000,2500000000,28,26,72,126
414280000,744400000,53980000,48390000,1238950000,2500000000,25,29,76,130
439840000,1858190000,16840000,41220000,143910000,2500000000,22,28,67,117
466820000,1356390000,6910000,118840000,551040000,2500000000,28,29,74,131
380550000,2010980000,15190000,14730000,78550000,2500000000,18,28,67,113
122230000,1766120000,43360000,322040000,246250000,2500000000,31,36,76,143
786170000,983310000,22820000,35130000,672570000,2500000000,26,26,68,120
484080000,1091590000,3430000,187140000,733760000,2500000000,33,34,80,147
50250000,783370000,69970000,15240000,1581170000,2500000000,23,40,92,155
15130000,55280000,53640000,15490000,1599790000,1739330000,20,33,75,128
688730000,741300000,12970000,62060000,994940000,2500000000,31,25,77,133
505860000,1099070000,5040000,303590000,586440000,2500000000,16,16,54,86
283010000,1637100000,8120000,293570000,278200000,2500000000,24,25,68,117
64010000,904160000,21160000,1030490000,480180000,2500000000,26,33,78,137
133870000,1985160000,18900000,139840000,222230000,2500000000,25,36,77,138
96380000,1353660000,11820000,269900000,768240000,2500000000,27,34,79,140
219170000,163890000,4230000,75200000,1807420000,2269910000,11,16,46,73
462900000,289980000,242170000,16530000,1373140000,2384720000,16,19,59,94
594330000,1031150000,140410000,67260000,666850000,2500000000,21,16,50,87
1017820000,635340000,36020000,50430000,760390000,2500000000,24,18,54,96
748630000,529020000,125440000,161250000,935660000,2500000000,21,20,68,109
616790000,665380000,102820000,64000000,1051010000,2500000000,24,21,65,110
602590000,694890000,23310000,546930000,632280000,2500000000,23,26,68,117
445530000,474580000,14300000,334390000,1231200000,2500000000,26,25,78,129
771040000,1126010000,17880000,78380000,506690000,2500000000,17,24,61,102
993420000,751790000,49430000,123650000,581710000,2500000000,21,23,63,107
632550000,1133560000,15680000,142520000,575690000,2500000000,18,18,56,92
481470000,784390000,32950000,146930000,1054260000,2500000000,25,21,61,107
510000000,769190000,18960000,300740000,901110000,2500000000,36,31,78,145
367300000,1209360000,15220000,114990000,793130000,2500000000,24,22,56,102
401060000,986000000,20730000,110000000,982210000,2500000000,23,25,59,107
240340000,1373610000,10080000,193720000,682250000,2500000000,31,31,69,131
117380000,1164760000,8360000,219730000,989770000,2500000000,33,32,83,148
398500000,721480000,5170000,518640000,856210000,2500000000,25,29,72,126
363420000,1231180000,19020000,141690000,744690000,2500000000,31,28,75,134
286230000,1301070000,12350000,122270000,778080000,2500000000,30,27,77,134
443140000,1173540000,7760000,81640000,793920000,2500000000,21,20,66,107
932070000,543190000,27280000,174790000,822670000,2500000000,30,23,73,126
858840000,549600000,10720000,330700000,750140000,2500000000,17,21,54,92
606810000,682430000,2430000,213720000,994610000,2500000000,36,30,80,146
303540000,1296320000,4920000,258270000,636950000,2500000000,32,29,72,133
220280000,1427780000,5510000,536900000,309530000,2500000000,35,37,86,158
666910000,1084110000,1400000,84710000,662870000,2500000000,31,28,72,131
582370000,136120000,3930000,562130000,1215450000,2500000000,29,18,59,106
1120680000,441330000,16380000,241070000,680540000,2500000000,27,27,67,121
5310000,35110000,2610000,69960000,1727050000,1840040000,13,30,64,107
58030000,57560000,3030000,235730000,1982800000,2337150000,15,26,63,104
37110000,112050000,7280000,518800000,1824760000,2500000000,19,27,69,115
27670000,84540000,2040000,194440000,2191310000,2500000000,10,21,54,85
119890000,190870000,8900000,946780000,1233560000,2500000000,10,19,47,76
32620000,163980000,13840000,594360000,1695200000,2500000000,18,25,63,106
23120000,113910000,1970000,68970000,2285240000,2493210000,13,26,58,97
112360000,353130000,9530000,548640000,1476340000,2500000000,17,28,57,102
36010000,117270000,4400000,164190000,2113940000,2435810000,17,29,70,116
70190000,171530000,16580000,497740000,1743960000,2500000000,16,27,61,104
173250000,328050000,26870000,847960000,1123870000,2500000000,19,30,53,102
184890000,326790000,16720000,1151030000,820570000,2500000000,20,31,56,107
10730000,71200000,8280000,96140000,2151720000,2338070000,20,30,68,118
185500000,543890000,23630000,1571560000,175420000,2500000000,16,22,59,97
35240000,442590000,82760000,862160000,1077250000,2500000000,13,18,50,81
86140000,386000000,17830000,713850000,1275780000,2479600000,15,22,58,95
39890000,143120000,70100000,1981400000,265490000,2500000000,16,20,54,90
134840000,317640000,20500000,1632530000,394490000,2500000000,15,20,51,86
121150000,308250000,18760000,1766180000,285660000,2500000000,16,21,53,90
28230000,101980000,30650000,1788660000,550480000,2500000000,16,27,57,100
106350000,117800000,21480000,2062810000,191560000,2500000000,17,21,50,88
33710000,159810000,90490000,2009740000,206250000,2500000000,19,24,61,104
41040000,161160000,59130000,453950000,1734450000,2449730000,19,28,65,112
64280000,106160000,24680000,628460000,1676420000,2500000000,18,29,63,110
365890000,1479860000,10260000,96060000,547930000,2500000000,25,34,82,141
239430000,421440000,58090000,957900000,823140000,2500000000,18,28,66,112
70130000,664930000,31140000,893000000,840800000,2500000000,15,25,64,104
53260000,288930000,36700000,1678860000,442250000,2500000000,16,25,55,96
25630000,615480000,380160000,943780000,534950000,2500000000,18,24,67,109
131530000,2240000,540000,246510000,2119180000,2500000000,22,27,65,114
279420000,1510530000,24200000,316700000,369150000,2500000000,32,32,90,154
177720000,1765650000,6100000,275440000,275090000,2500000000,22,30,63,115
350550000,1022860000,5640000,481000000,639950000,2500000000,29,30,76,135
48390000,1637350000,19100000,575030000,220130000,2500000000,28,34,82,144
314940000,1306160000,11060000,181790000,686050000,2500000000,33,33,86,152
305690000,1269610000,10680000,44370000,869650000,2500000000,27,29,71,127
104330000,64350000,75100000,6800000,1823710000,2074290000,24,18,57,99
114180000,1325100000,101850000,71710000,887160000,2500000000,29,31,80,140
20010000,2390150000,19860000,20380000,49600000,2500000000,25,30,69,124
98340000,1959360000,22360000,141770000,278170000,2500000000,25,32,77,134
484810000,1199410000,11930000,25590000,778260000,2500000000,25,24,55,104
461670000,762440000,2350000,248340000,1025200000,2500000000,29,25,69,123
316930000,922020000,6240000,479020000,775790000,2500000000,27,34,75,136
182410000,1916400000,42340000,82270000,276580000,2500000000,27,29,81,137
225940000,778480000,24650000,14640000,1456290000,2500000000,31,30,70,131
136790000,750710000,8090000,3450000,1600960000,2500000000,27,27,71,125
243730000,1931720000,24280000,32910000,267360000,2500000000,22,22,61,105
177050000,1994850000,80140000,31270000,216690000,2500000000,28,29,67,124
244300000,1492620000,6280000,13100000,743700000,2500000000,31,26,71,128
486270000,918480000,7740000,4290000,1083220000,2500000000,26,29,67,122
115310000,1762410000,11470000,75820000,534990000,2500000000,24,34,66,124
16930000,2052630000,34230000,17090000,379120000,2500000000,23,32,68,123
58830000,457090000,35410000,0,1948670000,2500000000,27,31,78,136
498960000,1372050000,6470000,3080000,619440000,2500000000,31,26,67,124
580420000,709350000,3910000,2640000,1203680000,2500000000,23,26,57,106
333500000,1458870000,3310000,12960000,691360000,2500000000,22,25,56,103
310490000,1387510000,5520000,119670000,676810000,2500000000,18,33,65,116
729220000,196780000,23150000,484020000,1066830000,2500000000,32,22,66,120
73210000,1241440000,98990000,3340000,1083020000,2500000000,25,30,76,131
307800000,1374150000,23120000,0,794930000,2500000000,22,23,61,106
135390000,1658220000,155370000,41480000,509540000,2500000000,28,33,89,150
527380000,1449160000,5210000,12700000,505550000,2500000000,29,23,61,113
538780000,1018480000,19950000,0,922790000,2500000000,28,24,67,119
465950000,762500000,8840000,6790000,1255920000,2500000000,28,23,61,112
772010000,471320000,2940000,98510000,1155220000,2500000000,26,22,62,110
739550000,581680000,1110000,30220000,1147440000,2500000000,32,25,72,129
209990000,901850000,115750000,33840000,1238570000,2500000000,29,25,66,120
56430000,987090000,240870000,700000,1214910000,2500000000,28,32,87,147
46080000,1244970000,83640000,1150000,1124160000,2500000000,30,29,77,136
457390000,956260000,64640000,650000,1021060000,2500000000,35,30,81,146
378300000,508300000,4670000,656220000,952510000,2500000000,36,27,86,149
201010000,1774140000,45880000,411030000,67940000,2500000000,36,40,81,157
626350000,1255410000,39620000,132860000,445760000,2500000000,31,37,81,149
363600000,386730000,2460000,536460000,1210750000,2500000000,37,32,79,148
568290000,406610000,42240000,564000000,918860000,2500000000,37,31,81,149
143580000,2241420000,12120000,60380000,42500000,2500000000,27,31,77,135
147220000,1940430000,6010000,142490000,263850000,2500000000,31,32,76,139
770250000,1411350000,14550000,56760000,247090000,2500000000,30,28,64,122
383340000,1412210000,29560000,371230000,303660000,2500000000,34,33,79,146
46580000,2372500000,6310000,50410000,24200000,2500000000,22,31,70,123
103080000,2300680000,14140000,25000000,57100000,2500000000,26,31,75,132
119490000,2226540000,18080000,18330000,117560000,2500000000,29,33,78,140
256750000,1871490000,59540000,50550000,261670000,2500000000,29,29,79,137
1131830000,125560000,1570000,223300000,1017740000,2500000000,35,23,71,129
849210000,1068750000,5420000,143310000,433310000,2500000000,34,31,80,145
982080000,73350000,3720000,323650000,1117200000,2500000000,36,24,75,135
585080000,1475130000,6070000,122600000,311120000,2500000000,40,28,81,149
294280000,141930000,7420000,222250000,1573920000,2239800000,19,18,63,100
55750000,47410000,5760000,91550000,1479660000,1680130000,25,25,61,111
206050000,970110000,535360000,382790000,405690000,2500000000,34,31,85,150
410630000,1336870000,4780000,244120000,503600000,2500000000,30,26,72,128
507360000,279410000,83600000,801490000,828140000,2500000000,37,32,84,153
572850000,865400000,5750000,214080000,841920000,2500000000,32,28,71,131
345510000,1177800000,29480000,110930000,836280000,2500000000,35,31,79,145
126200000,2127250000,29480000,10780000,206290000,2500000000,30,31,75,136
215360000,2062410000,9710000,28430000,184090000,2500000000,31,32,71,134
1226790000,681080000,7620000,129950000,454560000,2500000000,35,29,82,146
824830000,1161830000,1660000,101000000,410680000,2500000000,35,28,85,148
713600000,232730000,25710000,510050000,1017910000,2500000000,25,27,80,132
484210000,1076310000,2770000,180650000,756060000,2500000000,28,29,84,141
925920000,477670000,19720000,432560000,644130000,2500000000,30,25,77,132
527230000,1293730000,3050000,28310000,647680000,2500000000,33,32,83,148
12350000,94040000,30170000,4490000,1856950000,1998000000,16,28,69,113
150350000,519740000,133190000,54420000,1637230000,2494930000,27,29,81,137
404410000,1610740000,12300000,34180000,438370000,2500000000,31,28,70,129
1179840000,563530000,540000,65900000,690190000,2500000000,32,26,72,130
405160000,1218250000,1940000,281740000,592910000,2500000000,27,30,66,123
690450000,1197540000,7400000,166730000,437880000,2500000000,27,31,71,129
1091690000,611850000,1460000,182660000,612340000,2500000000,24,27,62,113
1170060000,519070000,12370000,109750000,688750000,2500000000,37,30,83,150
1165950000,632560000,6740000,138080000,556670000,2500000000,38,28,77,143
383700000,1356340000,21380000,67730000,670850000,2500000000,39,36,91,166
373670000,1367310000,920000,106260000,651840000,2500000000,33,27,75,135
1174710000,66370000,88680000,489280000,680960000,2500000000,31,26,74,131
631160000,1491310000,44320000,20730000,312480000,2500000000,35,32,90,157
1275870000,27680000,61990000,577690000,556770000,2500000000,37,26,79,142
693310000,1299470000,16240000,135240000,355740000,2500000000,38,34,92,164
43680000,639190000,106510000,328830000,1381790000,2500000000,24,34,82,140
237000000,1144870000,150290000,240240000,727600000,2500000000,26,37,87,150
4690000,88740000,40670000,12080000,1969870000,2116050000,17,30,75,122
263480000,1636930000,105190000,391910000,102490000,2500000000,27,31,83,141
40760000,926270000,195100000,536320000,801550000,2500000000,19,38,85,142
487610000,954170000,8890000,158290000,891040000,2500000000,25,21,63,109
179570000,1788640000,7480000,3270000,521040000,2500000000,26,33,72,131
131700000,1965880000,24820000,1710000,375890000,2500000000,31,37,87,155
196100000,1695170000,17150000,42350000,549230000,2500000000,33,34,78,145
499460000,1443880000,5860000,2480000,548320000,2500000000,35,33,82,150
1164500000,229800000,12190000,713960000,379550000,2500000000,42,29,84,155
625470000,1248390000,48850000,15770000,561520000,2500000000,40,32,88,160
1044700000,457090000,24360000,808400000,165450000,2500000000,40,24,82,146
1237830000,364860000,2440000,153880000,740990000,2500000000,39,25,79,143
650180000,53060000,37850000,650000,1449160000,2190900000,22,18,63,103
595070000,510110000,177160000,212230000,972170000,2466740000,27,23,81,131
1710380000,455660000,58930000,10740000,264290000,2500000000,23,16,64,103
595790000,1609260000,89470000,177260000,28220000,2500000000,29,21,78,128
268400000,2860000,36110000,850000,1436480000,1744700000,21,20,67,108
271530000,12310000,58320000,30000,1545270000,1887460000,21,19,66,106
711380000,499790000,355840000,136650000,796340000,2500000000,27,30,81,138
95670000,131240000,60190000,42800000,1845780000,2175680000,25,31,81,137
67030000,11850000,16070000,4190000,1488310000,1587450000,19,20,66,105
293760000,1712970000,99840000,290600000,102830000,2500000000,24,35,85,144
334950000,1135200000,45670000,245910000,738270000,2500000000,25,23,79,127
102240000,1881020000,110690000,393150000,12900000,2500000000,26,36,78,140
40580000,625090000,130990000,231520000,1471820000,2500000000,26,40,91,157
144570000,1729910000,79800000,536400000,9320000,2500000000,27,27,76,130
122150000,1965140000,124950000,272650000,15110000,2500000000,23,31,81,135
172030000,1724640000,70970000,508740000,23620000,2500000000,27,28,82,137
86690000,1586510000,283360000,478830000,64610000,2500000000,28,35,85,148
135830000,1352160000,155620000,816120000,40270000,2500000000,28,30,82,140
129650000,1703280000,103900000,547670000,15500000,2500000000,28,26,75,129
810760000,523760000,540000,174230000,990710000,2500000000,31,24,70,125
105690000,2070470000,12160000,0,311680000,2500000000,21,32,71,124
476550000,1254270000,7030000,31230000,730920000,2500000000,38,38,102,178
181910000,1949230000,6800000,4990000,357070000,2500000000,26,35,81,142
832090000,589140000,90280000,717830000,270660000,2500000000,40,26,81,147
873500000,159330000,8640000,486100000,972430000,2500000000,43,27,82,152
449870000,1535440000,152210000,245050000,117430000,2500000000,24,17,68,109
1371640000,761720000,42530000,113280000,210830000,2500000000,22,16,68,106
261140000,2068690000,107120000,50980000,12070000,2500000000,27,25,81,133
536380000,1595500000,32230000,108820000,227070000,2500000000,27,20,72,119
274950000,1777050000,99700000,330120000,18180000,2500000000,27,27,69,123
586180000,1239560000,84900000,565260000,24100000,2500000000,31,29,83,143
524930000,1607940000,118530000,193780000,54820000,2500000000,31,32,83,146
29850000,260420000,40150000,344060000,1825520000,2500000000,17,25,64,106
158680000,443870000,59330000,681430000,1156690000,2500000000,24,28,72,124
48050000,147670000,14610000,645280000,1384920000,2240530000,20,26,65,111
5370000,75550000,5560000,232230000,1466730000,1785440000,19,24,57,100
1890000,78430000,29480000,404970000,1829880000,2344650000,22,33,73,128
41330000,115520000,187470000,580300000,1575380000,2500000000,13,28,56,97
22110000,225070000,46300000,887620000,1318570000,2499670000,15,22,58,95
323120000,29270000,0,377660000,1769950000,2500000000,16,30,55,101
199420000,68520000,90520000,654370000,1487170000,2500000000,18,32,65,115
248470000,44640000,11300000,490690000,1704900000,2500000000,24,31,82,137
29600000,653710000,142240000,47080000,1627370000,2500000000,19,30,75,124
20640000,319350000,37250000,18520000,2101890000,2497650000,17,33,76,126
89290000,317310000,91340000,638070000,1362970000,2498980000,28,29,75,132
59970000,94990000,35130000,711920000,1597990000,2500000000,18,20,55,93
238490000,391710000,22600000,1741120000,106080000,2500000000,23,25,67,115
127850000,348440000,85320000,709940000,1228450000,2500000000,22,27,68,117
163000000,622920000,141700000,1130780000,441600000,2500000000,25,30,69,124
234730000,43550000,5360000,1889090000,327270000,2500000000,27,32,71,130
98800000,148360000,175920000,1061110000,1015810000,2500000000,28,28,69,125
181070000,142980000,14040000,2002560000,159350000,2500000000,27,26,63,116
345770000,249810000,369530000,1276590000,258300000,2500000000,28,30,64,122
40370000,86040000,38270000,747160000,1588160000,2500000000,30,32,78,140
251040000,21230000,13290000,789110000,1424300000,2498970000,29,30,66,125
255310000,200550000,69410000,1646610000,328120000,2500000000,28,29,59,116
279510000,238040000,14620000,1819050000,148780000,2500000000,27,28,64,119
31280000,92960000,182330000,249020000,1701910000,2257500000,17,34,63,114
239010000,48330000,10530000,997360000,1204770000,2500000000,26,38,78,142
99170000,85770000,49970000,1322900000,942190000,2500000000,24,33,67,124
127920000,41760000,26050000,918360000,1385910000,2500000000,31,40,88,159
224000000,185240000,471150000,1442480000,177130000,2500000000,20,29,59,108
575620000,31050000,16030000,1516030000,361270000,2500000000,18,27,54,99
250110000,354660000,192540000,1087490000,615200000,2500000000,22,33,80,135
572300000,84040000,22610000,1351050000,470000000,2500000000,27,27,70,124
248590000,1450540000,120930000,151310000,528630000,2500000000,24,27,76,127
179460000,1777030000,144010000,198540000,200960000,2500000000,21,22,70,113
275310000,1923330000,76220000,135210000,89930000,2500000000,24,23,72,119
414640000,1735990000,63880000,207910000,77580000,2500000000,21,17,62,100
20580000,251810000,51520000,7000000,1675380000,2006290000,19,17,71,107
50220000,886460000,80770000,850020000,632530000,2500000000,26,31,82,139
133680000,1431710000,119230000,806980000,8400000,2500000000,22,28,68,118
546400000,796600000,698260000,391320000,67420000,2500000000,22,24,67,113
274340000,803340000,203130000,335250000,883940000,2500000000,29,32,77,138
144350000,1518890000,59760000,767790000,9210000,2500000000,21,26,65,112
242580000,596450000,252420000,1107020000,301530000,2500000000,28,29,67,124
67990000,1693800000,210400000,524350000,3460000,2500000000,19,27,64,110
91710000,1563310000,202920000,622480000,19580000,2500000000,22,27,64,113
82590000,746650000,187680000,1471890000,11190000,2500000000,21,32,63,116
165690000,1306140000,140790000,849750000,37630000,2500000000,24,29,68,121
111030000,300620000,256620000,1769360000,62370000,2500000000,29,30,72,131
84830000,1081890000,890310000,395720000,47250000,2500000000,23,28,69,120
19100000,116490000,177280000,715670000,1471460000,2500000000,29,34,67,130
99950000,173440000,409350000,1480920000,336340000,2500000000,24,32,63,119
161150000,180450000,575370000,1156930000,426100000,2500000000,26,29,67,122
126330000,117510000,49240000,1838770000,368150000,2500000000,27,32,62,121
128390000,11990000,30470000,1932710000,396440000,2500000000,26,33,64,123
68440000,907180000,451600000,249620000,823160000,2500000000,26,30,74,130
70810000,1202010000,33710000,537480000,655990000,2500000000,21,32,75,128
617570000,208680000,9720000,1192510000,471520000,2500000000,28,29,64,121
32470000,520130000,88590000,220290000,1372390000,2233870000,26,31,77,134
152250000,1353300000,119530000,135550000,739370000,2500000000,24,26,79,129
220320000,1882950000,88920000,262570000,45240000,2500000000,24,18,64,106
137100000,1356850000,129310000,218790000,657950000,2500000000,28,23,84,135
300490000,1704090000,149940000,287820000,57660000,2500000000,26,18,68,112
18270000,218650000,42740000,222750000,1997590000,2500000000,26,31,85,142
211880000,560130000,315360000,297110000,1115520000,2500000000,29,33,76,138
100990000,445880000,181170000,209930000,1369160000,2307130000,21,25,69,115
41860000,1828100000,224000000,395590000,10450000,2500000000,23,24,63,110
178840000,1710420000,207400000,378200000,25140000,2500000000,23,25,60,108
214450000,899940000,1087200000,252580000,45830000,2500000000,25,28,69,122
109590000,1481330000,446270000,414070000,48740000,2500000000,22,31,70,123
36860000,1559950000,361430000,514200000,27560000,2500000000,20,25,67,112
48890000,2257940000,114690000,63880000,14600000,2500000000,18,25,62,105
74690000,2035210000,214740000,123700000,51660000,2500000000,20,28,70,118
52700000,2089500000,177100000,145860000,34840000,2500000000,26,27,63,116
118870000,1742210000,431660000,114210000,93050000,2500000000,23,31,78,132
74940000,2000780000,173890000,157780000,92610000,2500000000,15,24,58,97
222060000,982270000,46070000,382550000,867050000,2500000000,23,33,73,129
104700000,1307400000,71110000,831160000,185630000,2500000000,33,37,81,151
160620000,1698020000,124810000,493570000,22980000,2500000000,30,25,74,129
158520000,968580000,53480000,1299720000,19700000,2500000000,31,24,73,128
137920000,1237830000,80800000,1032900000,10550000,2500000000,30,25,77,132
41770000,298870000,39660000,378870000,1708870000,2468040000,24,39,81,144
71800000,784060000,92630000,1330750000,220760000,2500000000,25,33,77,135
18020000,478440000,108590000,206610000,1469380000,2281040000,25,35,85,145
189150000,1187060000,120420000,985850000,17520000,2500000000,30,26,72,128
353710000,1031730000,59660000,1029490000,25410000,2500000000,34,22,76,132
334790000,1120310000,126690000,901050000,17160000,2500000000,29,22,74,125
284210000,15030000,2390000,421780000,1776590000,2500000000,23,28,66,117
317960000,16760000,1550000,430400000,1733330000,2500000000,22,32,72,126
243870000,5100000,3240000,635950000,1611840000,2500000000,26,31,62,119
92800000,1880000,2730000,188740000,2213850000,2500000000,17,26,53,96
121610000,10600000,340000,141400000,2226050000,2500000000,23,29,61,113
357390000,18840000,5320000,293290000,1825160000,2500000000,28,28,63,119
13100000,1550000,0,174490000,2266910000,2456050000,17,26,58,101
86400000,1910000,1010000,191280000,2219400000,2500000000,16,27,59,102
263370000,42880000,3870000,499720000,1690160000,2500000000,27,33,66,126
366320000,337580000,108740000,1000480000,686880000,2500000000,26,32,67,125
305960000,765190000,71380000,648770000,708700000,2500000000,24,33,66,123
493280000,381280000,49220000,381820000,1194400000,2500000000,25,35,81,141
163570000,14880000,3870000,167620000,2150060000,2500000000,27,35,70,132
557430000,297160000,41190000,470110000,1134110000,2500000000,23,31,72,126
209010000,49380000,8820000,510560000,1722230000,2500000000,24,31,59,114
156150000,1840000,330000,234440000,2107240000,2500000000,19,31,73,123
363840000,75840000,9470000,296960000,1753890000,2500000000,22,29,62,113
163200000,79670000,15090000,591120000,1650920000,2500000000,13,34,67,114
8440000,8000000,1750000,27720000,2249530000,2295440000,13,29,67,109
0,3460000,3280000,280010000,2135870000,2422620000,11,31,64,106
498310000,1391960000,30540000,1000000,578190000,2500000000,31,26,75,132
87260000,927460000,20910000,50000,1460580000,2496260000,29,28,84,141
432410000,1518100000,8800000,0,540690000,2500000000,29,35,78,142
721560000,1181000000,20360000,25080000,552000000,2500000000,33,28,76,137
787760000,788790000,4960000,37320000,881170000,2500000000,33,31,83,147
119500000,2124240000,23200000,2600000,230460000,2500000000,31,39,82,152
857570000,825600000,87890000,534480000,194460000,2500000000,37,21,74,132
799770000,56840000,8350000,613370000,1021670000,2500000000,41,24,76,141
588660000,1743570000,24290000,81570000,61910000,2500000000,23,16,65,104
335090000,1866830000,30370000,251480000,16230000,2500000000,18,14,62,94
753320000,1445200000,66620000,200120000,34740000,2500000000,28,16,69,113
494210000,1771290000,58040000,124230000,52230000,2500000000,22,15,63,100
524660000,1577950000,138830000,236000000,22560000,2500000000,31,28,81,140
789680000,1507410000,26190000,143850000,32870000,2500000000,24,19,71,114
571150000,1465850000,56320000,270000,406410000,2500000000,32,30,75,137
1230000,270240000,14070000,250000,1759410000,2045200000,27,37,92,156
377830000,1082940000,169820000,1420000,867990000,2500000000,29,24,70,123
851910000,435350000,3860000,174800000,1034080000,2500000000,42,26,84,152
192080000,1950050000,39550000,900000,317420000,2500000000,30,37,76,143
1308340000,266900000,6190000,219830000,698740000,2500000000,41,22,78,141
952400000,976260000,58500000,473770000,39070000,2500000000,41,22,77,140
827670000,38910000,6120000,791620000,835680000,2500000000,40,24,77,141
726960000,1221090000,44140000,440340000,67470000,2500000000,36,22,82,140
851500000,75740000,9110000,567710000,995940000,2500000000,40,19,76,135
154910000,2159130000,67520000,82230000,36210000,2500000000,26,18,75,119
166470000,2096320000,28060000,179410000,29740000,2500000000,22,13,70,105
422080000,1818480000,72220000,127540000,59680000,2500000000,32,20,80,132
156220000,1899420000,361990000,33680000,48690000,2500000000,24,18,74,116
1129760000,995940000,33960000,295910000,44430000,2500000000,30,19,70,119
478240000,1709850000,52730000,234030000,25150000,2500000000,23,15,66,104
1102720000,807920000,45860000,447400000,96100000,2500000000,33,23,77,133
1042150000,875510000,30360000,341770000,210210000,2500000000,33,16,70,119
697500000,834140000,53090000,869150000,46120000,2500000000,32,24,80,136
1129970000,1054290000,62590000,215240000,37910000,2500000000,27,18,68,113
769590000,624260000,124710000,913080000,68360000,2500000000,32,22,75,129
661150000,1034520000,67080000,716650000,20600000,2500000000,33,16,76,125
561200000,1688760000,75730000,140090000,34220000,2500000000,32,26,80,138
266730000,1233270000,32230000,931880000,35890000,2500000000,28,24,76,128
540120000,1150530000,43390000,657580000,108380000,2500000000,35,34,90,159
351710000,942120000,33960000,1144450000,27760000,2500000000,33,23,78,134
521550000,1484550000,128110000,330400000,35390000,2500000000,32,28,82,142
491790000,1602110000,137880000,218940000,49280000,2500000000,30,24,79,133
634110000,1666350000,106950000,45720000,46870000,2500000000,31,30,84,145
542570000,1675510000,46430000,216110000,19380000,2500000000,30,28,85,143
276920000,254530000,388250000,16300000,1536860000,2472860000,28,31,82,141
1251520000,417660000,20160000,307490000,503170000,2500000000,40,27,85,152
983580000,418360000,23910000,690520000,383630000,2500000000,43,29,85,157
1117860000,806570000,203730000,15730000,356110000,2500000000,34,24,75,133
1451260000,699010000,36030000,49150000,264550000,2500000000,41,29,87,157
1131530000,448860000,159160000,2860000,757590000,2500000000,33,24,83,140
685130000,1407390000,56800000,207620000,143060000,2500000000,40,17,78,135
1271600000,164910000,23110000,527460000,512920000,2500000000,40,24,77,141
499850000,1188240000,57170000,67540000,687200000,2500000000,29,32,90,151
675100000,949320000,119690000,102200000,653690000,2500000000,43,36,98,177
556010000,1516970000,67180000,314300000,45540000,2500000000,31,19,79,129
547050000,1647520000,67490000,216390000,21550000,2500000000,35,17,78,130
723070000,1268450000,18240000,410640000,79600000,2500000000,33,21,76,130
1471600000,361560000,13500000,420630000,232710000,2500000000,37,19,78,134
1011580000,532610000,33650000,866260000,55900000,2500000000,30,15,71,116
698740000,1029040000,40100000,641770000,90350000,2500000000,31,20,73,124
639620000,466590000,39420000,1269310000,85060000,2500000000,34,20,74,128
710520000,748850000,46150000,939470000,55010000,2500000000,29,21,75,125
1194440000,300530000,20890000,765100000,219040000,2500000000,34,22,78,134
1394060000,236240000,50750000,692640000,126310000,2500000000,34,17,75,126
791000000,502050000,28340000,1106700000,71910000,2500000000,34,18,76,128
661960000,214510000,25610000,1515870000,82050000,2500000000,33,20,71,124
322190000,1320190000,65460000,752790000,39370000,2500000000,29,25,85,139
461530000,856040000,39070000,1131090000,12270000,2500000000,35,29,83,147
466830000,915310000,43370000,1039710000,34780000,2500000000,30,26,84,140
347390000,690000000,76580000,1362340000,23690000,2500000000,34,29,84,147
1414640000,834220000,70200000,124300000,56640000,2500000000,32,30,91,153
750100000,1489740000,86050000,139320000,34790000,2500000000,30,28,76,134
704190000,1274380000,67600000,409770000,44060000,2500000000,32,26,92,150
427590000,1546770000,88970000,395500000,41170000,2500000000,30,24,76,130
24940000,420900000,42390000,420000,1873730000,2362380000,32,33,91,156
18690000,479480000,91860000,10330000,1621100000,2221460000,21,36,89,146
705660000,1168600000,89950000,104010000,431780000,2500000000,35,34,91,160
1151010000,648730000,86960000,126070000,487230000,2500000000,37,27,87,151
142980000,724790000,226220000,57250000,1348760000,2500000000,27,40,95,162
906950000,501840000,19270000,862020000,209920000,2500000000,37,21,81,139
930900000,436570000,19430000,791750000,321350000,2500000000,40,30,79,149
797000000,494210000,42610000,963380000,202800000,2500000000,37,23,82,142
1428620000,185730000,13450000,252300000,619900000,2500000000,42,24,78,144
598640000,1093220000,206800000,541540000,59800000,2500000000,37,25,85,147
1031490000,608620000,45770000,693360000,120760000,2500000000,37,26,81,144
841730000,414350000,91730000,1042670000,109520000,2500000000,37,28,91,156
1119000000,573430000,73330000,654070000,80170000,2500000000,36,21,82,139
512750000,629370000,65840000,1227050000,64990000,2500000000,31,24,90,145
341160000,940950000,85600000,1095580000,36710000,2500000000,33,24,88,145
535040000,418570000,57720000,1451820000,36850000,2500000000,33,23,88,144
365680000,389820000,78580000,1639390000,26530000,2500000000,29,22,75,126
764770000,1371370000,64280000,283860000,15720000,2500000000,32,26,88,146
822590000,805210000,57290000,758130000,56780000,2500000000,29,22,89,140
827590000,1166230000,38200000,444020000,23960000,2500000000,32,19,78,129
1132470000,213300000,22680000,1094530000,37020000,2500000000,32,19,82,133
684060000,1234460000,224890000,39350000,317240000,2500000000,30,29,85,144
74070000,1017520000,72590000,190010000,1145810000,2500000000,25,44,96,165
813500000,1239960000,131860000,46740000,267940000,2500000000,40,32,92,164
348420000,731130000,346330000,211230000,862890000,2500000000,25,34,89,148
1204550000,559560000,85860000,469740000,180290000,2500000000,39,19,90,148
974390000,878890000,108340000,226540000,311840000,2500000000,34,26,89,149
1121080000,861760000,77140000,254680000,185340000,2500000000,48,20,92,160
1113230000,867100000,22650000,116190000,380830000,2500000000,40,25,82,147
412460000,900200000,431210000,704660000,51470000,2500000000,32,29,89,150
844380000,824040000,240660000,491950000,98970000,2500000000,38,20,77,135
625400000,1261060000,270940000,192320000,150280000,2500000000,41,33,97,171
696810000,1372750000,110310000,296770000,23360000,2500000000,39,21,85,145
581700000,719750000,161210000,968450000,68890000,2500000000,32,28,89,149
668570000,822040000,116470000,855240000,37680000,2500000000,33,22,81,136
581990000,1267850000,92980000,514750000,42430000,2500000000,37,27,90,154
691320000,1033130000,103740000,568340000,103470000,2500000000,39,28,90,157
1069140000,1030120000,30820000,347070000,22850000,2500000000,30,19,83,132
788910000,781320000,69120000,821720000,38930000,2500000000,32,21,83,136
873450000,1160330000,58080000,379330000,28810000,2500000000,30,23,80,133
725310000,1288770000,198330000,214270000,73320000,2500000000,28,23,87,138
105270000,54640000,137570000,1680000,1873080000,2172240000,29,20,75,124
1088700000,811490000,50270000,136440000,413100000,2500000000,41,32,92,165
1177680000,717870000,153940000,12560000,437950000,2500000000,35,30,89,154
1182650000,266250000,43410000,556560000,451130000,2500000000,46,22,84,152
1122500000,545770000,15500000,226720000,589510000,2500000000,45,25,82,152
1084700000,780220000,152280000,348840000,133960000,2500000000,43,25,92,160
1118820000,598190000,217280000,375980000,189730000,2500000000,43,24,89,156
1320280000,404490000,65970000,602720000,106540000,2500000000,45,26,83,154
1096980000,599850000,253960000,404620000,144590000,2500000000,46,23,81,150
982430000,918280000,73340000,488010000,37940000,2500000000,32,25,82,139
1078720000,745450000,140470000,482890000,52470000,2500000000,37,22,81,140
403720000,1217580000,45710000,809180000,23810000,2500000000,30,26,76,132
397580000,1367530000,57240000,666650000,11000000,2500000000,30,26,75,131
345130000,1932740000,134290000,67820000,20020000,2500000000,30,26,74,130
254060000,2117850000,48020000,65890000,14180000,2500000000,28,24,73,125
357080000,1041620000,180830000,770260000,150210000,2500000000,30,39,90,159
412650000,969230000,58730000,1036340000,23050000,2500000000,29,24,71,124
581230000,1215880000,266780000,362990000,73120000,2500000000,30,27,80,137
527000000,1657840000,192490000,95500000,27170000,2500000000,28,23,71,122
63380000,713050000,58810000,121900000,1341740000,2298880000,19,23,66,108
292750000,1121130000,109200000,487080000,489840000,2500000000,28,31,80,139
335080000,1196660000,319490000,569570000,79200000,2500000000,29,32,79,140
125620000,283230000,104940000,327220000,1399900000,2240910000,28,37,78,143
111680000,935580000,157570000,123290000,1171880000,2500000000,27,32,83,142
53760000,2148770000,167920000,117950000,11600000,2500000000,29,32,76,137
80530000,1478900000,527730000,189210000,223630000,2500000000,25,30,77,132
45670000,899370000,71360000,85850000,1360460000,2462710000,29,40,84,153
9450000,335180000,33490000,40550000,2041640000,2460310000,18,27,59,104
162070000,2035810000,114800000,119750000,67570000,2500000000,31,38,83,152
49310000,721000000,33820000,14560000,1431070000,2249760000,28,34,80,142
112570000,2108030000,128760000,128070000,22570000,2500000000,31,40,84,155
588180000,1571210000,273850000,47590000,19170000,2500000000,28,25,74,127
436710000,1811520000,158480000,52280000,41010000,2500000000,31,24,80,135
798960000,1148650000,455160000,21150000,76080000,2500000000,32,25,83,140
430230000,1820940000,106660000,109270000,32900000,2500000000,32,26,80,138
351160000,1592880000,132310000,408620000,15030000,2500000000,27,25,70,122
638260000,1519500000,221770000,53720000,66750000,2500000000,30,27,85,142
141090000,828340000,104690000,227760000,1194210000,2496090000,32,41,96,169
298590000,1753850000,124660000,286330000,36570000,2500000000,29,29,81,139
107860000,1820420000,350300000,178710000,42710000,2500000000,25,26,75,126
145440000,2112010000,145130000,29840000,67580000,2500000000,24,29,79,132
55830000,802280000,101280000,116860000,1409700000,2485950000,30,36,87,153
63180000,2062850000,209250000,150180000,14540000,2500000000,25,33,80,138
19350000,414310000,58610000,129870000,1363660000,1985800000,18,30,75,123
402680000,1918660000,88820000,24470000,65370000,2500000000,29,26,77,132
636840000,1672470000,102500000,36150000,52040000,2500000000,33,28,90,151
232160000,2074300000,100880000,53060000,39600000,2500000000,30,28,77,135
785700000,1412910000,86920000,175160000,39310000,2500000000,29,25,81,135
738790000,1431280000,153690000,123340000,52900000,2500000000,31,34,85,150
547500000,1700210000,99310000,129980000,23000000,2500000000,27,20,68,115
317550000,1916500000,120880000,98020000,47050000,2500000000,31,33,85,149
485860000,1806370000,95820000,42370000,69580000,2500000000,30,29,83,142
201650000,1555510000,417560000,241950000,83330000,2500000000,30,31,81,142
140740000,2025420000,161340000,153640000,18860000,2500000000,24,26,80,130
375320000,1069370000,424690000,559900000,70720000,2500000000,31,26,73,130
476980000,939490000,113610000,955750000,14170000,2500000000,34,25,78,137
59620000,1336750000,361070000,203650000,538910000,2500000000,25,38,86,149
51250000,1557310000,709380000,156870000,25190000,2500000000,24,27,73,124
94560000,1310090000,553570000,113800000,427980000,2500000000,28,39,86,153
23970000,124570000,282460000,167470000,1595780000,2194250000,25,36,84,145
34030000,1203980000,202410000,97420000,962160000,2500000000,31,39,84,154
695660000,1363730000,72070000,213820000,154720000,2500000000,32,27,90,149
1118260000,1170420000,45240000,139430000,26650000,2500000000,29,23,78,130
985120000,1030260000,44620000,326470000,113530000,2500000000,32,23,82,137
882350000,826260000,61660000,700850000,28880000,2500000000,26,20,71,117
510540000,1246370000,43180000,609140000,90770000,2500000000,35,31,88,154
445990000,1624530000,68660000,206280000,154540000,2500000000,33,29,87,149
733190000,1028530000,107290000,580600000,50390000,2500000000,35,30,84,149
827950000,1089990000,56170000,414370000,111520000,2500000000,34,27,86,147
624160000,1186240000,443880000,201800000,43920000,2500000000,28,20,70,118
1369850000,394060000,138860000,547560000,49670000,2500000000,38,26,82,146
1131040000,677740000,189520000,464910000,36790000,2500000000,34,19,70,123
1172050000,697070000,114240000,483560000,33080000,2500000000,35,20,77,132
359000000,930410000,738630000,403740000,68220000,2500000000,27,32,77,136
491460000,1219960000,442530000,152090000,193960000,2500000000,31,37,85,153
237610000,1268880000,741420000,174470000,77620000,2500000000,35,30,81,146
37020000,398510000,545250000,1299040000,220180000,2500000000,30,37,87,154
209280000,1236130000,413440000,476700000,164450000,2500000000,31,40,91,162
699640000,533300000,332780000,707870000,226410000,2500000000,37,37,85,159
285040000,1334940000,396040000,403310000,80670000,2500000000,28,42,85,155
13320000,362980000,44950000,120440000,1958310000,2500000000,23,37,83,143
75610000,438160000,412780000,733360000,840090000,2500000000,30,38,86,154
35510000,126060000,120610000,1394570000,823250000,2500000000,27,35,86,148
245640000,908860000,148930000,318420000,878150000,2500000000,37,42,96,175
3500000,170320000,25610000,337790000,1961100000,2498320000,21,36,82,139
685710000,806860000,171950000,677830000,157650000,2500000000,33,27,82,142
967030000,633440000,67910000,797490000,34130000,2500000000,32,22,76,130
108460000,282770000,10450000,15240000,1965560000,2382480000,39,33,85,157
33000000,130950000,42750000,28940000,2192310000,2427950000,33,34,89,156
0,15670000,0,0,1463900000,1479570000,9,29,61,99
765180000,261830000,7860000,37540000,1427590000,2500000000,37,29,86,152
349260000,597940000,117150000,96270000,1339380000,2500000000,38,38,98,174
661800000,139270000,100880000,2200000,1595850000,2500000000,37,30,71,138
518910000,214960000,28710000,8910000,1728510000,2500000000,35,29,83,147
609790000,86350000,940000,9690000,1793230000,2500000000,34,28,73,135
1154460000,431960000,182640000,507380000,223560000,2500000000,44,22,80,146
698210000,270610000,74460000,4410000,1452310000,2500000000,35,27,72,134
193330000,88850000,5260000,4240000,2208320000,2500000000,38,31,87,156
554400000,127030000,9260000,440000,1808870000,2500000000,36,28,78,142
640000,19720000,550000,2260000,1739640000,1762810000,37,33,87,157
428420000,252430000,130960000,4470000,1683720000,2500000000,27,20,78,125
985620000,500350000,27600000,241130000,745300000,2500000000,44,32,85,161
1297450000,574060000,97640000,99390000,431460000,2500000000,36,29,79,144
403780000,91210000,11430000,592050000,1401530000,2500000000,42,22,73,137
885740000,441360000,36110000,421220000,715570000,2500000000,39,24,81,144
975480000,236230000,72140000,645120000,571030000,2500000000,39,17,70,126
1228220000,71980000,4480000,535770000,659550000,2500000000,43,21,77,141
802800000,214440000,307660000,154190000,1020910000,2500000000,37,22,86,145
1150230000,123590000,39300000,482890000,703990000,2500000000,42,21,77,140
68270000,37900000,133720000,11850000,1648080000,1899820000,24,16,64,104
811470000,34750000,28190000,678790000,946800000,2500000000,41,23,74,138
607580000,63370000,16370000,688110000,1124570000,2500000000,39,22,73,134
674390000,1239160000,271710000,181430000,133310000,2500000000,43,24,90,157
924310000,1016870000,69120000,276760000,212940000,2500000000,37,19,78,134
658470000,68480000,70830000,638230000,1063990000,2500000000,46,17,77,140
547130000,51070000,37770000,769260000,1094770000,2500000000,42,16,68,126
566490000,110760000,35600000,495670000,1291480000,2500000000,40,19,74,133
658250000,307660000,58580000,581940000,893570000,2500000000,44,22,85,151
648910000,1282890000,191460000,148290000,228450000,2500000000,49,30,95,174
979300000,219240000,168680000,479930000,652850000,2500000000,48,28,91,167
702720000,729960000,167500000,725070000,174750000,2500000000,46,24,84,154
730830000,166630000,111220000,705470000,785850000,2500000000,46,23,88,157
1213880000,658020000,197610000,386700000,43790000,2500000000,41,25,88,154
974330000,654020000,91540000,679530000,100580000,2500000000,44,25,87,156
836480000,1177890000,321130000,99290000,65210000,2500000000,42,26,89,157
966290000,993740000,239050000,228240000,72680000,2500000000,45,28,85,158
945450000,242290000,53140000,159340000,1099780000,2500000000,36,22,75,133
540690000,1794640000,107610000,44170000,12890000,2500000000,23,20,77,120
1071490000,1169080000,58510000,112840000,88080000,2500000000,27,20,80,127
208420000,2096040000,109450000,8300000,77790000,2500000000,26,28,82,136
935500000,470460000,114120000,78790000,901130000,2500000000,32,19,67,118
1063900000,86870000,38180000,396340000,914710000,2500000000,43,20,73,136
397640000,1747120000,148820000,80390000,126030000,2500000000,34,31,93,158
1136500000,491590000,503140000,46020000,322750000,2500000000,37,24,86,147
194110000,1986570000,247820000,7430000,64070000,2500000000,24,28,75,127
787970000,60590000,46720000,850550000,754170000,2500000000,42,18,73,133
662560000,70860000,43990000,477650000,1244940000,2500000000,43,19,78,140
413860000,11880000,24180000,769640000,1280440000,2500000000,40,17,69,126
1290410000,59780000,69790000,389520000,690500000,2500000000,41,18,82,141
1322210000,644120000,218350000,278410000,36910000,2500000000,43,23,81,147
802090000,1107680000,286630000,226320000,77280000,2500000000,45,23,82,150
833730000,1194070000,301570000,115830000,54800000,2500000000,37,25,80,142
718900000,642860000,317270000,453870000,367100000,2500000000,48,31,87,166
633040000,239710000,134950000,10020000,1439280000,2457000000,21,23,67,111
616460000,1637090000,73670000,31130000,141650000,2500000000,32,28,87,147
1559230000,279470000,42980000,110600000,507720000,2500000000,33,17,76,126
285200000,1986480000,119940000,2800000,105580000,2500000000,18,25,75,118
1590510000,654800000,21390000,61820000,171480000,2500000000,27,20,70,117
1053170000,552140000,469520000,179350000,245820000,2500000000,45,26,90,161
52900000,1770730000,573630000,69870000,32870000,2500000000,23,23,78,124
1277210000,399820000,208430000,283270000,331270000,2500000000,44,24,83,151
49690000,2154720000,255460000,18360000,21770000,2500000000,26,25,76,127
759180000,39900000,42400000,941510000,717010000,2500000000,41,17,72,130
1053810000,92010000,54550000,453220000,846410000,2500000000,41,21,83,145
479580000,2000000,23900000,729190000,1265330000,2500000000,36,17,64,117
789380000,105240000,30790000,455420000,1119170000,2500000000,40,15,72,127
485610000,1082000000,272580000,152800000,507010000,2500000000,39,30,83,152
909120000,226340000,167600000,946490000,250450000,2500000000,46,23,75,144
802060000,192800000,134710000,1283540000,86890000,2500000000,46,28,84,158
861340000,24890000,84550000,954720000,574500000,2500000000,45,20,68,133
494860000,538850000,40330000,37940000,1388020000,2500000000,19,23,67,109
1207500000,964320000,25190000,124280000,178710000,2500000000,22,19,63,104
394610000,1067080000,29860000,43750000,964700000,2500000000,19,26,74,119
1557750000,601810000,127200000,83360000,129880000,2500000000,26,26,80,132
569700000,1305830000,153040000,23180000,448250000,2500000000,22,26,73,121
1351520000,835750000,159920000,62960000,89850000,2500000000,30,20,70,120
886470000,1406740000,107920000,26070000,72800000,2500000000,18,23,72,113
114490000,2142240000,198840000,2340000,42090000,2500000000,20,31,77,128
803950000,1406940000,107440000,44660000,137010000,2500000000,32,19,72,123
35610000,2312270000,102360000,980000,48780000,2500000000,16,26,65,107
484980000,1650710000,202040000,44470000,117800000,2500000000,34,26,83,143
1449110000,232330000,62100000,261430000,495030000,2500000000,45,20,74,139
90820000,1850150000,246260000,67500000,245270000,2500000000,27,31,83,141
1405460000,492890000,132270000,310490000,158890000,2500000000,45,20,76,141
216260000,1934910000,253200000,31240000,64390000,2500000000,20,24,72,116
564340000,81130000,10870000,555430000,1288230000,2500000000,40,18,74,132
1084080000,204220000,41230000,538500000,631970000,2500000000,40,16,73,129
1522080000,409200000,102550000,162170000,304000000,2500000000,40,19,75,134
935430000,158390000,75930000,983170000,347080000,2500000000,46,24,75,145
837530000,27260000,57730000,684210000,893270000,2500000000,38,12,55,105
1238390000,101830000,74880000,541750000,543150000,2500000000,46,25,80,151
852720000,69940000,103130000,584380000,889830000,2500000000,41,17,63,121
200090000,888320000,30830000,78760000,1217160000,2415160000,19,19,66,104
561490000,1606090000,47940000,114640000,169840000,2500000000,21,22,74,117
682090000,1413310000,20150000,160580000,223870000,2500000000,19,22,67,108
1472740000,819490000,29770000,41280000,136720000,2500000000,28,16,68,112
1292030000,918490000,68790000,61690000,159000000,2500000000,26,17,72,115
11460000,2318450000,119960000,1040000,49090000,2500000000,13,20,57,90
72590000,2212650000,94010000,25100000,95650000,2500000000,25,32,83,140
807140000,1238870000,211170000,182540000,60280000,2500000000,42,26,82,150
104700000,2081430000,283030000,1330000,29510000,2500000000,17,14,59,90
1172300000,82050000,28490000,482010000,735150000,2500000000,42,16,76,134
1371270000,265140000,49900000,259120000,554570000,2500000000,45,21,82,148
1475620000,42920000,106270000,704790000,170400000,2500000000,43,17,69,129
703450000,14270000,30940000,806990000,944350000,2500000000,42,15,62,119
1035150000,343460000,83610000,963090000,74690000,2500000000,35,20,71,126
898490000,973760000,148960000,443640000,35150000,2500000000,35,20,74,129
1120720000,1023250000,163270000,148500000,44260000,2500000000,37,24,69,130
1169780000,838360000,95180000,337090000,59590000,2500000000,35,19,67,121
255060000,1471790000,557680000,126600000,88870000,2500000000,31,29,77,137
630120000,1133510000,315970000,283680000,136720000,2500000000,36,27,75,138
659260000,693590000,640300000,458560000,48290000,2500000000,33,19,66,118
768660000,735560000,525830000,418820000,51130000,2500000000,35,23,70,128
213850000,1154890000,180540000,920040000,30680000,2500000000,36,36,85,157
260290000,1301050000,318230000,516890000,103540000,2500000000,29,33,80,142
244690000,1860950000,222810000,157080000,14470000,2500000000,30,29,74,133
374290000,1137200000,779450000,151800000,57260000,2500000000,28,26,69,123
256100000,713140000,175430000,1231960000,123370000,2500000000,35,33,87,155
205380000,617290000,190180000,1379870000,107280000,2500000000,32,37,87,156
146680000,1822910000,176630000,297190000,56590000,2500000000,33,36,83,152
336700000,1754690000,130670000,161110000,116830000,2500000000,31,33,81,145
14340000,442000000,56970000,567130000,1419560000,2500000000,25,37,82,144
21410000,684620000,134940000,698440000,960590000,2500000000,28,40,78,146
979240000,809170000,108230000,542800000,60560000,2500000000,35,26,86,147
1468660000,434310000,127410000,413410000,56210000,2500000000,39,20,77,136
1346700000,775110000,151160000,180140000,46890000,2500000000,39,28,83,150
1054230000,1030350000,193480000,156420000,65520000,2500000000,43,31,87,161
751020000,1047250000,245400000,379030000,77300000,2500000000,38,27,82,147
458810000,1247540000,176960000,554250000,62440000,2500000000,33,29,87,149
845030000,967420000,296750000,370950000,19850000,2500000000,33,22,73,128
975840000,835210000,166120000,492340000,30490000,2500000000,33,27,83,143
1105220000,909850000,177790000,273790000,33350000,2500000000,37,24,74,135
622670000,1521290000,228660000,60950000,66430000,2500000000,35,25,80,140
841310000,1085870000,365060000,192850000,14910000,2500000000,38,30,77,145
778450000,1093490000,417020000,148890000,62150000,2500000000,36,28,79,143
1432060000,515910000,226820000,295960000,29250000,2500000000,32,20,69,121
1233960000,308930000,255550000,670320000,31240000,2500000000,34,18,67,119
1270860000,760970000,97370000,340880000,29920000,2500000000,36,18,64,118
1109370000,798120000,191330000,384900000,16280000,2500000000,36,22,68,126
293310000,1884650000,246410000,63310000,12320000,2500000000,31,29,77,137
244440000,1787000000,278920000,164930000,24710000,2500000000,33,24,73,130
339810000,1667660000,401990000,70960000,19580000,2500000000,36,30,77,143
648670000,1368260000,197700000,244580000,40790000,2500000000,37,27,75,139
230750000,1513510000,175470000,475670000,104600000,2500000000,32,34,79,145
286230000,2028670000,77480000,86600000,21020000,2500000000,29,30,77,136
206640000,1233890000,321410000,696660000,41400000,2500000000,32,37,79,148
169820000,1838430000,78100000,252440000,161210000,2500000000,30,39,76,145
112550000,521400000,150580000,1358980000,356490000,2500000000,31,38,79,148
23150000,294870000,50330000,280890000,1850760000,2500000000,28,38,80,146
158280000,399440000,141050000,1400530000,400700000,2500000000,31,40,88,159
29990000,659080000,59810000,335470000,1415650000,2500000000,35,41,84,160
33090000,4960000,17870000,14990000,1436380000,1507290000,19,32,57,108
174560000,1808910000,82210000,53170000,381150000,2500000000,32,38,79,149
29450000,961180000,71190000,76520000,1361660000,2500000000,36,41,84,161
967660000,934000000,283110000,163270000,151960000,2500000000,41,34,83,158
1346090000,539680000,141320000,457410000,15500000,2500000000,42,22,71,135
1169920000,912170000,173060000,174550000,70300000,2500000000,40,17,60,117
1057760000,815930000,192730000,417430000,16150000,2500000000,39,22,68,129
1275230000,919680000,190310000,103220000,11560000,2500000000,31,21,73,125
1094300000,976420000,222990000,118270000,88020000,2500000000,36,27,84,147
857340000,990300000,453830000,134840000,63690000,2500000000,38,28,85,151
904080000,1080010000,321500000,105660000,88750000,2500000000,35,21,74,130
1191280000,631000000,115550000,525530000,36640000,2500000000,39,21,72,132
1378510000,766010000,180380000,125110000,49990000,2500000000,40,25,77,142
1063980000,992740000,86980000,339000000,17300000,2500000000,38,21,74,133
541680000,1691070000,189640000,49710000,27900000,2500000000,39,25,85,149
947420000,1151850000,219070000,156020000,25640000,2500000000,36,18,66,120
1064460000,869980000,98980000,450570000,16010000,2500000000,31,18,62,111
966000000,1278350000,102620000,142820000,10210000,2500000000,41,24,74,139
983990000,908950000,138780000,451630000,16650000,2500000000,41,26,77,144
746580000,1463550000,198490000,76520000,14860000,2500000000,36,25,70,131
977570000,1213720000,107670000,190170000,10870000,2500000000,36,22,75,133
520090000,1597020000,270080000,80890000,31920000,2500000000,39,36,79,154
887370000,1267930000,172500000,144540000,27660000,2500000000,42,27,74,143
413780000,1277330000,137630000,627200000,44060000,2500000000,33,34,77,144
479550000,1432540000,205680000,271080000,111150000,2500000000,36,36,83,155
1177440000,895180000,95970000,159780000,171630000,2500000000,36,30,77,143
835050000,1134070000,240130000,220880000,69870000,2500000000,36,32,82,150
142940000,942050000,128840000,1110380000,175790000,2500000000,34,38,84,156
219810000,1118490000,154810000,909000000,97880000,2499990000,32,42,85,159
287800000,1417270000,169650000,549360000,75920000,2500000000,38,35,81,154
438130000,1034210000,652690000,291340000,83630000,2500000000,38,41,91,170
132260000,1432780000,115770000,573650000,245540000,2500000000,37,35,81,153
141430000,694400000,125500000,1402560000,136110000,2500000000,30,32,77,139
28540000,538160000,39030000,28480000,1865790000,2500000000,35,35,80,150
158360000,1146350000,152880000,269550000,772860000,2500000000,37,37,84,158
194500000,1885860000,154530000,29930000,235180000,2500000000,32,32,73,137
49460000,1721830000,113110000,19280000,596320000,2500000000,30,32,76,138
63860000,781160000,57560000,9940000,1587480000,2500000000,30,34,75,139
881520000,1019990000,324560000,257820000,16110000,2500000000,36,18,66,120
902030000,1108710000,112240000,335470000,41550000,2500000000,36,22,75,133
755640000,1285760000,226500000,183510000,48590000,2500000000,38,27,75,140
643510000,907530000,155250000,712980000,80730000,2500000000,37,26,71,134
919680000,1310580000,122630000,112570000,34540000,2500000000,34,18,63,115
752510000,1198790000,373760000,144540000,30400000,2500000000,30,19,67,116
513570000,1784010000,56640000,132310000,13470000,2500000000,31,23,75,129
851290000,995160000,151350000,462670000,39530000,2500000000,34,20,72,126
950030000,1235890000,93980000,207560000,12540000,2500000000,41,24,78,143
980960000,1258630000,122380000,115200000,22830000,2500000000,38,31,82,151
1076710000,1035460000,99890000,263030000,24910000,2500000000,40,24,73,137
1016560000,1022850000,80010000,327180000,53400000,2500000000,36,27,82,145
389080000,1868290000,159290000,57550000,25790000,2500000000,35,29,77,141
1171940000,879710000,223490000,213780000,11080000,2500000000,43,25,79,147
309900000,1938340000,161700000,40920000,49140000,2500000000,36,31,74,141
1046930000,1165400000,140740000,120400000,26530000,2500000000,40,23,76,139
372180000,1780540000,211270000,98400000,37610000,2500000000,35,35,80,150
1331540000,883590000,135000000,103150000,46720000,2500000000,44,23,81,148
234180000,1852650000,253970000,106370000,52830000,2500000000,37,32,83,152
232550000,1994020000,205530000,30450000,37450000,2500000000,40,34,90,164
752360000,1461770000,73080000,199370000,13420000,2500000000,38,36,81,155
646420000,1391810000,134230000,303840000,23700000,2500000000,39,36,90,165
663810000,1255600000,72370000,465000000,43220000,2500000000,38,38,87,163
676350000,1258740000,96880000,381320000,86710000,2500000000,38,34,89,161
191790000,1416260000,165320000,156030000,570600000,2500000000,37,35,83,155
619570000,1375910000,83660000,368550000,52310000,2500000000,40,37,90,167
309510000,1456060000,96980000,203410000,434040000,2500000000,38,41,94,173
665640000,1283240000,118220000,367340000,65560000,2500000000,28,29,76,133
85290000,764910000,45340000,74160000,1530300000,2500000000,36,35,83,154
12250000,80870000,9900000,18110000,2378870000,2500000000,27,27,67,121
644390000,1376570000,220280000,195930000,62830000,2500000000,35,28,83,146
621630000,779030000,147700000,908380000,43260000,2500000000,39,23,76,138
507150000,1691080000,127640000,160600000,13530000,2500000000,34,28,73,135
733990000,739820000,454120000,378650000,193420000,2500000000,39,29,82,150
696440000,1340210000,218520000,217570000,27260000,2500000000,38,22,76,136
708500000,1321960000,94620000,327100000,47820000,2500000000,41,31,81,153
1076330000,1006730000,129630000,270680000,16630000,2500000000,36,24,81,141
860230000,1379490000,128600000,109150000,22530000,2500000000,41,31,84,156
413070000,1822890000,141130000,112730000,10180000,2500000000,37,27,77,141
722130000,831580000,147670000,697450000,101170000,2500000000,38,26,77,141
1268330000,118920000,9750000,210000,1102790000,2500000000,42,29,77,148
313450000,63830000,13440000,0,1723880000,2114600000,38,36,86,160
211710000,25770000,5800000,590000,2256130000,2500000000,33,22,65,120
265740000,30500000,4160000,300000,2199300000,2500000000,30,27,62,119
385040000,19000000,4910000,0,2091050000,2500000000,32,22,64,118
607490000,70410000,6000000,0,1816100000,2500000000,33,21,68,122
672600000,110440000,11810000,970000,1704180000,2500000000,34,27,65,126
720630000,129260000,7550000,0,1642560000,2500000000,34,24,65,123
43040000,85050000,2410000,0,2175410000,2305910000,27,31,67,125
655260000,146810000,46560000,1530000,1649840000,2500000000,36,33,77,146
9210000,68240000,22080000,18980000,1394190000,1512700000,15,33,58,106
111180000,1462330000,76420000,22190000,827880000,2500000000,26,40,76,142
241270000,1854450000,89760000,2660000,311860000,2500000000,29,36,71,136
2011630000,135500000,19430000,0,333440000,2500000000,40,24,76,140
575250000,52410000,54360000,0,1582760000,2264780000,38,32,80,150
1438550000,116900000,50070000,0,894480000,2500000000,38,29,80,147
38960000,5160000,840000,0,1053990000,1098950000,28,18,54,100
1149330000,35780000,3400000,0,1311490000,2500000000,40,23,71,134
1088300000,23810000,3500000,0,1384390000,2500000000,38,23,68,129
1731270000,57200000,3050000,0,708480000,2500000000,39,21,65,125
2032020000,28910000,3470000,0,435600000,2500000000,37,23,65,125
572300000,21830000,8830000,0,1897040000,2500000000,37,27,67,131
1169340000,51710000,12210000,0,1266740000,2500000000,40,24,72,136
585020000,46890000,6020000,270000,1861800000,2500000000,31,22,60,113
412060000,82080000,12420000,0,1993440000,2500000000,38,27,74,139
1110360000,127600000,28770000,3900000,1229370000,2500000000,38,27,74,139
433660000,98060000,2370000,1810000,1964100000,2500000000,39,29,76,144
690410000,271270000,26320000,0,1512000000,2500000000,39,36,75,150
619180000,99070000,7800000,450000,1773500000,2500000000,36,28,69,133
810170000,146080000,5240000,300000,1538210000,2500000000,40,32,74,146
273170000,50900000,6070000,0,2169860000,2500000000,36,28,70,134
549150000,95740000,1130000,0,1853980000,2500000000,37,31,71,139
159940000,1805690000,94460000,125260000,314650000,2500000000,29,29,70,128
449800000,1680670000,113390000,19710000,236430000,2500000000,32,28,66,126
218090000,1363860000,92120000,21600000,804330000,2500000000,28,33,71,132
184510000,1380580000,196490000,27300000,711120000,2500000000,30,31,76,137
110990000,1194890000,69360000,53160000,1071600000,2500000000,22,41,81,144
102910000,1316530000,139140000,31920000,909500000,2500000000,23,34,77,134
24990000,910000,220000,0,1034170000,1060290000,13,13,38,64
1855630000,221910000,65200000,2170000,355090000,2500000000,44,31,82,157
1176130000,61870000,35920000,0,1213890000,2487810000,40,33,77,150
785700000,554830000,140310000,0,1019160000,2500000000,40,38,92,170
82740000,71320000,33180000,0,1674400000,1861640000,30,27,69,126
1706260000,95650000,12690000,440000,684960000,2500000000,40,25,69,134
1877630000,176150000,36970000,0,409250000,2500000000,43,30,80,153
1578250000,329080000,35390000,0,557280000,2500000000,41,31,75,147
1312090000,385010000,269280000,420000,533200000,2500000000,41,30,79,150
1053120000,138540000,15890000,0,1292450000,2500000000,38,27,75,140
1535340000,94140000,10520000,0,860000000,2500000000,38,22,74,134
1293550000,361330000,49000000,2870000,793250000,2500000000,43,27,82,152
1399750000,360550000,28650000,960000,710090000,2500000000,43,27,83,153
566170000,115730000,7470000,1000000,1809630000,2500000000,38,32,78,148
1141650000,137060000,10710000,1750000,1208830000,2500000000,41,32,82,155
1085970000,116910000,17770000,870000,1278480000,2500000000,42,31,84,157
650890000,153010000,4490000,0,1691610000,2500000000,39,28,73,140
372150000,86710000,6440000,610000,2034090000,2500000000,33,26,65,124
755270000,150440000,3710000,0,1590580000,2500000000,33,22,64,119
716500000,99690000,2980000,0,1680830000,2500000000,34,26,67,127
168180000,182210000,8520000,0,2141090000,2500000000,23,30,63,116
881070000,236120000,10590000,0,1372220000,2500000000,40,33,71,144
784490000,196080000,3140000,0,1516290000,2500000000,37,26,69,132
731730000,375600000,90160000,0,1302510000,2500000000,40,29,73,142
47840000,221750000,17720000,5790000,1931130000,2224230000,25,25,70,120
55250000,212250000,26660000,6760000,2162790000,2463710000,28,31,72,131
1129600000,408510000,70330000,23050000,868510000,2500000000,41,38,86,165
496090000,269210000,92330000,42220000,1586980000,2486830000,40,35,84,159
1362860000,600150000,125060000,0,411930000,2500000000,39,38,89,166
911910000,197120000,21940000,13230000,1355800000,2500000000,36,30,78,144
1881600000,148060000,8850000,2000000,459490000,2500000000,33,26,72,131
1774540000,329790000,18640000,3890000,373140000,2500000000,39,23,68,130
1380440000,704200000,75060000,1020000,339280000,2500000000,41,27,74,142
1553380000,572680000,57420000,0,316520000,2500000000,39,36,81,156
1489450000,115140000,20680000,1350000,873380000,2500000000,36,30,79,145
1362850000,404240000,31260000,0,701650000,2500000000,42,30,85,157
985140000,39260000,1030000,0,1474570000,2500000000,37,27,65,129
1493380000,29810000,7670000,0,969140000,2500000000,37,23,68,128
547770000,93740000,1070000,0,1857420000,2500000000,32,28,66,126
956190000,115510000,7310000,0,1420990000,2500000000,34,25,66,125
579040000,488130000,19080000,0,1413750000,2500000000,39,35,78,152
587990000,146840000,5650000,420000,1759100000,2500000000,38,28,66,132
53310000,14980000,0,0,2377420000,2445710000,12,19,45,76
443900000,49290000,0,0,2006810000,2500000000,28,24,63,115
722750000,184070000,10140000,0,1583040000,2500000000,33,26,75,134
1052420000,233750000,10680000,0,1203150000,2500000000,38,24,62,124
242230000,53230000,0,0,2204540000,2500000000,25,23,65,113
338740000,430840000,34990000,114850000,1579310000,2498730000,21,16,50,87
558710000,338280000,25200000,53330000,1358280000,2333800000,17,12,44,73
264100000,252860000,12800000,32800000,1673200000,2235760000,25,18,64,107
1064400000,429150000,26720000,225000000,754730000,2500000000,24,20,61,105
794990000,809590000,42540000,17510000,835370000,2500000000,21,15,58,94
833900000,1211450000,55220000,50870000,348560000,2500000000,29,22,60,111
1350550000,836960000,78890000,65400000,168200000,2500000000,29,16,66,111
191690000,1072380000,43070000,25520000,1167340000,2500000000,26,16,53,95
451330000,1775850000,99800000,33700000,139320000,2500000000,24,21,71,116
68380000,733310000,371070000,9480000,1276850000,2459090000,18,21,72,111
666930000,1424240000,115030000,15230000,278570000,2500000000,23,16,71,110
704870000,1613740000,49900000,20830000,110660000,2500000000,23,19,71,113
480060000,1582430000,111700000,35010000,290800000,2500000000,24,20,74,118
1221240000,879470000,34400000,152900000,211990000,2500000000,26,18,66,110
18720000,346510000,20830000,0,1914720000,2300780000,15,33,75,123
36890000,1217400000,81260000,0,1164450000,2500000000,16,32,83,131
344090000,1809060000,256460000,36310000,54080000,2500000000,45,26,87,158
6000000,1147850000,222120000,1460000,1122570000,2500000000,11,27,70,108
73940000,767340000,74190000,15000000,1484120000,2414590000,20,19,65,104
326580000,748190000,48010000,34060000,1343160000,2500000000,18,20,60,98
1122880000,994850000,54180000,104060000,224030000,2500000000,30,23,84,137
573730000,1505110000,183460000,60440000,177260000,2500000000,30,23,73,126
613740000,699040000,55610000,704440000,427170000,2500000000,34,22,68,124
990120000,980020000,78320000,214130000,237410000,2500000000,34,25,78,137
899910000,1175470000,63950000,206890000,153780000,2500000000,24,23,69,116
1185460000,792410000,51420000,264270000,206440000,2500000000,31,23,80,134
318660000,1831790000,75440000,99460000,174650000,2500000000,21,16,68,105
1126370000,693520000,35980000,366780000,277350000,2500000000,32,20,72,124
45470000,733090000,98310000,1970000,1402900000,2281740000,19,18,65,102
642320000,1508500000,62780000,90040000,196360000,2500000000,25,26,77,128
32410000,2080950000,226990000,9940000,149710000,2500000000,20,33,86,139
269080000,1125000000,177500000,10530000,917890000,2500000000,38,31,94,163
163320000,294860000,35750000,5160000,1665400000,2164490000,23,25,74,122
1384340000,61130000,39740000,554310000,460480000,2500000000,38,14,60,112
1326560000,528250000,71180000,171290000,402720000,2500000000,44,22,72,138
1556350000,133570000,64460000,464090000,281530000,2500000000,38,18,68,124
1320670000,561140000,111630000,116050000,390510000,2500000000,41,24,77,142
1435280000,27850000,93900000,589640000,353330000,2500000000,40,21,73,134
790910000,18640000,37520000,893980000,758950000,2500000000,36,18,69,123
1440540000,15140000,97950000,460920000,485450000,2500000000,44,20,71,135
1029010000,7900000,59820000,765940000,637330000,2500000000,36,14,55,105
47090000,221370000,30710000,11240000,1863440000,2173850000,17,14,46,77
742610000,1296450000,75640000,141040000,244260000,2500000000,26,24,74,124
782390000,1180500000,275950000,61430000,199730000,2500000000,26,20,64,110
475190000,1434510000,78970000,168860000,342470000,2500000000,34,27,83,144
1189600000,525870000,20720000,407400000,356410000,2500000000,37,26,83,146
52710000,720500000,36260000,9830000,1464020000,2283320000,16,16,60,92
444480000,1770640000,24130000,56590000,204160000,2500000000,21,21,70,112
11790000,182630000,23750000,0,1332290000,1550460000,13,8,47,68
57420000,899590000,79170000,0,1271210000,2307390000,24,17,66,107
388400000,131720000,28800000,177790000,1773290000,2500000000,35,22,67,124
1580920000,483830000,75710000,171240000,188300000,2500000000,42,26,90,158
1369790000,540300000,41880000,162420000,385610000,2500000000,36,25,88,149
1647020000,496550000,61560000,236040000,58830000,2500000000,41,31,95,167
1817530000,71630000,75580000,96460000,438800000,2500000000,45,22,80,147
1484560000,336610000,141510000,351700000,185620000,2500000000,43,21,76,140
1661640000,321400000,37740000,138140000,341080000,2500000000,45,23,75,143
1396820000,644850000,81860000,314180000,62290000,2500000000,41,22,77,140
1599750000,477510000,92590000,169770000,160380000,2500000000,43,21,77,141
1467270000,20930000,48490000,300890000,662420000,2500000000,41,20,68,129
1342730000,58450000,26240000,729260000,343320000,2500000000,37,16,61,114
1828320000,6700000,34730000,296690000,333560000,2500000000,40,18,68,126
1582320000,216890000,66410000,472980000,161400000,2500000000,37,22,64,123
961620000,1077960000,43970000,201220000,215230000,2500000000,33,23,74,130
1135760000,877040000,33800000,208700000,244700000,2500000000,27,21,77,125
224830000,2106940000,41260000,65640000,61330000,2500000000,20,20,63,103
782150000,1364950000,37470000,165450000,149980000,2500000000,29,24,78,131
7720000,2010190000,44560000,36580000,400950000,2500000000,7,24,58,89
403880000,1936990000,33300000,64970000,60860000,2500000000,20,22,68,110
51410000,1741410000,27170000,86980000,593030000,2500000000,22,23,78,123
426820000,582430000,29660000,226070000,1235020000,2500000000,28,32,87,147
121000000,458690000,122790000,198440000,1599080000,2500000000,18,26,78,122
433000000,551640000,24110000,670300000,820950000,2500000000,26,25,70,121
1663290000,283000000,10420000,224710000,318580000,2500000000,32,16,60,108
1378660000,910360000,39410000,110220000,61350000,2500000000,36,20,75,131
1462770000,623880000,38960000,109190000,265200000,2500000000,34,22,78,134
715600000,1149360000,266300000,201790000,166950000,2500000000,35,24,83,142
1019260000,949540000,19470000,190080000,321650000,2500000000,21,18,70,109
1384560000,661670000,109170000,279190000,65410000,2500000000,38,19,77,134
1260210000,908490000,71560000,239940000,19800000,2500000000,36,22,81,139
795630000,1507300000,103860000,69560000,23650000,2500000000,34,27,90,151
835040000,1272270000,58080000,192930000,141680000,2500000000,35,30,95,160
1906750000,42220000,59600000,232370000,259060000,2500000000,41,18,68,127
1500950000,373980000,226090000,380630000,18350000,2500000000,40,18,66,124
1529900000,520150000,132710000,244960000,72280000,2500000000,40,20,65,125
997770000,1292530000,135020000,69100000,5580000,2500000000,40,21,81,142
386210000,1733650000,25860000,50320000,303960000,2500000000,19,19,62,100
67380000,810720000,84170000,40150000,1482220000,2484640000,15,20,53,88
152490000,1969450000,50330000,298280000,29450000,2500000000,13,18,50,81
189410000,1900740000,83310000,35920000,290620000,2500000000,11,18,41,70
445680000,289630000,25740000,57320000,1681630000,2500000000,20,19,51,90
634780000,448820000,80410000,289910000,1046080000,2500000000,22,22,78,122
1079590000,1087590000,24120000,202500000,106200000,2500000000,22,22,65,109
1629980000,328970000,6990000,425790000,108270000,2500000000,21,15,48,84
893110000,1476290000,36760000,31870000,61970000,2500000000,27,24,77,128
691840000,1386110000,58820000,120880000,242350000,2500000000,27,20,67,114
798000000,1039400000,71680000,211720000,379200000,2500000000,30,25,75,130
891540000,1242970000,60520000,149730000,155240000,2500000000,36,26,88,150
1152230000,919150000,41310000,161100000,226210000,2500000000,31,26,81,138
1026270000,1097670000,107340000,177010000,91710000,2500000000,33,25,86,144
641340000,1366070000,118780000,174700000,199110000,2500000000,29,20,77,126
620770000,1009200000,125320000,323200000,421510000,2500000000,28,32,94,154
889520000,1256440000,76780000,114580000,162680000,2500000000,31,23,80,134
630480000,1345450000,145090000,131410000,247570000,2500000000,36,38,92,166
735330000,1485160000,130030000,96380000,53100000,2500000000,33,21,74,128
307740000,1714920000,162720000,197450000,117170000,2500000000,25,28,78,131
639070000,1398610000,116460000,224670000,121190000,2500000000,25,23,69,117
560870000,1416850000,206130000,164120000,152030000,2500000000,37,36,85,158
327360000,600320000,40070000,150720000,1381530000,2500000000,30,20,73,123
955290000,320260000,29090000,328540000,866820000,2500000000,31,24,64,119
805290000,1455850000,17000000,159570000,62290000,2500000000,21,21,71,113
1476570000,564260000,19710000,344800000,94660000,2500000000,27,13,48,88
668050000,1506210000,43210000,124720000,157810000,2500000000,24,22,73,119
1101400000,1090920000,53960000,70790000,182930000,2500000000,31,24,76,131
429420000,1624920000,107260000,68770000,269630000,2500000000,26,30,84,140
770370000,1301200000,146210000,152170000,130050000,2500000000,27,25,80,132
400910000,1755300000,161380000,76410000,106000000,2500000000,30,33,92,155
740630000,962160000,150550000,328210000,318450000,2500000000,31,32,87,150
287830000,451000000,75510000,166490000,1519170000,2500000000,37,36,80,153
238330000,1041340000,67400000,245960000,906970000,2500000000,39,40,92,171
78040000,1141280000,241150000,68090000,971440000,2500000000,33,40,80,153
2500000,347710000,41620000,15630000,1695820000,2103280000,31,34,78,143
462810000,1839250000,67200000,118740000,12000000,2500000000,34,23,74,131
630830000,1011090000,116300000,602030000,139750000,2500000000,37,26,82,145
551650000,1623700000,99990000,184220000,40440000,2500000000,34,27,78,139
802430000,709150000,128100000,792530000,67790000,2500000000,36,23,77,136
1096310000,1015470000,71040000,281310000,35870000,2500000000,41,31,87,159
647160000,1515040000,107890000,198530000,31380000,2500000000,39,30,83,152
820950000,1173220000,73590000,409300000,22940000,2500000000,43,29,93,165
1529540000,216080000,62570000,582770000,109040000,2500000000,42,28,89,159
1233960000,607760000,147350000,362000000,148930000,2500000000,42,29,84,155
1105570000,870890000,82920000,383000000,57620000,2500000000,43,30,86,159
684710000,972890000,94040000,397410000,350950000,2500000000,42,31,87,160
917230000,1281200000,125200000,139850000,36520000,2500000000,40,29,91,160
421060000,1669120000,305900000,71110000,32810000,2500000000,40,26,80,146
270660000,1960760000,167000000,46030000,55550000,2500000000,36,27,80,143
685850000,1216160000,240860000,222830000,134300000,2500000000,39,25,78,142
1048590000,1083770000,104110000,203830000,59700000,2500000000,35,28,84,147
960260000,1035590000,138960000,247520000,117670000,2500000000,36,32,78,146
798090000,1330970000,106470000,206390000,58080000,2500000000,33,31,77,141
1135490000,833530000,86490000,323580000,120910000,2500000000,39,32,83,154
577550000,802270000,762100000,233010000,125070000,2500000000,38,33,89,160
367360000,1532350000,133540000,405570000,61180000,2500000000,36,32,82,150
623710000,1281760000,68480000,245190000,280860000,2500000000,39,34,90,163
323810000,1627330000,97510000,395660000,55690000,2500000000,35,36,86,157
780930000,1225410000,84770000,242330000,166560000,2500000000,35,32,82,149
89860000,122690000,21440000,52460000,2022750000,2309200000,35,34,80,149
424040000,838960000,46470000,105050000,1085480000,2500000000,40,38,87,165
17340000,402440000,26730000,23590000,1371580000,1841680000,30,30,69,129
984990000,847490000,103080000,496460000,67980000,2500000000,39,19,67,125
579430000,1431470000,226210000,229990000,32900000,2500000000,42,22,73,137
1233250000,908710000,61390000,282450000,14200000,2500000000,40,22,75,137
877040000,1055840000,138470000,387220000,41430000,2500000000,42,20,74,136
748530000,1358980000,82550000,232340000,77600000,2500000000,42,32,88,162
1159600000,675490000,39410000,492360000,133140000,2500000000,45,32,94,171
721890000,1501070000,90720000,159340000,26980000,2500000000,40,31,89,160
952120000,1071670000,121300000,226230000,128680000,2500000000,45,35,102,182
401740000,1808710000,177170000,39070000,73310000,2500000000,39,30,89,158
1131070000,1028600000,151340000,138510000,50480000,2500000000,40,27,85,152
514880000,1659470000,232530000,33570000,59550000,2500000000,38,29,83,150
686550000,1364310000,326320000,80950000,41870000,2500000000,39,28,89,156
759730000,1253020000,300100000,98150000,89000000,2500000000,41,30,83,154
975520000,826410000,202890000,337310000,157870000,2500000000,41,29,90,160
713860000,1272320000,151230000,142520000,220070000,2500000000,41,34,89,164
1044210000,792180000,168560000,392920000,102130000,2500000000,40,30,89,159
1245900000,768780000,136400000,228350000,120570000,2500000000,37,35,86,158
844830000,1011590000,166410000,201210000,275960000,2500000000,38,30,76,144
1417930000,728060000,101230000,144870000,107910000,2500000000,35,35,78,148
1166060000,742350000,156950000,177700000,256940000,2500000000,36,33,88,157
954360000,1083980000,102410000,236810000,122440000,2500000000,39,33,90,162
902660000,1085680000,349530000,102040000,60090000,2500000000,37,35,84,156
707290000,1409890000,57360000,236190000,89270000,2500000000,38,40,95,173
771820000,1320860000,70490000,299910000,36920000,2500000000,37,40,98,175
396810000,798920000,77110000,389590000,837570000,2500000000,33,36,82,151
470720000,1504650000,78370000,380160000,66100000,2500000000,37,34,92,163
481450000,414930000,32600000,237280000,1333740000,2500000000,40,43,93,176
940360000,802930000,146790000,382650000,227270000,2500000000,38,41,96,175
26910000,48260000,18610000,24240000,1262500000,1380520000,31,31,77,139
303340000,547180000,50950000,113160000,1273390000,2288020000,39,34,88,161
1175990000,1144690000,74990000,86610000,17720000,2500000000,40,23,77,140
1219550000,875910000,96130000,287930000,20480000,2500000000,42,19,74,135
508650000,1785710000,173250000,1190000,31200000,2500000000,34,22,81,137
1347340000,594400000,331510000,212150000,14600000,2500000000,40,24,77,141
744350000,1508520000,91670000,137380000,18080000,2500000000,38,28,83,149
846560000,1434700000,77620000,106950000,34170000,2500000000,42,29,89,160
778450000,1453120000,102580000,134790000,31060000,2500000000,36,29,81,146
645430000,1686730000,114130000,9540000,44170000,2500000000,37,28,93,158
552820000,1673560000,141960000,108290000,23370000,2500000000,39,32,89,160
625080000,1659810000,133670000,42290000,39150000,2500000000,40,32,90,162
736290000,1346200000,185260000,191540000,40710000,2500000000,43,32,98,173
649810000,1464810000,164710000,174420000,46250000,2500000000,41,33,91,165
1085010000,1115300000,100370000,96660000,102660000,2500000000,39,28,85,152
905390000,842290000,144710000,305430000,302180000,2500000000,41,29,90,160
606260000,1598190000,137560000,111190000,46800000,2500000000,37,33,89,159
913200000,1129700000,135220000,252830000,69050000,2500000000,42,27,89,158
1393090000,820680000,70240000,151000000,64990000,2500000000,36,30,85,151
1151740000,1010470000,94580000,156370000,86840000,2500000000,41,28,86,155
902510000,1176980000,63640000,286660000,70210000,2500000000,37,33,91,161
846610000,1254360000,93120000,197530000,108380000,2500000000,37,34,90,161
945420000,1242350000,34090000,212300000,65840000,2500000000,38,34,91,163
1232260000,850810000,61900000,287940000,67090000,2500000000,37,35,87,159
1491740000,638410000,22700000,217200000,129950000,2500000000,38,34,92,164
1191390000,1104440000,27410000,108040000,68720000,2500000000,37,30,90,157
748540000,1274120000,31660000,340170000,105510000,2500000000,37,29,80,146
711220000,1414790000,42450000,247920000,83620000,2500000000,39,33,88,160
1061200000,1163840000,39700000,204630000,30630000,2500000000,37,27,77,141
1221180000,927480000,38390000,131140000,181810000,2500000000,38,27,81,146
1036530000,1126700000,53910000,199650000,83210000,2500000000,38,31,86,155
447120000,467760000,16540000,166480000,1317640000,2415540000,38,32,88,158
1116890000,1135980000,38400000,139480000,69250000,2500000000,39,29,83,151
440050000,1820730000,173930000,34710000,30580000,2500000000,30,30,88,148
358990000,1586850000,331690000,37540000,184930000,2500000000,35,32,96,163
920690000,1328590000,140460000,30530000,79730000,2500000000,39,37,98,174
282480000,1784560000,263270000,22740000,146950000,2500000000,35,34,101,170
1047340000,1145170000,186330000,47660000,73500000,2500000000,37,26,85,148
335840000,1891350000,195580000,12320000,64910000,2500000000,43,34,102,179
604300000,1546570000,240410000,50210000,58510000,2500000000,40,34,95,169
788690000,1370670000,172920000,139530000,28190000,2500000000,40,36,102,178
987820000,1037720000,69920000,273120000,131420000,2500000000,43,27,84,154
901640000,1197400000,152310000,202350000,46300000,2500000000,40,29,86,155
609910000,1508790000,147880000,155090000,78330000,2500000000,41,27,89,157
835290000,974730000,108030000,465660000,116290000,2500000000,42,31,99,172
489270000,1579190000,261770000,124760000,45010000,2500000000,36,35,93,164
397580000,1915600000,130830000,32810000,23180000,2500000000,35,26,80,141
736620000,1396260000,116710000,218110000,32300000,2500000000,38,34,91,163
671700000,1501820000,130550000,127640000,68290000,2500000000,39,31,89,159
473430000,1678280000,92880000,216220000,39190000,2500000000,37,39,95,171
559710000,1607430000,99510000,191900000,41450000,2500000000,39,33,88,160
434450000,1771360000,88620000,189430000,16140000,2500000000,36,37,91,164
722570000,1387060000,112720000,212880000,64770000,2500000000,39,34,93,166
810550000,1250830000,57430000,344070000,37120000,2500000000,37,37,91,165
684970000,1426680000,222430000,112440000,53480000,2500000000,37,34,86,157
498470000,1552870000,84390000,294530000,69740000,2500000000,34,32,89,155
431960000,1870130000,65420000,65920000,66570000,2500000000,35,29,79,143
1347760000,891710000,25850000,128340000,106340000,2500000000,37,28,79,144
1121690000,1088930000,31740000,153050000,104590000,2500000000,36,31,86,153
1473270000,712420000,26630000,169500000,118180000,2500000000,40,34,86,160
653100000,1627380000,37190000,117800000,64530000,2500000000,37,33,93,163
506120000,1707090000,223070000,10360000,53360000,2500000000,34,28,84,146
63070000,2200120000,189240000,7330000,40240000,2500000000,29,31,88,148
155710000,508210000,168170000,9380000,1647820000,2489290000,33,29,72,134
939720000,672550000,99320000,48650000,739760000,2500000000,41,34,81,156
810540000,1058520000,145860000,75850000,409230000,2500000000,39,37,86,162
789060000,240560000,202430000,28040000,1239910000,2500000000,39,35,81,155
69880000,224830000,33070000,26410000,1839350000,2193540000,37,35,84,156
1942520000,275580000,64950000,16790000,200160000,2500000000,38,30,74,142
1903880000,394760000,28920000,9930000,162510000,2500000000,40,31,74,145
525120000,1269920000,40100000,12750000,652110000,2500000000,37,32,80,149
1669220000,560640000,57080000,29200000,183860000,2500000000,38,31,72,141
1654110000,323370000,25640000,7820000,489060000,2500000000,35,29,74,138
578970000,216530000,13930000,1840000,1688730000,2500000000,36,29,71,136
2048220000,74000000,9040000,0,368740000,2500000000,36,23,65,124
1823980000,201250000,24110000,2680000,447980000,2500000000,36,26,72,134
1599500000,12450000,14240000,540000,873270000,2500000000,39,23,65,127
1756030000,20230000,3480000,0,720260000,2500000000,38,21,65,124
1157870000,15480000,8540000,690000,1317420000,2500000000,42,28,79,149
613260000,10970000,1320000,21070000,1853380000,2500000000,35,24,65,124
827840000,7620000,7530000,42000000,1615010000,2500000000,37,27,67,131
1936070000,233170000,33420000,20260000,277080000,2500000000,38,30,78,146
1563460000,598690000,89480000,114040000,134330000,2500000000,40,39,81,160
1815990000,232420000,19710000,24460000,407420000,2500000000,36,32,78,146
1233130000,380890000,76150000,67360000,742470000,2500000000,41,39,92,172
1974630000,209110000,49120000,10010000,257130000,2500000000,35,31,79,145
1711250000,241290000,45710000,16190000,485560000,2500000000,37,34,80,151
1812470000,355850000,46920000,35120000,249640000,2500000000,35,28,72,135
1848180000,238120000,52010000,16110000,345580000,2500000000,37,30,75,142
1062240000,1111890000,61110000,90380000,174380000,2500000000,34,36,82,152
1498710000,653540000,49130000,62020000,236600000,2500000000,37,30,74,141
703010000,518140000,38440000,19620000,1220790000,2500000000,36,36,83,155
1258270000,365710000,52250000,41750000,782020000,2500000000,36,27,74,137
673120000,290640000,75710000,6500000,1454030000,2500000000,34,33,77,144
425450000,230580000,18300000,3280000,1822390000,2500000000,34,31,76,141
1670410000,317630000,58000000,8460000,445500000,2500000000,36,32,77,145
1515300000,280200000,22380000,8170000,673950000,2500000000,37,33,77,147
1836590000,60790000,13880000,800000,587940000,2500000000,36,22,67,125
1791100000,192840000,17110000,5510000,493440000,2500000000,35,28,72,135
1839410000,13260000,8020000,990000,638320000,2500000000,36,22,69,127
1799030000,39780000,27310000,1810000,632070000,2500000000,37,23,67,127
1658500000,32800000,20240000,3590000,784870000,2500000000,37,22,68,127
1402390000,33120000,16210000,2880000,1045400000,2500000000,38,21,66,125
1691520000,64370000,40490000,8330000,695290000,2500000000,39,29,75,143
1197130000,4840000,4270000,1170000,1292590000,2500000000,38,22,66,126
1390800000,1700000,3790000,310000,1103400000,2500000000,36,22,65,123
1466380000,23720000,8960000,1930000,999010000,2500000000,37,22,67,126
1511140000,650000,800000,0,987410000,2500000000,37,20,66,123
1051080000,2090000,810000,30940000,1415080000,2500000000,39,23,67,129
1480860000,10690000,8570000,2550000,997330000,2500000000,39,25,67,131
1464460000,161120000,7300000,740000,866380000,2500000000,37,27,69,133
1414800000,22910000,7300000,2360000,1052630000,2500000000,36,22,66,124
1510190000,57460000,11360000,10200000,910790000,2500000000,39,29,71,139
2087810000,139460000,24110000,12460000,236160000,2500000000,36,30,77,143
738990000,174080000,44400000,31980000,1510480000,2499930000,40,36,89,165
183480000,396900000,50310000,154120000,1713760000,2498570000,40,37,96,173
1904130000,262440000,37400000,23180000,272850000,2500000000,35,28,71,134
2094550000,105140000,18030000,17500000,264780000,2500000000,35,29,75,139
1813840000,180980000,24500000,17260000,463420000,2500000000,38,33,86,157
1504440000,194180000,36490000,12580000,752310000,2500000000,38,33,86,157
1000500000,1078880000,98400000,53320000,268900000,2500000000,37,32,78,147
1764510000,207740000,15870000,41250000,470630000,2500000000,35,28,73,136
908960000,479080000,14930000,21290000,1075740000,2500000000,38,36,88,162
999790000,890860000,84020000,18720000,506610000,2500000000,37,33,81,151
1785880000,340310000,33770000,23000000,317040000,2500000000,35,30,75,140
1134820000,761400000,80570000,21760000,501450000,2500000000,33,31,78,142
1514610000,493190000,42670000,18560000,430970000,2500000000,36,30,76,142
1720050000,198690000,53390000,2100000,525770000,2500000000,37,29,75,141
1759840000,207740000,23290000,2930000,506200000,2500000000,38,27,77,142
1627540000,422160000,33940000,8890000,407470000,2500000000,41,28,73,142
1301830000,733580000,99120000,17820000,347650000,2500000000,38,36,80,154
1795700000,43210000,9600000,4910000,646580000,2500000000,38,23,72,133
1820550000,155420000,20260000,1940000,501830000,2500000000,36,27,76,139
1865070000,154500000,39700000,4770000,435960000,2500000000,36,25,71,132
1772620000,36530000,5590000,590000,684670000,2500000000,38,24,74,136
1788690000,37080000,8740000,1100000,664390000,2500000000,39,27,79,145
1621970000,95290000,17230000,3110000,762400000,2500000000,37,27,77,141
1803090000,212870000,25530000,2180000,456330000,2500000000,37,28,79,144
1704720000,25060000,4350000,820000,765050000,2500000000,38,20,68,126
1533930000,31010000,5860000,1950000,927250000,2500000000,38,24,71,133
1655810000,51550000,6530000,3710000,782400000,2500000000,38,20,72,130
1736580000,83900000,8900000,1010000,669610000,2500000000,38,22,72,132
1353770000,39850000,7120000,16670000,1082590000,2500000000,38,22,67,127
1566190000,45420000,3050000,4470000,880870000,2500000000,38,22,69,129
1597610000,36130000,5400000,4370000,856490000,2500000000,39,25,70,134
1621320000,64840000,3590000,3140000,807110000,2500000000,39,24,75,138
104540000,80390000,4660000,32040000,2263010000,2484640000,31,38,84,153
1171320000,510830000,48690000,24260000,744900000,2500000000,34,31,77,142
1138680000,583190000,55730000,14060000,708340000,2500000000,36,33,86,155
932960000,314560000,611670000,21830000,618980000,2500000000,38,34,82,154
364040000,114280000,21400000,6990000,1922770000,2429480000,36,31,87,154
1466160000,537450000,25780000,16300000,454310000,2500000000,40,32,81,153
967870000,1086690000,99250000,44110000,302080000,2500000000,37,33,79,149
452690000,14490000,32120000,1340000,1727720000,2228360000,37,33,85,155
1150010000,104200000,73650000,12720000,1159420000,2500000000,42,36,86,164
845850000,89510000,10660000,320000,1553660000,2500000000,36,30,80,146
473020000,43130000,22320000,5840000,1916220000,2460530000,36,30,83,149
1739860000,94600000,30620000,1200000,633720000,2500000000,38,30,76,144
1234750000,180650000,87910000,5580000,991110000,2500000000,43,37,89,169
1524840000,18740000,1870000,3510000,951040000,2500000000,38,23,73,134
1784670000,105810000,14900000,2450000,592170000,2500000000,38,24,73,135
773040000,105850000,2520000,0,1618590000,2500000000,33,21,52,106
769470000,80910000,1140000,0,1648480000,2500000000,36,21,61,118
315160000,120480000,6860000,0,2057500000,2500000000,20,27,64,111
648070000,70510000,1280000,0,1780140000,2500000000,26,20,56,102
171640000,112140000,6450000,640000,2209130000,2500000000,21,27,67,115
764820000,22700000,1470000,2900000,1708110000,2500000000,32,26,62,120
511310000,13540000,310000,6240000,1968600000,2500000000,33,22,67,122
1052880000,5260000,1600000,58930000,1381330000,2500000000,34,26,62,122
1220820000,4500000,50000,6120000,1268510000,2500000000,35,26,66,127
787050000,31470000,890000,0,1680590000,2500000000,24,11,44,79
821970000,21260000,1410000,26450000,1628910000,2500000000,30,21,58,109
499160000,6270000,1340000,59200000,1934030000,2500000000,33,23,60,116
317080000,46520000,0,0,2136400000,2500000000,21,22,61,104
784940000,143330000,11880000,0,1559850000,2500000000,30,30,74,134
643610000,29570000,16630000,0,1810190000,2500000000,36,34,75,145
171270000,32040000,1850000,0,2116380000,2321540000,26,25,68,119
268340000,56470000,20420000,460000,2154310000,2500000000,23,30,70,123
562980000,54830000,1990000,0,1880200000,2500000000,28,23,65,116
1356410000,8100000,560000,6750000,1128180000,2500000000,38,26,68,132
1413540000,30410000,1390000,8340000,1046320000,2500000000,37,21,64,122
1274440000,23140000,4200000,9340000,1188880000,2500000000,38,21,73,132
1429480000,24440000,3730000,7080000,1035270000,2500000000,38,23,73,134
1258690000,3950000,4610000,23600000,1209150000,2500000000,35,28,68,131
1426130000,3350000,2470000,20980000,1047070000,2500000000,36,28,66,130
1690200000,6840000,910000,1130000,800920000,2500000000,38,25,71,134
1399610000,4280000,2340000,0,1093770000,2500000000,39,23,71,133
148460000,1660000,0,44620000,2305260000,2500000000,21,26,58,105
354140000,470000,0,148960000,1996430000,2500000000,25,28,63,116
1105960000,0,0,18660000,1375380000,2500000000,31,30,63,124
611390000,28410000,4800000,18480000,1836920000,2500000000,30,29,74,133
483610000,30130000,2650000,0,1983610000,2500000000,21,19,53,93
675420000,60090000,960000,0,1763530000,2500000000,29,21,60,110
622240000,48290000,13810000,5820000,1809840000,2500000000,25,26,60,111
453710000,37060000,1620000,0,2007610000,2500000000,20,27,61,108
762160000,127330000,15400000,0,1595110000,2500000000,24,27,61,112
1234010000,16100000,0,1490000,1248400000,2500000000,37,22,70,129
1414330000,19920000,4290000,850000,1060610000,2500000000,38,23,73,134
1359360000,19000000,8330000,2390000,1110920000,2500000000,38,22,69,129
259890000,0,620000,67930000,2171560000,2500000000,26,23,55,104
982890000,300000,0,25850000,1490960000,2500000000,33,30,62,125
795250000,71440000,7240000,27060000,1599010000,2500000000,12,17,51,80
34950000,283470000,6790000,68270000,2106520000,2500000000,12,16,50,78
100620000,493410000,30310000,196300000,1679360000,2500000000,25,30,75,130
422240000,724990000,45620000,340550000,966600000,2500000000,29,27,85,141
39840000,691870000,37510000,141610000,1589170000,2500000000,25,35,90,150
1196180000,286930000,9530000,250500000,756860000,2500000000,40,25,77,142
56600000,570090000,6030000,14170000,1853110000,2500000000,11,21,55,87
11900000,922240000,27500000,0,1538360000,2500000000,7,17,46,70
377580000,1116990000,7580000,152720000,845130000,2500000000,24,20,57,101
298880000,1203720000,23020000,170350000,804030000,2500000000,16,16,54,86
181920000,937670000,38540000,162050000,1179820000,2500000000,22,32,78,132
30660000,595930000,12060000,25380000,1835970000,2500000000,16,28,66,110
883700000,359880000,8690000,44290000,1203440000,2500000000,25,25,70,120
229470000,769150000,41080000,83630000,1376670000,2500000000,23,24,62,109
376250000,558220000,8230000,137390000,1419910000,2500000000,25,28,82,135
149010000,1422780000,85480000,429570000,413160000,2500000000,31,25,79,135
408950000,905840000,11550000,389900000,783760000,2500000000,30,24,70,124
163610000,616830000,8930000,197970000,1512660000,2500000000,24,24,66,114
0,51800000,260000,72420000,1932240000,2056720000,11,14,32,57
44010000,457430000,6030000,87560000,1904970000,2500000000,15,19,46,80
366990000,732820000,14510000,210270000,1175410000,2500000000,23,27,63,113
561910000,683870000,12000000,380290000,861930000,2500000000,28,20,62,110
138940000,812830000,39490000,79800000,1428940000,2500000000,13,18,51,82
77020000,250160000,7440000,175020000,1990360000,2500000000,19,14,50,83
558970000,564710000,18100000,238410000,1119810000,2500000000,34,28,79,141
289440000,408200000,10710000,96660000,1694990000,2500000000,21,20,55,96
107520000,1027640000,27280000,38710000,1298850000,2500000000,22,29,60,111
279290000,538380000,24020000,118540000,1539770000,2500000000,14,19,48,81
6150000,1977790000,74390000,181170000,260500000,2500000000,19,21,59,99
141420000,1224570000,41220000,90040000,1002750000,2500000000,25,30,76,131
366770000,464700000,47970000,54550000,1516770000,2450760000,21,23,62,106
327970000,513490000,32300000,53930000,1572310000,2500000000,14,19,53,86
672140000,353890000,7650000,381610000,1084710000,2500000000,21,20,51,92
268580000,284550000,30910000,70400000,1845560000,2500000000,36,27,70,133
700540000,1495230000,70870000,173370000,59990000,2500000000,23,22,77,122
447160000,1736750000,78950000,91040000,146100000,2500000000,33,29,92,154
673110000,1516710000,78630000,80100000,151450000,2500000000,26,22,71,119
1198400000,502580000,5360000,303310000,490350000,2500000000,37,19,71,127
333800000,1914430000,143990000,5630000,102150000,2500000000,30,22,76,128
363420000,1666190000,85760000,78440000,306190000,2500000000,26,29,89,144
340460000,1805110000,132360000,20290000,201780000,2500000000,21,17,64,102
7500000,2273400000,122380000,54990000,41730000,2500000000,22,28,81,131
260860000,1939780000,114450000,49450000,135460000,2500000000,30,26,80,136
286440000,1823370000,119760000,154230000,116200000,2500000000,26,29,84,139
501870000,1672630000,105610000,79940000,139950000,2500000000,29,24,82,135
284460000,1311750000,79640000,523380000,300770000,2500000000,25,33,83,141
492600000,1521050000,90440000,216410000,179500000,2500000000,24,29,80,133
813450000,1112470000,278410000,138860000,156810000,2500000000,33,33,92,158
169420000,1769570000,243920000,155940000,161150000,2500000000,29,31,93,153
498510000,1229280000,547100000,101390000,123720000,2500000000,30,23,80,133
455620000,1344500000,157140000,389210000,153530000,2500000000,25,30,80,135
779960000,1555340000,62220000,70050000,32430000,2500000000,29,17,64,110
1214020000,772020000,33290000,81840000,398830000,2500000000,25,20,67,112
245090000,1919640000,180780000,25670000,128820000,2500000000,27,27,86,140
111300000,1878300000,277910000,57340000,175150000,2500000000,27,27,85,139
18280000,2031620000,108850000,232870000,108380000,2500000000,25,38,90,153
118610000,1845840000,169330000,154310000,211910000,2500000000,32,35,101,168
4420000,2205220000,132610000,103310000,54440000,2500000000,22,30,74,126
13350000,1943900000,122860000,276610000,143280000,2500000000,29,39,98,166
206050000,1753170000,98370000,327570000,114840000,2500000000,25,33,88,146
217600000,1715230000,167490000,268470000,131210000,2500000000,27,36,92,155
30660000,2200640000,93030000,151910000,23760000,2500000000,18,29,77,124
33740000,2123600000,117100000,176800000,48760000,2500000000,19,29,80,128
183020000,1898240000,139590000,194140000,85010000,2500000000,27,25,78,130
98670000,1627860000,120700000,449690000,203080000,2500000000,25,39,93,157
557150000,1067240000,24750000,285390000,565470000,2500000000,35,31,98,164
771510000,897340000,25910000,228640000,576600000,2500000000,42,37,102,181
904590000,523770000,12560000,455610000,603470000,2500000000,31,23,72,126
803310000,798660000,30820000,350200000,517010000,2500000000,36,38,101,175
680050000,1547450000,108170000,32820000,131510000,2500000000,25,20,60,105
448790000,1535330000,77590000,163800000,274490000,2500000000,34,30,97,161
1698430000,360480000,31410000,297380000,112300000,2500000000,26,18,68,112
1689470000,414450000,13860000,148940000,233280000,2500000000,26,17,69,112
222730000,1718550000,173830000,334670000,50220000,2500000000,21,24,73,118
146580000,1935010000,109370000,272330000,36710000,2500000000,17,23,65,105
871980000,979670000,148540000,400110000,99700000,2500000000,21,21,70,112
1213840000,703960000,89010000,381630000,111560000,2500000000,25,18,64,107
134290000,1664970000,152550000,443510000,104680000,2500000000,25,32,81,138
89840000,1905540000,181350000,225660000,97610000,2500000000,19,26,72,117
707150000,1166510000,139150000,413840000,73350000,2500000000,25,32,74,131
1181020000,802580000,119240000,284800000,112360000,2500000000,25,19,65,109
97510000,1451940000,126650000,661980000,161920000,2500000000,26,35,85,146
53070000,1811230000,87500000,490190000,58010000,2500000000,18,32,81,131
705900000,1323250000,141450000,186790000,142610000,2500000000,23,25,80,128
262660000,1634620000,197590000,319190000,85940000,2500000000,19,30,75,124
440070000,1335980000,62010000,13490000,648450000,2500000000,38,40,99,177
98020000,926560000,95720000,37040000,1342660000,2500000000,19,33,79,131
840710000,767920000,33030000,202540000,655800000,2500000000,32,27,87,146
355020000,1830740000,65060000,96410000,152770000,2500000000,30,27,79,136
902830000,980490000,54200000,179670000,382810000,2500000000,43,38,102,183
298380000,1402340000,93280000,227660000,478340000,2500000000,25,32,82,139
1185440000,596370000,29760000,388850000,299580000,2500000000,34,20,73,127
893120000,799700000,73730000,349780000,383670000,2500000000,45,29,96,170
1224340000,527870000,30670000,318370000,398750000,2500000000,47,33,92,172
996820000,577090000,71830000,369760000,484500000,2500000000,36,27,89,152
453890000,1171720000,337000000,254160000,283230000,2500000000,45,33,92,170
177350000,1800300000,166670000,108490000,247190000,2500000000,21,30,73,124
1351580000,471380000,57360000,450260000,169420000,2500000000,27,10,56,93
438380000,1612300000,148640000,217320000,83360000,2500000000,13,21,59,93
1531850000,247660000,33270000,428180000,259040000,2500000000,34,14,48,96
1468860000,429790000,65630000,440010000,95710000,2500000000,35,16,59,110
1593940000,428560000,133460000,294700000,49340000,2500000000,26,9,53,88
1263160000,337930000,58920000,735020000,104970000,2500000000,31,13,63,107
229170000,1684820000,190430000,342230000,53350000,2500000000,19,24,72,115
865330000,657180000,31350000,280100000,666040000,2500000000,36,28,79,143
372390000,1343980000,47250000,26530000,709850000,2500000000,28,32,83,143
1589580000,433600000,35130000,149640000,292050000,2500000000,44,28,79,151
906210000,864230000,97940000,275430000,356190000,2500000000,36,27,88,151
1190460000,721460000,100570000,160550000,326960000,2500000000,32,24,89,145
248420000,1703620000,141780000,172980000,233200000,2500000000,22,26,70,118
369140000,1312980000,150390000,554660000,112830000,2500000000,33,24,84,141
1185710000,386310000,98400000,610300000,219280000,2500000000,34,18,73,125
702430000,1202440000,307140000,101990000,186000000,2500000000,35,30,90,155
370240000,1466240000,401880000,124290000,137350000,2500000000,43,34,96,173
853930000,747360000,528480000,179110000,191120000,2500000000,37,36,92,165
746410000,1282040000,237930000,122650000,110970000,2500000000,38,37,97,172
533790000,1665820000,97980000,187600000,14810000,2500000000,37,30,85,152
1231500000,919040000,84050000,185940000,79470000,2500000000,38,32,87,157
688300000,1245920000,107600000,328250000,129930000,2500000000,36,33,86,155
791850000,1187790000,186260000,272130000,61970000,2500000000,38,31,90,159
516050000,1473500000,84120000,339380000,86950000,2500000000,34,36,86,156
425550000,1691230000,111720000,198790000,72710000,2500000000,35,39,89,163
226490000,1916270000,67760000,272090000,17390000,2500000000,35,39,89,163
521870000,1476130000,286660000,181340000,34000000,2500000000,33,36,92,161
700690000,1409180000,128640000,149140000,112350000,2500000000,34,32,86,152
232120000,1996750000,36050000,86670000,148410000,2500000000,34,33,86,153
558640000,1757300000,28650000,90700000,64710000,2500000000,37,35,87,159
553380000,1685170000,53370000,89800000,118280000,2500000000,36,39,93,168
1045030000,1216210000,41320000,140570000,56870000,2500000000,37,32,89,158
779930000,1469030000,39990000,124560000,86490000,2500000000,38,32,89,159
350640000,1861170000,62120000,145250000,80820000,2500000000,38,30,89,157
440010000,1833380000,40810000,111370000,74430000,2500000000,39,33,90,162
425100000,358770000,69310000,91800000,1526350000,2471330000,41,38,80,159
727670000,1243680000,190190000,77160000,261300000,2500000000,39,32,85,156
74770000,918940000,50000000,42780000,1413510000,2500000000,38,38,97,173
1319450000,802100000,119220000,147970000,111260000,2500000000,36,20,72,128
487390000,1808690000,129270000,26660000,47990000,2500000000,36,33,101,170
1226820000,765830000,83570000,286010000,137770000,2500000000,40,26,87,153
904780000,1228320000,110810000,189280000,66810000,2500000000,37,30,92,159
1530960000,568530000,133040000,184620000,82850000,2500000000,42,27,93,162
911100000,1104210000,123870000,272890000,87930000,2500000000,38,33,90,161
1414160000,705360000,128030000,168350000,84100000,2500000000,45,29,93,167
1289370000,557880000,84510000,363160000,205080000,2500000000,42,22,78,142
1594340000,338710000,88640000,303440000,174870000,2500000000,46,27,92,165
375680000,1910940000,110290000,93300000,9790000,2500000000,37,29,88,154
630020000,1528510000,200950000,104210000,36310000,2500000000,39,28,83,150
199950000,1818670000,114630000,322860000,43890000,2500000000,37,30,93,160
710840000,1517690000,107360000,103740000,60370000,2500000000,40,31,85,156
816940000,1231790000,97250000,273980000,80040000,2500000000,36,31,88,155
843080000,1196760000,66740000,336640000,56780000,2500000000,37,31,88,156
1079600000,955180000,96800000,225920000,142500000,2500000000,38,31,90,159
737710000,1296230000,150040000,262220000,53800000,2500000000,37,36,92,165
315240000,1850460000,97940000,207150000,29210000,2500000000,34,36,88,158
633180000,1549430000,155920000,125110000,36360000,2500000000,37,32,92,161
536630000,1415140000,335270000,157130000,55830000,2500000000,35,33,88,156
506880000,1707440000,65910000,188480000,31290000,2500000000,36,33,91,160
605200000,1359610000,29340000,464190000,41660000,2500000000,34,31,84,149
382180000,1891170000,49980000,103010000,73660000,2500000000,37,37,91,165
456110000,1679560000,42380000,293100000,28850000,2500000000,34,25,82,141
471290000,1679530000,81720000,216260000,51200000,2500000000,37,36,89,162
730090000,1506290000,33650000,91340000,138630000,2500000000,39,30,87,156
639830000,1566610000,33980000,170660000,88920000,2500000000,38,30,84,152
703650000,1507490000,65060000,125700000,98100000,2500000000,41,31,95,167
1267440000,825580000,29450000,240720000,136810000,2500000000,40,29,93,162
0,0,0,0,224000000,224000000,41,35,91,167
443040000,913790000,17370000,58360000,521890000,1954450000,41,30,88,159
0,0,0,0,0,0,40,38,102,180
313450000,922230000,13860000,63050000,16480000,1329070000,40,35,91,166
11570000,0,960000,0,918770000,931300000,32,22,69,123
1252450000,950200000,72480000,158390000,66480000,2500000000,45,24,96,165
1319740000,671990000,125990000,263140000,119140000,2500000000,35,24,84,143
1207450000,788870000,80990000,278450000,144240000,2500000000,45,29,90,164
867190000,1146370000,190890000,189490000,106060000,2500000000,33,22,79,134
1042100000,680430000,86880000,501490000,189100000,2500000000,42,23,73,138
1425360000,379670000,68830000,301080000,325060000,2500000000,40,22,75,137
1247410000,860550000,100290000,212090000,79660000,2500000000,45,24,90,159
1238780000,726180000,94270000,209290000,231480000,2500000000,44,23,86,153
631150000,1540310000,110260000,146840000,71440000,2500000000,35,34,88,157
565450000,1733140000,113310000,78250000,9850000,2500000000,38,29,83,150
626140000,1484930000,153980000,164990000,69960000,2500000000,35,31,92,158
520050000,1713140000,103360000,119650000,43800000,2500000000,35,32,91,158
407870000,1836090000,97490000,108470000,50080000,2500000000,37,38,91,166
851470000,1307490000,102100000,153930000,85010000,2500000000,41,35,98,174
703670000,1165590000,346650000,232470000,51620000,2500000000,37,38,88,163
791880000,1294010000,92950000,230410000,90750000,2500000000,36,38,90,164
534300000,1453720000,74230000,411360000,26390000,2500000000,33,35,86,154
537160000,1517830000,81140000,298130000,65740000,2500000000,34,36,93,163
787990000,1105310000,39990000,526770000,39940000,2500000000,35,34,89,158
771560000,1262770000,82640000,314150000,68880000,2500000000,36,38,89,163
547710000,1476760000,49080000,409840000,16610000,2500000000,37,39,92,168
682270000,1400500000,62580000,320510000,34140000,2500000000,37,33,92,162
614390000,1426460000,37320000,138460000,283370000,2500000000,42,35,93,170
1216060000,542850000,12540000,643870000,84680000,2500000000,42,29,87,158
701200000,1344380000,30670000,165700000,258050000,2500000000,38,34,89,161
683420000,1254510000,31690000,486370000,44010000,2500000000,39,43,96,178
0,0,0,0,0,0,39,35,88,162
181460000,776390000,9690000,60470000,51300000,1079310000,38,31,87,156
26920000,43920000,10400000,17460000,7190000,105890000,35,26,80,141
364990000,689060000,9330000,58550000,22590000,1144520000,42,33,91,166
630340000,1255350000,120390000,86220000,407700000,2500000000,42,40,85,167
258570000,618690000,32800000,251610000,619660000,1781330000,42,42,100,184
761730000,1367100000,48710000,216720000,105740000,2500000000,43,37,90,170
723580000,1255760000,80340000,241790000,179630000,2481100000,40,33,83,156
896910000,1208050000,166250000,143900000,84890000,2500000000,42,25,88,155
216220000,1720120000,119810000,327560000,116290000,2500000000,30,32,97,159
193820000,1496450000,148090000,193970000,72480000,2104810000,34,35,100,169
367770000,1644500000,189330000,206800000,91570000,2499970000,25,29,85,139
1396830000,761790000,65150000,231110000,45120000,2500000000,40,22,70,132
1165500000,1019750000,145480000,79050000,90220000,2500000000,40,22,78,140
1349150000,798470000,74250000,235940000,42190000,2500000000,44,27,82,153
1320380000,828760000,119490000,96300000,135070000,2500000000,42,31,94,167
1017300000,1100390000,79930000,260840000,41540000,2500000000,40,30,90,160
523830000,1312600000,120600000,162970000,38980000,2158980000,40,35,93,168
554770000,789550000,38520000,132970000,30410000,1546220000,39,38,104,181
7250000,4110000,0,2430000,380000,14170000,39,40,108,187
352880000,1773600000,143780000,194490000,35250000,2500000000,37,33,88,158
764110000,1484130000,59640000,162570000,29550000,2500000000,37,34,89,160
455320000,1193170000,62680000,282080000,79630000,2072880000,39,42,102,183
325550000,1801000000,95370000,260810000,17270000,2500000000,38,38,103,179
579880000,1418530000,71410000,400380000,17250000,2487450000,35,35,91,161
584770000,1332140000,64130000,467280000,51680000,2500000000,42,40,96,178
289950000,480990000,24790000,202740000,28050000,1026520000,37,35,91,163
540160000,550720000,25640000,212820000,41110000,1370450000,42,43,104,189
556110000,1350240000,97840000,430050000,65760000,2500000000,38,36,94,168
694730000,1365530000,38870000,378420000,22450000,2500000000,34,33,90,157
1149760000,677360000,19600000,419950000,54230000,2320900000,45,41,99,185
576420000,360070000,30450000,153930000,31800000,1152670000,46,36,95,177
863220000,1285910000,31660000,196480000,122730000,2500000000,45,30,94,169
636770000,984000000,19830000,565240000,294160000,2500000000,42,40,99,181
1105530000,461150000,22980000,146180000,119110000,1854950000,45,36,91,172
528550000,833620000,20110000,209730000,20390000,1612400000,40,31,92,163
267160000,1590780000,77110000,103700000,86370000,2125120000,38,34,92,164
377000000,1742990000,30030000,156110000,84140000,2390270000,43,31,92,166
823010000,1197500000,179190000,102510000,197790000,2500000000,39,32,84,155
402090000,1487300000,71530000,299510000,239570000,2500000000,44,40,92,176
658920000,1334750000,57790000,210640000,237900000,2500000000,37,36,82,155
522450000,1683660000,80940000,71690000,141260000,2500000000,32,27,76,135
560200000,1667950000,75220000,88980000,107650000,2500000000,34,21,76,131
0,500000,0,3850000,0,4350000,37,29,79,145
123790000,1063210000,87020000,293130000,57740000,1624890000,34,25,87,146
451600000,445180000,70410000,195560000,78690000,1241440000,40,23,76,139
897980000,194850000,9830000,165400000,30300000,1298360000,43,29,86,158
670040000,45610000,5490000,94180000,19690000,835010000,43,19,69,131
354330000,186320000,63040000,147730000,115550000,866970000,41,21,73,135
437920000,47670000,92570000,1270000,1920570000,2500000000,35,31,85,151
926780000,224530000,27080000,11790000,1309820000,2500000000,39,33,88,160
1311300000,452610000,48100000,23010000,664980000,2500000000,39,34,90,163
1739890000,26770000,2480000,970000,729890000,2500000000,38,24,72,134
1825860000,163810000,14710000,1390000,494230000,2500000000,42,33,85,160
568640000,37780000,9000000,660000,1669240000,2285320000,38,32,82,152
1080220000,109480000,58400000,9420000,1242480000,2500000000,42,35,89,166
915250000,864830000,41990000,330060000,347870000,2500000000,41,36,86,163
773870000,1170880000,56180000,188210000,310860000,2500000000,42,40,95,177
1018930000,941400000,26190000,207320000,306160000,2500000000,41,37,77,155
698640000,1452900000,81290000,150620000,116550000,2500000000,40,36,91,167
712720000,276250000,6520000,232010000,1272500000,2500000000,39,28,80,147
1210520000,570140000,23280000,291550000,404510000,2500000000,38,32,81,151
151450000,44100000,2370000,19410000,2282670000,2500000000,31,33,68,132
861590000,399700000,87270000,0,1151440000,2500000000,41,38,97,176
932950000,306700000,76790000,0,1183560000,2500000000,42,36,94,172
877230000,402000000,29890000,0,1190880000,2500000000,41,37,93,171
1240590000,771980000,81430000,520000,405480000,2500000000,43,35,86,164
1201990000,929880000,169900000,450000,197780000,2500000000,43,38,85,166
1156850000,150090000,17740000,0,1175320000,2500000000,46,40,102,188
662130000,209640000,93100000,360000,1534770000,2500000000,45,41,101,187
1618670000,419010000,20670000,0,441650000,2500000000,38,30,79,147
1793820000,394780000,29720000,0,281680000,2500000000,43,35,85,163
1055200000,389270000,73120000,290000,982120000,2500000000,45,39,99,183
1303000000,430390000,45320000,0,721290000,2500000000,44,39,96,179
1098850000,921600000,87180000,0,392370000,2500000000,38,32,80,150
1378610000,628570000,37390000,0,455430000,2500000000,40,31,74,145
482740000,70110000,31790000,0,1915360000,2500000000,40,36,88,164
337280000,127190000,44590000,0,1858540000,2367600000,40,36,91,167
1109290000,524120000,34200000,0,832390000,2500000000,41,35,84,160
798020000,1180520000,20280000,263750000,237430000,2500000000,37,30,74,141
710690000,1350150000,88270000,160110000,190780000,2500000000,40,33,77,150
685300000,1468000000,35400000,120570000,190730000,2500000000,40,31,81,152
815680000,702340000,23440000,292120000,666420000,2500000000,40,38,93,171
394090000,141770000,149280000,129820000,1647350000,2462310000,42,36,93,171
401230000,245840000,7410000,118770000,1667080000,2440330000,39,40,90,169
645290000,311460000,7000000,79320000,1456930000,2500000000,45,42,96,183
31250000,44950000,6150000,10790000,2133380000,2226520000,32,32,84,148
62400000,10730000,350000,7270000,2070850000,2151600000,34,31,70,135
346870000,214930000,13740000,60710000,1863750000,2500000000,41,40,98,179
770270000,320260000,46170000,70820000,1292480000,2500000000,41,34,87,162
1066260000,700450000,16610000,159740000,556940000,2500000000,45,39,93,177
1455440000,590310000,79190000,0,375060000,2500000000,44,39,93,176
281930000,21660000,11910000,0,1916920000,2232420000,42,35,94,171
1347750000,892990000,39440000,0,219820000,2500000000,41,36,85,162
1149560000,1107000000,55410000,670000,187360000,2500000000,42,32,83,157
1777700000,190710000,15660000,0,515930000,2500000000,41,30,80,151
1219970000,502050000,184340000,0,593640000,2500000000,41,35,85,161
1482580000,500900000,38310000,0,478210000,2500000000,40,33,83,156
1550290000,387440000,21560000,0,540710000,2500000000,38,31,81,150
1176720000,396110000,63010000,0,864160000,2500000000,43,39,86,168
1445240000,426180000,28130000,0,600450000,2500000000,40,36,81,157
1445040000,18280000,11480000,2140000,1023060000,2500000000,38,24,72,134
1572100000,18570000,1290000,840000,907200000,2500000000,38,24,70,132
1071120000,7470000,1090000,730000,1419590000,2500000000,39,21,67,127
794880000,0,0,2110000,1703010000,2500000000,30,28,64,122
1210260000,148130000,8670000,0,1132940000,2500000000,31,28,66,125
404730000,14670000,720000,6050000,2073830000,2500000000,25,18,58,101
352140000,21930000,1240000,19330000,2105360000,2500000000,22,25,65,112
148620000,0,0,33960000,2317420000,2500000000,16,24,49,89
480260000,63220000,22590000,250000,1933680000,2500000000,21,29,63,113
127350000,13430000,810000,0,2358410000,2500000000,10,22,47,79
387090000,65370000,5540000,0,2042000000,2500000000,19,22,54,95
1688360000,10750000,3260000,1060000,796570000,2500000000,39,24,74,137
1842980000,49960000,5000000,320000,601740000,2500000000,38,23,72,133
1861100000,195150000,30650000,3170000,409930000,2500000000,39,26,77,142
1905540000,155550000,5380000,1060000,432470000,2500000000,40,30,79,149
1415610000,6080000,8510000,6810000,1062990000,2500000000,35,23,71,129
1587840000,19350000,4450000,12450000,875910000,2500000000,38,24,72,134
1802860000,30120000,5950000,3110000,657960000,2500000000,37,24,73,134
1477590000,470000,1310000,1370000,1019260000,2500000000,35,22,67,124
1614960000,5420000,4670000,2850000,872100000,2500000000,36,22,69,127
1708680000,0,780000,2030000,788510000,2500000000,36,24,62,122
1675810000,1720000,11320000,260000,810890000,2500000000,34,26,67,127
743770000,0,2800000,5330000,1748100000,2500000000,32,26,67,125
1273920000,490000,3060000,5610000,1216920000,2500000000,32,23,59,114
1298070000,820000,1670000,2640000,1196800000,2500000000,34,22,61,117
229370000,0,0,8550000,2262080000,2500000000,25,28,59,112
836070000,7250000,1830000,0,1654850000,2500000000,13,28,53,94
881040000,1990000,530000,0,1616440000,2500000000,18,25,57,100
459920000,1930000,0,0,2038150000,2500000000,10,20,39,69
504560000,53940000,21940000,400000,1690670000,2271510000,35,29,78,142
469480000,56170000,2030000,320000,1566900000,2094900000,35,30,80,145
472770000,22720000,37930000,4720000,1961860000,2500000000,34,30,86,150
1521060000,59400000,11870000,18190000,889480000,2500000000,38,30,79,147
1389370000,2600000,3100000,6640000,1098290000,2500000000,33,23,61,117
1205530000,7930000,5580000,4500000,1276460000,2500000000,34,22,63,119
1292880000,3840000,4020000,0,1199260000,2500000000,30,32,67,129
1560310000,1650000,7880000,2960000,927200000,2500000000,34,26,66,126
451070000,0,0,0,2048930000,2500000000,15,26,59,100
428230000,137730000,25120000,450000,1711550000,2303080000,40,37,89,166
1486880000,60800000,16250000,19720000,916350000,2500000000,38,28,78,144
1704540000,17770000,7720000,770000,769200000,2500000000,36,25,73,134
1620160000,16400000,7570000,12550000,843320000,2500000000,39,25,77,141
1302620000,369700000,27710000,250550000,549420000,2500000000,45,26,80,151
173300000,586690000,40290000,74650000,1625070000,2500000000,38,39,97,174
1838600000,279560000,22480000,134160000,225200000,2500000000,37,21,70,128
816020000,1147490000,85980000,231840000,218670000,2500000000,26,20,66,112
1398640000,534560000,53270000,259550000,253980000,2500000000,37,25,79,141
904750000,753770000,103800000,578500000,159180000,2500000000,28,21,72,121
1294550000,432290000,33740000,109680000,629740000,2500000000,41,21,84,146
92390000,680760000,23850000,31410000,1570570000,2398980000,38,42,111,191
901460000,794650000,37080000,111380000,655430000,2500000000,32,24,90,146
179210000,691900000,26080000,49030000,1532330000,2478550000,28,41,89,158
1627990000,385290000,41840000,130420000,314460000,2500000000,42,26,89,157
688090000,1071880000,81700000,334990000,323340000,2500000000,36,29,96,161
1146430000,726910000,87480000,262160000,277020000,2500000000,38,37,96,171
1424630000,637570000,121240000,136710000,179850000,2500000000,34,31,91,156
1486310000,391980000,102490000,377750000,141470000,2500000000,33,19,58,110
625370000,1203680000,183630000,380970000,106350000,2500000000,37,24,90,151
1318660000,389220000,81970000,478110000,232040000,2500000000,41,24,77,142
848700000,659260000,87100000,652550000,252390000,2500000000,38,23,83,144
1452630000,248700000,52580000,487290000,198160000,2439360000,33,13,56,102
1551030000,360400000,75240000,273510000,145620000,2405800000,27,11,46,84
1547850000,176790000,43880000,434800000,296680000,2500000000,30,13,54,97
992550000,865870000,22070000,112610000,506900000,2500000000,36,25,83,144
452590000,1034510000,40210000,128260000,844430000,2500000000,39,45,113,197
109370000,1983990000,68130000,158290000,180220000,2500000000,19,20,51,90
549160000,1283590000,62560000,253620000,351070000,2500000000,35,31,90,156
357650000,1614160000,92220000,277500000,158470000,2500000000,25,27,80,132
136380000,1770960000,69470000,267000000,256190000,2500000000,24,21,66,111
941140000,1086940000,128510000,148240000,195170000,2500000000,26,20,70,116
1109650000,867060000,101770000,181250000,240270000,2500000000,39,34,87,160
861150000,1239830000,149210000,109350000,140460000,2500000000,32,33,85,150
662030000,1410800000,103990000,233240000,89940000,2500000000,30,32,90,152
252310000,1857400000,178730000,93100000,118460000,2500000000,27,26,83,136
442020000,1610620000,136220000,162610000,148530000,2500000000,39,39,105,183
326310000,1800820000,138770000,102100000,132000000,2500000000,23,36,92,151
495840000,1683850000,165450000,78630000,76230000,2500000000,25,27,78,130
257760000,1714880000,398670000,44660000,84030000,2500000000,18,24,69,111
1029210000,811120000,140570000,361540000,157560000,2500000000,33,22,73,128
1495470000,378030000,143610000,315770000,167120000,2500000000,28,12,47,87
1824340000,193370000,79770000,306670000,95850000,2500000000,34,20,72,126
1501700000,106340000,105000000,475650000,311310000,2500000000,29,13,56,98
1648410000,144360000,139160000,352180000,215890000,2500000000,38,19,59,116
499260000,1337270000,306650000,297220000,59600000,2500000000,21,21,60,102
1244010000,885690000,51230000,126310000,192760000,2500000000,39,38,107,184
652560000,133510000,18730000,22720000,1454880000,2282400000,38,33,94,165
745220000,1329390000,139230000,169910000,116250000,2500000000,36,33,90,159
460940000,1427260000,123020000,225130000,263650000,2500000000,41,45,117,203
459580000,658700000,119360000,43400000,1218960000,2500000000,35,39,111,185
296340000,221410000,29840000,33210000,1669820000,2250620000,26,36,97,159
425240000,1674620000,153810000,62430000,183900000,2500000000,35,38,93,166
400140000,1825160000,148050000,82820000,43830000,2500000000,26,28,78,132
195180000,1970670000,166060000,55740000,112350000,2500000000,20,30,78,128
39400000,2220120000,109510000,54300000,76670000,2500000000,9,29,63,101
158840000,1516760000,102670000,106860000,52720000,1937850000,27,38,98,163
581050000,1354180000,247970000,263520000,53280000,2500000000,16,20,56,92
356240000,1277510000,179490000,236680000,55140000,2105060000,21,22,66,109
121290000,939920000,101300000,275640000,78880000,1517030000,29,31,95,155
438050000,1212180000,246390000,437710000,128080000,2462410000,21,29,79,129
174900000,312850000,80010000,91780000,37780000,697320000,29,32,87,148
16180000,1028410000,65530000,85190000,1293560000,2488870000,24,40,91,155
557580000,1380180000,104310000,214750000,243180000,2500000000,26,37,96,159
58340000,256920000,26560000,63970000,2094210000,2500000000,22,39,86,147
213990000,443770000,60010000,32150000,179240000,929160000,20,44,86,150
123200000,358420000,22840000,69940000,997790000,1572190000,25,36,86,147
673530000,1314770000,125920000,115380000,270400000,2500000000,40,38,93,171
1087940000,1054540000,59840000,120170000,177510000,2500000000,40,32,86,158
758540000,1246680000,186560000,136490000,171730000,2500000000,37,31,85,153
1055000000,789250000,33880000,244990000,162330000,2285450000,42,33,87,162
717220000,1501540000,80500000,114210000,86530000,2500000000,34,25,79,138
725520000,1416470000,76780000,130720000,150510000,2500000000,36,30,83,149
712850000,1379040000,60610000,189510000,157990000,2500000000,40,34,84,158
535150000,1619680000,59900000,168430000,116840000,2500000000,40,31,85,156
333650000,1730000,580000,87800000,25580000,449340000,38,12,64,114
241540000,51400000,19140000,11640000,23880000,347600000,35,14,70,119
0,0,0,0,0,0,34,34,88,156
15380000,56840000,2310000,7730000,10090000,92350000,33,35,94,162
856320000,142160000,7190000,86170000,167890000,1259730000,42,27,84,153
757790000,383810000,32760000,93180000,121500000,1389040000,42,32,82,156
0,0,0,0,0,0,46,34,89,169
764330000,1324650000,40000000,178110000,192910000,2500000000,39,30,86,155
1103070000,898010000,56620000,156040000,286260000,2500000000,41,34,88,163
712690000,629960000,60330000,256730000,281550000,1941260000,40,36,88,164
298810000,750940000,23200000,140860000,130210000,1344020000,41,36,84,161
129310000,1410370000,240050000,283770000,59950000,2123450000,37,24,80,141
237850000,252880000,8110000,118970000,47840000,665650000,41,37,88,166
8240000,234820000,26920000,46190000,50390000,366560000,27,31,85,143
1027660000,1044470000,23290000,232200000,172380000,2500000000,34,27,74,135
347090000,1985300000,74750000,44600000,48260000,2500000000,33,22,74,129
1281240000,562180000,24560000,316420000,315600000,2500000000,38,29,81,148
783190000,1351240000,39500000,211300000,114770000,2500000000,38,30,78,146
856970000,378610000,231610000,105050000,927760000,2500000000,40,33,90,163
1148750000,910700000,9840000,81650000,349060000,2500000000,40,31,79,150
1276280000,752890000,19720000,162430000,288680000,2500000000,43,30,80,153
1148940000,488510000,34900000,76510000,751140000,2500000000,47,37,95,179
1285070000,683820000,12430000,94960000,423720000,2500000000,45,37,94,176
881010000,772600000,175450000,177610000,493330000,2500000000,49,38,93,180
1284470000,737040000,28280000,88060000,362150000,2500000000,42,23,78,143
862330000,380120000,447060000,720000,809770000,2500000000,42,39,101,182
1442140000,518640000,73800000,380000,465040000,2500000000,45,37,88,170
1392240000,734210000,113790000,0,259760000,2500000000,43,34,87,164
1696610000,184080000,28850000,0,590460000,2500000000,40,30,80,150
1510720000,354850000,31030000,0,603400000,2500000000,44,33,82,159
1738620000,185200000,10160000,0,566020000,2500000000,41,31,80,152
1887840000,75710000,13860000,0,522590000,2500000000,40,27,75,142
1220560000,391930000,24060000,0,863450000,2500000000,39,32,73,144
1307470000,160250000,8330000,0,1023950000,2500000000,40,33,83,156
1101970000,551820000,27710000,491820000,326680000,2500000000,42,31,82,155
743930000,694280000,9110000,524980000,527700000,2500000000,45,37,97,179
1301540000,732100000,20830000,211730000,233800000,2500000000,44,27,79,150
1224370000,471020000,5840000,492530000,306240000,2500000000,38,26,75,139
1338000000,585670000,6900000,316720000,252710000,2500000000,42,28,85,155
1262780000,677800000,13510000,335700000,210210000,2500000000,46,29,79,154
1045510000,780710000,32010000,169460000,472310000,2500000000,43,34,85,162
1234080000,801680000,29240000,169040000,265960000,2500000000,43,29,81,153
923520000,923330000,57790000,243350000,352010000,2500000000,44,38,93,175
1081290000,988200000,30830000,273300000,126380000,2500000000,40,29,81,150
1228460000,617130000,27950000,145210000,481250000,2500000000,47,34,94,175
1136080000,840820000,43640000,198410000,281050000,2500000000,42,26,77,145
1075970000,732780000,43900000,238620000,408730000,2500000000,44,29,89,162
1327570000,734910000,35700000,146920000,254900000,2500000000,42,28,87,157
539490000,206220000,66590000,370000,1651120000,2463790000,43,33,94,170
197560000,33470000,5390000,13500000,1889350000,2139270000,39,35,83,157
142360000,11770000,10120000,0,2004790000,2169040000,34,28,82,144
1297090000,468500000,130740000,0,603670000,2500000000,47,37,92,176
1191370000,936650000,63510000,350000,308120000,2500000000,42,30,86,158
1590870000,267620000,55350000,0,586160000,2500000000,39,33,89,161
1322520000,754690000,101180000,0,321610000,2500000000,42,38,94,174
1576860000,201930000,50180000,0,671030000,2500000000,43,33,82,158
1371420000,212050000,14600000,350000,901580000,2500000000,39,30,79,148
1740410000,108970000,10840000,0,639780000,2500000000,38,31,81,150
1733680000,113320000,12730000,0,640270000,2500000000,39,25,80,144
1619700000,130280000,14150000,0,735870000,2500000000,43,30,81,154
1658220000,246080000,107690000,0,488010000,2500000000,44,30,83,157
1431050000,175460000,4690000,0,888800000,2500000000,41,33,84,158
1607960000,177360000,12250000,0,702430000,2500000000,45,31,84,160
1711090000,388920000,15190000,0,384800000,2500000000,39,30,76,145
1657020000,151880000,7360000,0,683740000,2500000000,39,32,78,149
1660200000,308140000,12560000,290000,518810000,2500000000,39,28,75,142
1716990000,192850000,5590000,0,584570000,2500000000,39,29,77,145
587730000,923280000,24320000,735380000,229290000,2500000000,35,28,75,138
777370000,858180000,12770000,457840000,389450000,2495610000,30,26,75,131
309090000,231600000,3300000,246390000,99680000,890060000,43,33,88,164
884480000,473540000,11370000,126600000,172360000,1668350000,38,30,81,149
921130000,749460000,10800000,352540000,293450000,2327380000,35,29,73,137
391580000,235150000,7120000,48850000,829540000,1512240000,41,31,80,152
842610000,648590000,33710000,159880000,278920000,1963710000,40,33,89,162
996940000,325600000,54430000,60870000,1062160000,2500000000,44,31,84,159
329720000,88440000,7370000,17000000,1163380000,1605910000,41,31,79,151
1776350000,242370000,13230000,0,468050000,2500000000,39,30,82,151
1545230000,343950000,58650000,0,541800000,2489630000,43,38,99,180
998370000,313750000,103790000,0,821770000,2237680000,44,35,91,170
1709700000,189550000,12610000,0,588140000,2500000000,40,29,81,150
1740790000,128680000,36340000,0,594190000,2500000000,39,26,79,144
1430800000,153280000,12950000,0,902970000,2500000000,42,31,79,152
1655820000,60730000,3960000,0,779490000,2500000000,38,30,79,147
1362480000,227770000,64720000,0,845030000,2500000000,41,27,78,146
1734550000,141320000,44860000,0,579270000,2500000000,41,29,80,150
1566770000,201400000,11600000,0,720230000,2500000000,39,26,77,142
1668410000,62180000,13500000,0,755910000,2500000000,41,28,80,149
1505070000,208780000,5950000,0,780200000,2500000000,38,29,74,141
1483760000,423910000,26870000,0,565460000,2500000000,43,35,86,164
1713150000,91820000,2250000,0,692780000,2500000000,38,25,71,134
1692440000,130040000,8700000,0,668820000,2500000000,38,29,76,143
1383760000,134870000,22180000,0,959190000,2500000000,42,30,80,152
1098490000,190390000,14950000,0,446860000,1750690000,47,31,87,165
1541840000,210400000,39600000,500000,707660000,2500000000,41,32,82,155
1189920000,280870000,46700000,0,982510000,2500000000,43,34,86,163
1693160000,47980000,0,0,757790000,2498930000,38,27,73,138
1195550000,130370000,13320000,0,1160760000,2500000000,42,29,77,148
775500000,128310000,36080000,2860000,1547730000,2490480000,45,40,103,188
1473230000,434850000,45330000,0,546590000,2500000000,36,32,81,149
183140000,16460000,42200000,2050000,2237770000,2481620000,42,32,85,159
1436320000,33410000,2430000,70000,1027770000,2500000000,37,27,74,138
1376110000,220690000,56470000,12470000,834260000,2500000000,39,31,81,151
1126990000,582530000,36880000,16880000,736720000,2500000000,44,43,93,180
1638420000,296290000,12810000,0,552480000,2500000000,39,32,82,153
1274320000,138170000,10010000,0,1077500000,2500000000,39,30,83,152
1489340000,144800000,5360000,0,860500000,2500000000,38,31,84,153
1009210000,67430000,8270000,0,1415090000,2500000000,42,33,86,161
850680000,131650000,148250000,3390000,1366030000,2500000000,43,39,95,177
1084960000,40710000,360000,0,1373970000,2500000000,38,28,78,144
1260970000,51560000,2640000,330000,1184500000,2500000000,38,28,78,144
1435510000,22500000,45810000,0,996180000,2500000000,37,30,76,143
1159940000,68740000,3250000,0,1268070000,2500000000,38,25,72,135
1593830000,20790000,2450000,0,882930000,2500000000,35,25,74,134
1174910000,32720000,3600000,0,1288770000,2500000000,39,25,74,138
1640050000,9450000,3240000,410000,846850000,2500000000,30,23,62,115
1704580000,15280000,790000,0,779350000,2500000000,33,23,70,126
1428450000,26820000,9690000,0,1035040000,2500000000,35,26,68,129
1382660000,6310000,0,0,1111030000,2500000000,32,25,67,124
1495670000,620000,400000,0,1003310000,2500000000,25,21,60,106
1498570000,12200000,9990000,0,979240000,2500000000,34,26,64,124
1616300000,0,0,0,883700000,2500000000,33,24,61,118
1297770000,1630000,0,0,1200600000,2500000000,35,25,68,128
1677400000,620000,0,0,821980000,2500000000,12,19,40,71
1355580000,0,0,0,1144420000,2500000000,22,29,62,113
1040960000,0,0,0,1459040000,2500000000,28,28,65,121
1728410000,0,1180000,0,770410000,2500000000,33,30,68,131
418550000,13010000,4280000,0,2064160000,2500000000,21,31,71,123
1123080000,2340000,0,0,1374580000,2500000000,17,25,57,99
202080000,0,0,0,2297920000,2500000000,14,19,51,84
587200000,4880000,0,560000,1907360000,2500000000,31,29,66,126
1170000,0,600000,0,2498230000,2500000000,10,28,56,94
181240000,8300000,1120000,0,2309340000,2500000000,12,26,56,94
1457070000,30660000,3860000,0,1008410000,2500000000,37,27,71,135
1539020000,30700000,8670000,0,921610000,2500000000,36,26,71,133
1536780000,89970000,11900000,0,861350000,2500000000,39,26,76,141
1501250000,31940000,350000,0,966460000,2500000000,40,26,75,141
1159560000,21050000,0,0,1319390000,2500000000,41,28,80,149
1255110000,24910000,5420000,0,1214560000,2500000000,34,25,70,129
1547830000,21600000,13840000,0,916730000,2500000000,37,24,69,130
1323090000,18790000,2050000,0,1156070000,2500000000,38,25,74,137
1371980000,27100000,390000,970000,1099470000,2499910000,31,25,66,122
1523230000,7620000,440000,350000,968360000,2500000000,32,25,68,125
1656440000,20660000,8480000,670000,813750000,2500000000,37,25,68,130
1689360000,5310000,1980000,0,803350000,2500000000,32,25,65,122
1737250000,0,2430000,0,760320000,2500000000,31,30,67,128
1118800000,650000,0,0,1380550000,2500000000,34,27,67,128
1619580000,0,0,0,875170000,2494750000,31,22,59,112
1114860000,0,0,0,1385140000,2500000000,32,28,67,127
1578720000,4920000,10610000,0,905750000,2500000000,35,32,77,144
802650000,33190000,2360000,0,1661800000,2500000000,21,31,58,110
332060000,0,0,0,2167940000,2500000000,28,25,63,116
410600000,22560000,5050000,0,2061790000,2500000000,16,28,58,102
991020000,3080000,1160000,0,1504740000,2500000000,26,28,66,120
304480000,18440000,0,0,2177080000,2500000000,12,24,49,85
86550000,7430000,2100000,0,2403920000,2500000000,15,24,50,89
1205580000,22000000,0,0,1081960000,2309540000,35,26,69,130
1455100000,34380000,6960000,0,997770000,2494210000,38,26,71,135
1224550000,11730000,280000,0,680500000,1917060000,39,28,75,142
972000000,8860000,370000,0,681020000,1662250000,33,23,67,123
1344420000,57820000,15380000,0,753710000,2171330000,44,31,84,159
602290000,1632990000,170660000,79060000,15000000,2500000000,39,27,83,149
1672600000,44160000,9410000,0,773830000,2500000000,41,31,81,153
1772720000,99950000,9130000,0,523570000,2405370000,43,31,78,152
1363470000,29410000,11240000,0,649150000,2053270000,42,29,78,149
6740000,685940000,76440000,77960000,1497460000,2344540000,27,35,87,149
748810000,487220000,36420000,347590000,879960000,2500000000,30,38,86,154
0,6450000,280000,0,2238680000,2245410000,6,24,42,72
2051950000,7390100000,691390000,455770000,3773020000,14362230000,42,31,86,159
6205350000,1607970000,652280000,1404160000,861110000,10730870000,43,44,112,199
991170000,6185410000,316390000,728560000,895030000,9116560000,50,37,95,182
5499890000,620000,810000,0,3764980000,9266300000,46,31,100,177
4108580000,3504780000,559600000,2309420000,458570000,10940950000,22,33,74,129
1417710000,3443010000,277130000,253420000,295080000,5686350000,40,41,91,172
1191470000,3307380000,154960000,500280000,78990000,5233080000,38,38,100,176
9507020000,422100000,113330000,12870000,4145370000,14200690000,43,38,99,180
4109250000,9971000000,403740000,498280000,4208240000,19190510000,27,19,64,110
2428220000,4036990000,120620000,393610000,6465440000,13444880000,16,31,70,117
3456650000,5944780000,340660000,546410000,168630000,10457130000,43,46,127,216
2194780000,4119730000,9600000,601990000,2165390000,9091490000,24,34,69,127
889630000,960140000,93940000,1593710000,5594150000,9131570000,39,30,80,149
474140000,6044560000,926430000,2734030000,4091080000,14270240000,38,37,95,170
3886640000,4592190000,186890000,1388830000,396770000,10451320000,45,31,83,159
5224560000,1482250000,137450000,25440000,3912500000,10782200000,51,41,105,197
756820000,2777850000,111350000,227940000,4461080000,8335040000,41,41,99,181
3844030000,3273000000,66790000,2119640000,1381610000,10685070000,46,31,103,180
6100410000,1226020000,771840000,6653620000,5337420000,20089310000,43,36,93,172
3479950000,5377730000,121140000,1350270000,749970000,11079060000,31,35,80,146
6342990000,564570000,86130000,5050000,6834070000,13832810000,47,30,83,160
5280740000,3221230000,594860000,2659210000,1141190000,12897230000,48,34,103,185
2074830000,2095860000,60610000,390700000,4419620000,9041620000,23,22,72,117
4227220000,1693730000,98220000,3021990000,1406400000,10447560000,29,39,90,158
3454200000,4515850000,210220000,1705820000,207840000,10093930000,41,40,92,173
3549320000,204330000,194120000,2573390000,3560790000,10081950000,41,33,80,154
4611640000,3666990000,387660000,811250000,316850000,9794390000,38,39,84,161
3303330000,4698480000,419180000,757570000,1153290000,10331850000,50,34,107,191
2814710000,3395110000,57190000,1243360000,3267860000,10778230000,38,31,83,152
567080000,2135150000,96290000,153180000,2654490000,5606190000,35,32,88,155
938170000,8341810000,530200000,459020000,177090000,10446290000,50,32,100,182
4749890000,4078940000,518550000,768200000,582640000,10698220000,41,30,73,144
3362820000,4840640000,730270000,387110000,5297320000,14618160000,40,42,99,181
731300000,6574500000,143750000,422380000,2455410000,10327340000,42,38,109,189
5480610000,2564690000,107370000,1575200000,1340210000,11068080000,37,37,97,171
1336770000,5264500000,352050000,5514110000,114560000,12581990000,38,41,97,176
417390000,3591580000,450510000,52460000,217500000,4729440000,42,41,101,184
1078530000,2561420000,21910000,373920000,1410090000,5445870000,44,24,78,146
1173320000,380100000,60680000,80960000,6012150000,7707210000,37,31,69,137
2522140000,114360000,21890000,300000,9887670000,12546360000,41,39,100,180
6616300000,1466100000,112190000,0,2891080000,11085670000,48,27,86,161
1803340000,6811990000,667340000,773720000,929560000,10985950000,40,34,81,155
3328030000,6534040000,272250000,885660000,2805410000,13825390000,43,42,94,179
6200070000,5851390000,416170000,983680000,4411660000,17862970000,31,21,89,141
3748310000,2445050000,395090000,2316660000,4926830000,13831940000,39,38,100,177
241990000,4802700000,364510000,1006830000,3665510000,10081540000,24,38,97,159
3215830000,7336360000,355390000,755720000,726350000,12389650000,37,31,97,165
2844170000,5767330000,1150620000,501460000,423290000,10686870000,44,30,90,164
2762970000,3612090000,624490000,992080000,337540000,8329170000,51,37,108,196
3977000000,1994930000,234160000,290000,4551870000,10758250000,33,36,96,165
3104330000,471740000,15070000,0,6688560000,10279700000,41,19,75,135
2321340000,4395880000,682690000,468470000,284960000,8153340000,49,27,90,166
2814200000,7607800000,1108300000,893690000,383260000,12807250000,47,34,101,182
3493610000,6466250000,178730000,2037320000,640970000,12816880000,34,34,81,149
2401860000,2289980000,113020000,436110000,560400000,5801370000,33,38,100,171
3348580000,31220000,16760000,670000,2148830000,5546060000,40,38,82,160
6048940000,178020000,57210000,0,4839790000,11123960000,29,43,99,171
3774600000,3797660000,385870000,89850000,4248710000,12296690000,38,39,95,172
3702400000,5601280000,773760000,811290000,334410000,11223140000,47,43,107,197
3453520000,4431050000,222440000,855560000,2005620000,10968190000,39,37,90,166
3124450000,7337910000,69410000,70920000,440710000,11043400000,26,39,88,153
1038700000,3036150000,486100000,172350000,432000000,5165300000,45,43,114,202
505900000,5013260000,268190000,223570000,2784750000,8795670000,41,36,98,175
559440000,8393070000,1896320000,2895270000,796210000,14540310000,45,34,97,176
3623130000,3426400000,492290000,830100000,549150000,8921070000,36,40,108,184
1955880000,707610000,533090000,157520000,4180010000,7534110000,40,23,88,151
577610000,3798350000,77950000,355480000,335880000,5145270000,46,36,111,193
6134960000,2015240000,474490000,140240000,5527070000,14292000000,33,48,117,198
3155750000,2892330000,166080000,3939330000,299130000,10452620000,39,30,78,147
499450000,4348870000,448280000,432170000,5072460000,10801230000,32,32,91,155
2935760000,4401090000,527210000,2072140000,490070000,10426270000,28,26,90,144
2226770000,378140000,12800000,0,6734430000,9352140000,42,42,101,185
4257910000,3359930000,74440000,893060000,340130000,8925470000,38,41,96,175
1270260000,6720490000,601330000,1738980000,362050000,10693110000,40,37,109,186
3802890000,2026400000,111630000,971920000,2287260000,9200100000,38,26,76,140
4962310000,370130000,24980000,0,3854030000,9211450000,46,37,99,182
3761070000,3701780000,556220000,401040000,303420000,8723530000,49,38,112,199
2814640000,29620000,22030000,1230000,2252620000,5120140000,37,40,94,171
4391990000,4554020000,702520000,601180000,87660000,10337370000,43,33,88,164
823180000,3257130000,229480000,628050000,4398240000,9336080000,14,31,70,115
482900000,2440380000,424190000,1454200000,4168810000,8970480000,31,25,67,123
4176130000,7883370000,759830000,847610000,430950000,14097890000,41,43,95,179
3872220000,3333490000,1028860000,2365320000,1957100000,12556990000,39,36,82,157
2088500000,3770640000,269030000,680950000,2999290000,9808410000,40,41,96,177
1321610000,3087190000,79480000,10670000,6249390000,10748340000,27,36,83,146
1651840000,4218870000,549870000,984330000,175190000,7580100000,36,31,94,161
4027290000,7425710000,938320000,1186040000,6109500000,19686860000,37,42,85,164
4350020000,3062130000,512670000,2118810000,245070000,10288700000,45,37,98,180
5324280000,5060000,22120000,13950000,3726000000,9091410000,34,37,91,162
2790820000,1531810000,231320000,456190000,495850000,5505990000,19,27,71,117
3296030000,2962510000,466550000,1163470000,1192490000,9081050000,35,38,95,168
4633180000,4267950000,181240000,950130000,887950000,10920450000,27,34,84,145
2529650000,4614820000,957340000,1652810000,315460000,10070080000,29,30,85,144
4992120000,43880000,11540000,3520000,3543120000,8594180000,33,32,80,145
10227810000,907860000,132000000,510000,5413980000,16682160000,40,26,75,141
6630120000,21120000,2420000,350000,4466910000,11120920000,40,37,97,174
5603620000,6635030000,540060000,1219110000,436520000,14434340000,34,36,96,166
725750000,33250000,4390000,1129880000,5971040000,7864310000,46,29,100,175
5010340000,20010000,4800000,0,7879450000,12914600000,47,36,98,181
5987840000,558110000,65210000,0,2595610000,9206770000,42,24,77,143
4404470000,3522930000,268110000,1796700000,349760000,10341970000,30,28,92,150
1593800000,2699010000,201110000,302500000,378910000,5175330000,39,31,75,145
4399030000,300000,2560000,108490000,5911020000,10421400000,48,41,95,184
2697090000,1034020000,214400000,360000,4316580000,8262450000,44,43,98,185
2700320000,1208800000,118530000,420000,6019740000,10047810000,46,35,88,169
4980570000,3187770000,290340000,676380000,1948380000,11083440000,42,33,91,166
3064350000,6124520000,633490000,551790000,609560000,10983710000,43,22,86,151
6369980000,3751640000,167990000,2351620000,3018150000,15659380000,48,20,86,154
2793610000,5566570000,393050000,248060000,1085590000,10086880000,35,27,69,131
3978830000,1295260000,178810000,450000,6072550000,11525900000,45,32,96,173
2650510000,677310000,317680000,2031250000,2477060000,8153810000,39,34,101,174
469920000,7320030000,611200000,1881100000,4046710000,14328960000,40,37,92,169
2179470000,7243480000,176610000,807030000,306080000,10712670000,41,41,97,179
989800000,5453900000,99870000,61500000,1627420000,8232490000,41,29,92,162
3014500000,3823190000,781320000,816100000,491000000,8926110000,38,24,81,143
4591150000,317590000,169570000,3880000,6036750000,11118940000,37,44,101,182
7804410000,4857730000,161320000,937990000,2870750000,16632200000,46,28,99,173
482540000,3749030000,1573270000,4843260000,185230000,10833330000,40,35,93,168
2696980000,435890000,20970000,957180000,5383520000,9494540000,38,22,69,129
3470280000,5090990000,201980000,1027340000,2893920000,12684510000,30,33,90,153
2469290000,5437390000,460760000,416580000,132080000,8916100000,40,25,84,149
10043480000,585890000,86260000,11770000,3391040000,14118440000,47,40,105,192
3035920000,2376340000,389390000,1837350000,2446670000,10085670000,20,33,65,118
866490000,1435150000,309020000,73660000,2122530000,4806850000,39,29,88,156
2015840000,6933240000,399200000,1149850000,209510000,10707640000,46,39,99,184
4141610000,4815300000,824440000,1230000000,2815740000,13827090000,39,31,84,154
7017830000,8061390000,763210000,1791570000,257140000,17891140000,42,39,87,168
5446320000,105130000,240030000,2370620000,2169800000,10331900000,16,34,82,132
389300000,6124560000,372340000,445840000,4308030000,11640070000,37,34,84,155
6767580000,1757580000,232770000,0,2325770000,11083700000,36,32,91,159
1834610000,16641380000,1455350000,696230000,826880000,21454450000,37,29,89,155
6519940000,310970000,42190000,4990000,2213540000,9091630000,46,43,109,198
7040020000,1443540000,211330000,33240000,5390390000,14118520000,48,34,92,174
1299710000,5773510000,317020000,405680000,2865840000,10661760000,29,34,79,142
4143670000,1725590000,79620000,1505420000,5482170000,12936470000,42,40,100,182
807170000,4999370000,853160000,3097430000,3080110000,12837240000,49,36,100,185
7042680000,730640000,145950000,510000,3179160000,11098940000,16,26,66,108
3069990000,11348610000,543650000,1202490000,480620000,16645360000,29,36,79,144
6147090000,2312620000,571110000,947790000,358730000,10337340000,37,48,110,195
4802090000,89510000,16690000,0,4348140000,9256430000,32,42,86,160
6080680000,4104790000,712490000,2538580000,294180000,13730720000,30,38,98,166
4939640000,558840000,113990000,13530000,6158740000,11784740000,42,34,97,173
682160000,5926250000,2126740000,929290000,3057560000,12722000000,24,35,81,140
760140000,325860000,193020000,7491480000,5711640000,14482140000,35,28,84,147
1157650000,5651630000,1570900000,1828540000,220870000,10429590000,45,35,94,174
7037370000,8037270000,779840000,341040000,3739880000,19935400000,43,36,96,175
299890000,1253920000,348160000,3071580000,3822440000,8795990000,40,36,85,161
3300130000,4596440000,168780000,868640000,5631510000,14565500000,41,34,89,164
5308640000,3408830000,439360000,651290000,534380000,10342500000,40,45,98,183
4343910000,234800000,319080000,2710030000,2615230000,10223050000,36,27,81,144
450690000,5868990000,97370000,1804560000,1279840000,9501450000,32,40,99,171
6556590000,51490000,22850000,410000,4502650000,11133990000,40,33,95,168
3255150000,2507200000,311090000,4025330000,353980000,10452750000,46,39,94,179
1899370000,145260000,17260000,27620000,6831900000,8921410000,42,37,92,171
2158110000,7474980000,538000000,3968390000,113100000,14252580000,43,44,110,197
3446110000,5064110000,307750000,2534020000,747610000,12099600000,35,28,93,156
2690490000,6381880000,258230000,601180000,427180000,10358960000,38,35,84,157
2359380000,290680000,29140000,27060000,5803380000,8509640000,25,31,80,136
4551890000,9059450000,705050000,1278080000,472330000,16066800000,45,39,100,184
1344120000,166130000,31720000,250000,8247500000,9789720000,43,34,91,168
6556580000,3381670000,601500000,1834500000,442650000,12816900000,44,29,89,162
2076230000,8281090000,217850000,28750000,5044010000,15647930000,48,43,105,196
1423090000,2228290000,16620000,292810000,1520130000,5480940000,30,34,96,160
1227920000,5306830000,502890000,85810000,6113440000,13236890000,52,44,112,208
7865020000,244150000,44340000,3680000,2982160000,11139350000,43,25,85,153
6384180000,30840000,23380000,12260000,4660040000,11110700000,29,38,97,164
10853340000,1929700000,279170000,399170000,10446960000,23908340000,43,31,85,159
2348500000,5055580000,367530000,796960000,598170000,9166740000,30,42,88,160
6315420000,2995990000,390980000,520000,1627680000,11330590000,40,34,97,171
2504980000,5883020000,626650000,1133620000,539820000,10688090000,38,39,92,169
508260000,1772560000,66760000,108080000,3230690000,5686350000,39,33,96,168
665270000,29870000,6000000,0,7862210000,8563350000,43,37,89,169
2961780000,3826530000,1150430000,2336940000,186450000,10462130000,34,37,101,172
2068700000,5483770000,1015200000,197440000,206260000,8971370000,36,37,92,165
579930000,1209690000,83770000,3584150000,11236360000,16693900000,34,41,97,172
1704700000,2511800000,314020000,5517590000,2653260000,12701370000,43,24,74,141
190300000,1985790000,218140000,2721060000,5828950000,10944240000,45,38,95,178
4616350000,3307130000,302250000,1118260000,1097380000,10441370000,45,47,117,209
3546230000,2608290000,94310000,196640000,2741000000,9186470000,44,45,111,200
2291860000,47540000,134330000,1522220000,1164290000,5160240000,40,42,86,168
2843520000,7037340000,340870000,540920000,1907860000,12670510000,49,30,97,176
653500000,144030000,16640000,731340000,7381540000,8927050000,49,41,108,198
2662680000,9130490000,54510000,365100000,3888270000,16101050000,44,37,95,176
1470180000,1486900000,25480000,903080000,576170000,4461810000,34,41,89,164
8316840000,119850000,24990000,21260000,6395090000,14878030000,40,33,82,155
1365260000,5385950000,413860000,1315600000,5081680000,13562350000,45,37,91,173
2111040000,8341350000,49480000,1633740000,4498330000,16633940000,50,33,92,175
5838620000,2636840000,338270000,1137880000,746050000,10697660000,37,39,100,176
3408110000,6674920000,599310000,153180000,1656930000,12492450000,46,39,92,177
7190030000,698980000,135300000,350000,3074230000,11098890000,38,28,83,149
6686240000,511170000,117560000,2170000,2764420000,10081560000,42,41,102,185
2058460000,1845830000,119540000,975830000,4077300000,9076960000,40,35,95,170
9483220000,538210000,85610000,15850000,5466160000,15589050000,48,28,101,177
3965890000,8990210000,951310000,1859610000,309810000,16076830000,34,33,84,151
4336930000,6972450000,2642350000,2540450000,691610000,17183790000,43,36,86,165
690550000,11055600000,2707050000,1955930000,231460000,16640590000,43,37,95,175
2846980000,2442510000,132120000,399250000,2898410000,8719270000,34,29,92,155
6037650000,11553450000,868810000,1411680000,418520000,20290110000,22,32,75,129
4993250000,381620000,171210000,68970000,8460030000,14075080000,25,26,74,125
2886360000,6241970000,334600000,1404840000,127830000,10995600000,52,32,100,184
4771970000,7830240000,900920000,876900000,153180000,14533210000,34,38,97,169
167510000,1746610000,262270000,242010000,3679950000,6098350000,38,35,84,157
7303160000,71910000,24380000,23300000,4999140000,12421890000,36,30,82,148
1136790000,8465400000,919030000,1249340000,2766930000,14537490000,41,32,95,168
1844070000,186380000,33450000,18960000,6863110000,8945970000,42,29,88,159
511790000,3744460000,357770000,81600000,7013860000,11709480000,46,39,93,178
3246570000,6750000,9620000,2650000,5696620000,8962210000,44,33,104,181
2943060000,11585670000,1084230000,1683910000,179950000,17476820000,44,31,85,160
3846430000,559750000,440910000,1311230000,5373350000,11531670000,27,29,86,142
2311330000,5473110000,375270000,677670000,143780000,8981160000,40,43,98,181
587630000,4102840000,529990000,1250970000,3898340000,10369770000,31,34,82,147
1873400000,6828840000,339960000,1042420000,372500000,10457120000,51,45,104,200
5457280000,993090000,234840000,1541280000,2373090000,10599580000,48,32,103,183
1801580000,5223140000,215070000,3004970000,211620000,10456380000,27,39,87,153
3767170000,4989920000,232240000,1082600000,275610000,10347540000,29,31,82,142
223310000,6505040000,938400000,516710000,3973800000,12157260000,48,35,100,183
3436890000,4922830000,547270000,893330000,280620000,10080940000,48,41,104,193
3108300000,5161930000,711540000,863340000,502460000,10347570000,46,25,95,166
1098870000,4552470000,1107900000,2881190000,440890000,10081320000,36,32,81,149
2130940000,898100000,635960000,17800000,8346690000,12029490000,42,31,93,166
8639850000,4920000,14220000,0,6186610000,14845600000,52,33,106,191
163200000,83130000,18370000,871970000,4166480000,5303150000,36,35,91,162
2919040000,2906710000,103690000,1172580000,1973880000,9075900000,42,40,95,177
302770000,1107620000,62880000,1627430000,12596870000,15697570000,44,25,85,154
4763730000,2912930000,175110000,1002710000,1844910000,10699390000,44,41,99,184
1401130000,4538950000,2230800000,3289960000,2774460000,14235300000,28,27,89,144
6124130000,190670000,30300000,0,4021190000,10366290000,27,29,71,127
4125600000,2271290000,1662870000,1851380000,164480000,10075620000,39,40,96,175
6548980000,831740000,161130000,0,3832180000,11374030000,41,38,96,175
430570000,451670000,227190000,4890890000,6844990000,12845310000,39,33,92,164
6514890000,1727720000,136780000,701260000,1884290000,10964940000,31,36,90,157
4338430000,4390990000,375930000,1047180000,3245640000,13398170000,49,26,95,170
4211050000,3874210000,1030570000,4659880000,407580000,14183290000,48,30,91,169
1379100000,385220000,648590000,4386190000,4043860000,10842960000,43,34,98,175
8309210000,1414680000,225300000,54460000,4690850000,14694500000,41,38,84,163
3111320000,5644300000,538900000,777850000,269520000,10341890000,46,38,109,193
5770430000,1044120000,67130000,15590000,3103470000,10000740000,47,32,101,180
768360000,3780920000,670320000,11757160000,4692940000,21669700000,35,32,80,147
2652770000,6079390000,259600000,1585570000,107190000,10684520000,32,36,92,160
4194930000,8540640000,638110000,761300000,1005970000,15140950000,40,28,78,146
3756840000,531490000,200500000,1910340000,1903760000,8302930000,46,35,92,173
2817370000,4496720000,129260000,284490000,413780000,8141620000,29,45,94,168
1270940000,5881860000,503110000,601200000,4214210000,12471320000,26,29,67,122
4566590000,2921600000,90060000,942380000,907210000,9427840000,28,37,95,160
1253250000,1349310000,58590000,243780000,1958760000,4863690000,49,38,96,183
6261560000,558640000,147290000,16690000,6063630000,13047810000,40,40,98,178
9300740000,1075220000,54490000,0,4216450000,14646900000,37,34,84,155
4257920000,4507320000,822990000,2156390000,239910000,11984530000,45,41,105,191
2127300000,1477950000,106650000,813640000,4156290000,8681830000,32,33,73,138
255370000,496420000,43640000,2160040000,6291650000,9247120000,21,29,74,124
754770000,6526420000,495580000,2024820000,1006270000,10807860000,44,32,102,178
3330350000,6454480000,137300000,144540000,4592660000,14659330000,30,38,91,159
4356590000,1776190000,392250000,1734890000,696570000,8956490000,44,28,89,161
3509690000,2530610000,339610000,358610000,3225860000,9964380000,28,33,82,143
2458370000,3833630000,362540000,1485380000,5013810000,13153730000,39,37,91,167
1179340000,6188080000,1242860000,6728950000,891940000,16231170000,23,31,73,127
3110410000,4902860000,268910000,203690000,590370000,9076240000,38,40,100,178
2044790000,396510000,25500000,640000,7229030000,9696470000,43,42,111,196
1083000000,745180000,212730000,6543300000,5359980000,13944190000,39,42,99,180
707240000,3578560000,92000000,292690000,5982530000,10653020000,29,39,87,155
5676550000,6517310000,1460520000,1185960000,282920000,15123260000,40,32,83,155
4689640000,4382490000,972550000,911710000,619970000,11576360000,32,36,91,159
1910710000,231690000,24430000,1240000,6622520000,8790590000,36,34,71,141
4023950000,5544050000,1163990000,2356040000,749560000,13837590000,37,43,99,179
3569860000,7191160000,988010000,566260000,356640000,12671930000,35,32,74,141
6180740000,1938120000,188270000,1980000,2548770000,10857880000,38,32,99,169
4764280000,214720000,91430000,0,4642010000,9712440000,40,35,76,151
3686240000,1333180000,65580000,820310000,6865800000,12771110000,42,33,106,181
2692320000,6006320000,185630000,1951070000,3663690000,14499030000,43,35,89,167
2072800000,2130000,1700000,231530000,6618270000,8926430000,48,31,91,170
1919830000,9441910000,900540000,2165660000,671960000,15099900000,46,35,98,179
5404640000,3497680000,408430000,1120000,2267870000,11579740000,31,37,85,153
1306110000,7900810000,334110000,67080000,4867650000,14475760000,47,37,95,179
1551600000,6754070000,1130430000,547850000,97600000,10081550000,38,38,92,168
9569860000,1660290000,287390000,205980000,2384890000,14108410000,34,40,107,181
4607650000,6165340000,1434390000,1255930000,639620000,14102930000,48,31,96,175
387030000,1892470000,793240000,2683060000,4830880000,10586680000,47,41,102,190
1981520000,497740000,175860000,16410000,4888060000,7559590000,42,39,98,179
3163160000,5139490000,495470000,841500000,696470000,10336090000,39,32,76,147
1745950000,7417980000,717270000,371380000,210160000,10462740000,41,36,79,156
3862650000,4308820000,540130000,1462860000,162900000,10337360000,40,31,88,159
1870070000,5753550000,767770000,495790000,318730000,9205910000,50,38,99,187
7882120000,3947070000,317740000,214900000,1751000000,14112830000,24,31,71,126
1863590000,2461560000,297590000,5664460000,170530000,10457730000,30,40,88,158
3874460000,83100000,16030000,0,2413500000,6387090000,33,37,78,148
1986260000,7214160000,303880000,1459240000,6320880000,17284420000,34,44,90,168
5127930000,2225250000,694500000,13650000,5117250000,13178580000,32,22,79,133
3497180000,227780000,108650000,806690000,519900000,5160200000,33,25,84,142
5450150000,4652350000,660360000,1395100000,1682440000,13840400000,42,33,97,172
652990000,2057270000,247150000,8347660000,4077490000,15382560000,41,30,89,160
2396610000,2766760000,168150000,117200000,3252580000,8701300000,48,41,105,194
40370000,1300310000,232680000,1637240000,4453200000,7663800000,43,33,79,155
7297750000,720620000,107240000,6360000,6310940000,14442910000,41,36,94,171
6578330000,2972760000,512060000,111380000,6603190000,16777720000,28,22,66,116
6489960000,99550000,66720000,12230000,3698940000,10367400000,40,31,83,154
4328840000,8225680000,563190000,696790000,278960000,14093460000,39,30,76,145
8314690000,2910390000,286430000,1810300000,1097030000,14418840000,40,35,91,166
4097060000,5683750000,376730000,329470000,2280110000,12767120000,34,32,76,142
5776510000,917120000,122200000,68860000,11711980000,18596670000,42,44,95,181
540720000,11398650000,827390000,1303650000,334730000,14405140000,35,30,98,163
314050000,2317950000,139090000,143790000,1985120000,4900000000,36,41,98,175
1328350000,121870000,20470000,0,7296650000,8767340000,35,37,107,179
5819630000,335410000,65450000,140730000,6353820000,12715040000,36,35,90,161
5717200000,1349470000,306430000,1349930000,1603080000,10326110000,43,46,122,211
7669540000,124110000,26960000,32190000,4118140000,11970940000,41,34,75,150
3196150000,2112060000,95950000,1503880000,3474350000,10382390000,41,31,83,155
3445810000,3358420000,452410000,2474550000,512030000,10243220000,28,35,86,149
905610000,6657810000,659220000,1529510000,329590000,10081740000,47,25,86,158
114510000,1525730000,541380000,559420000,2409000000,5150040000,45,44,103,192
3644880000,7867190000,737720000,2571790000,380150000,15201730000,41,39,81,161
3779930000,2846060000,368420000,504250000,2744730000,10243390000,30,34,97,161
554140000,6970300000,639910000,2478060000,149630000,10792040000,47,24,84,155
3650530000,3767290000,191470000,2711220000,137150000,10457660000,42,44,106,192
1886260000,6203470000,316010000,702740000,8989940000,18098420000,31,34,92,157
205620000,756590000,175610000,70360000,3476040000,4684220000,50,44,106,200
727520000,1905870000,461980000,5319260000,5885360000,14299990000,40,38,95,173
6341730000,1808810000,372120000,1016780000,792870000,10332310000,38,30,77,145
928030000,11053320000,284000000,348600000,3491810000,16105760000,38,36,100,174
1268710000,9007090000,58630000,1814050000,3056460000,15204940000,47,36,104,187
1876350000,4345390000,42480000,1187350000,3892350000,11343920000,41,38,94,173
1081770000,687590000,90310000,868170000,2687950000,5415790000,44,36,100,180
1269600000,3128410000,1596770000,1733870000,3357030000,11085680000,41,33,95,169
3348350000,6150000,5980000,4240000,2021010000,5385730000,46,44,114,204
2697150000,3900560000,40160000,154880000,3959260000,10752010000,52,31,102,185
7372180000,495660000,120560000,8170000,2366000000,10362570000,43,34,88,165
2342480000,5469720000,265640000,652150000,396320000,9126310000,37,39,105,181
1841990000,6522920000,379800000,270500000,797370000,9812580000,33,42,98,173
5188670000,9670150000,1055420000,1146740000,534060000,17595040000,48,39,103,190
2937820000,502720000,33380000,5580000,10353690000,13833190000,46,37,95,178
1624100000,5052250000,44900000,1392560000,3056660000,11170470000,48,25,91,164
1606680000,1866800000,267090000,1871300000,5632800000,11244670000,50,32,93,175
3086070000,862550000,32450000,300000,9851210000,13832580000,43,43,101,187
8183220000,8328200000,1134430000,2312620000,136840000,20095310000,39,30,75,144
3138090000,1436210000,110390000,358850000,126690000,5170230000,37,30,91,158
2021440000,605220000,83530000,1980000,7171470000,9883640000,42,37,90,169
1226200000,5043750000,59680000,1915370000,2745840000,10990840000,43,32,84,159
2499490000,651130000,59160000,9920000,11079180000,14298880000,33,35,68,136
7359330000,1205750000,46670000,290000,2491690000,11103730000,38,31,96,165
1242000000,2657170000,76200000,895370000,5791170000,10661910000,42,26,88,156
1881900000,7252520000,628380000,815220000,134660000,10712680000,20,34,77,131
1843190000,1268950000,198100000,173710000,9202370000,12686320000,34,31,84,149
3119650000,5015940000,106530000,420150000,2116000000,10778270000,50,37,112,199
269510000,977840000,129870000,1833230000,6086640000,9297090000,27,38,98,163
3488590000,4346670000,22190000,461360000,2444440000,10763250000,45,38,106,189
453120000,7340690000,1728960000,772180000,172830000,10467780000,41,32,82,155
2780480000,6395470000,322250000,725180000,341430000,10564810000,31,35,87,153
3085690000,2419910000,645510000,2066270000,1868230000,10085610000,49,31,99,179
2806970000,63240000,3020000,560000,11910970000,14784760000,33,39,100,172
2580340000,6449310000,48780000,319360000,1385500000,10783290000,46,29,91,166
3379490000,5562440000,415380000,744410000,240120000,10341840000,45,34,90,169
1767440000,7658310000,37390000,362300000,961600000,10787040000,35,36,83,154
1657140000,681500000,163070000,65220000,2493150000,5060080000,25,28,75,128
3388660000,4834000000,882020000,1143990000,719810000,10968480000,29,32,87,148
1129980000,7678290000,794060000,319140000,420890000,10342360000,41,37,108,186
3119680000,3126950000,448820000,1001470000,2745590000,10442510000,40,34,100,174
1871540000,399270000,17360000,0,6290880000,8579050000,29,39,90,158
3475130000,3483930000,112370000,626320000,257520000,7955270000,42,39,89,170
5120550000,97980000,20100000,970000,3966790000,9206390000,39,35,92,166
3581240000,5795320000,165670000,694340000,486620000,10723190000,42,38,89,169
3867720000,4553920000,231510000,1457400000,345820000,10456370000,35,36,89,160
6151360000,6630680000,793830000,1374460000,167620000,15117950000,43,36,95,174
267380000,2823630000,169590000,80870000,1788400000,5129870000,50,31,93,174
3960070000,10189960000,741830000,2280130000,1495680000,18667670000,35,34,102,171
3138210000,5575320000,792830000,430810000,143930000,10081100000,50,43,107,200
673410000,38650000,11030000,862330000,7956950000,9542370000,40,37,86,163
6943510000,3161510000,337420000,94720000,2129880000,12667040000,41,19,78,138
2676530000,1673620000,68420000,464950000,8969560000,13853080000,22,34,79,135
7077150000,798290000,143360000,0,3085270000,11104070000,45,37,88,170
1493290000,3616210000,734630000,101460000,3226280000,9171870000,31,37,89,157
1569550000,2188380000,107670000,505660000,545060000,4916320000,49,40,114,203
2703710000,7027830000,766920000,222390000,221440000,10942290000,38,47,113,198
6359650000,3012230000,942540000,129120000,6452800000,16896340000,40,38,99,177
5186410000,48940000,3550000,84380000,5049280000,10372560000,33,26,76,135
1966510000,6172650000,346030000,301240000,184800000,8971230000,39,32,85,156
5521130000,1148530000,154370000,631970000,2876550000,10332550000,34,33,96,163
3623050000,4707870000,214630000,935850000,1251840000,10733240000,39,42,100,181
1769890000,4026310000,555020000,482480000,2121870000,8955570000,40,23,72,135
6700560000,5551940000,189340000,1077210000,578480000,14097530000,45,30,84,159
3085800000,2858030000,232860000,447460000,3645730000,10269880000,42,39,88,169
485740000,3933110000,450220000,2155850000,5531940000,12556860000,45,45,100,190
5824920000,1734540000,128900000,0,3064860000,10753220000,36,29,70,135
812780000,7738910000,616240000,820810000,694510000,10683250000,39,37,103,179
958960000,5033400000,683310000,3131150000,408790000,10215610000,41,43,99,183
129110000,3460000,1010000,387390000,4859040000,5380010000,39,36,95,170
5631910000,5290500000,1270790000,1330330000,313510000,13837040000,41,34,90,165
3522960000,4729560000,337630000,1840640000,6196890000,16627680000,46,28,93,167
1078660000,8048050000,646490000,264840000,639550000,10677590000,47,42,100,189
3485190000,180940000,4970000,47460000,8731120000,12449680000,39,34,94,167
7137010000,2598950000,721990000,1772560000,691870000,12922380000,31,42,90,163
3281060000,926870000,118840000,380000,1193870000,5521020000,48,46,110,204
2455420000,224110000,14830000,34080000,7086170000,9814610000,42,28,84,154
3472830000,4997220000,170060000,1400600000,411890000,10452600000,41,37,100,178
3716140000,6359000000,1279070000,594720000,9033550000,20982480000,30,31,90,151
3181630000,7509260000,1928620000,339670000,868070000,13827250000,45,47,115,207
2864020000,3979790000,411030000,271140000,6681240000,14207220000,39,39,95,173
4198010000,856760000,85030000,6960000,895220000,6041980000,48,41,98,187
1378960000,2125100000,57290000,563410000,1190850000,5315610000,47,42,102,191
807730000,9711540000,137520000,21340000,2117860000,12795990000,29,39,100,168
2511730000,1047270000,560630000,244540000,4184740000,8548910000,46,47,127,220
900160000,5775550000,529460000,88150000,2788140000,10081460000,20,37,86,143
532270000,309650000,80730000,1973780000,7317230000,10213660000,34,36,95,165
1132310000,500530000,151000000,2679950000,4662560000,9126350000,40,42,110,192
6364200000,195020000,19780000,29510000,3758930000,10367440000,34,48,98,180
3624440000,4258110000,66020000,782970000,4191400000,12922940000,33,32,85,150
4844460000,2607270000,102020000,2397240000,4035320000,13986310000,41,38,94,173
1761070000,7132990000,791550000,1889550000,2246830000,13821990000,34,33,93,160
4200250000,2297570000,276400000,3242090000,440790000,10457100000,39,43,110,192
3205540000,1061480000,308850000,1910020000,2334770000,8820660000,39,32,85,156
2970990000,7738450000,949500000,1039020000,381200000,13079160000,38,38,97,173
80490000,1042910000,47170000,213010000,3911990000,5295570000,34,38,96,168
2679290000,9993570000,1838940000,2288600000,609760000,17410160000,30,35,82,147
8745060000,2875520000,305120000,223110000,3386240000,15535050000,17,31,70,118
5182720000,2752330000,434410000,350000,1454380000,9824190000,38,40,97,175
5771370000,5147500000,1302100000,1388780000,227640000,13837390000,47,38,98,183
994640000,5904390000,574700000,606570000,621940000,8702240000,46,34,87,167
237370000,692500000,409540000,7009340000,3960240000,12308990000,41,27,93,161
3165210000,4237540000,329580000,212340000,2120440000,10065110000,31,29,79,139
2038000000,58930000,15800000,0,11745650000,13858380000,42,29,80,151
1194120000,2343360000,75080000,480570000,4942910000,9036040000,45,36,90,171
4408940000,4495740000,357250000,814740000,260720000,10337390000,44,34,90,168
1367250000,2437400000,121840000,777590000,159980000,4864060000,31,30,91,152
3501910000,4161750000,961580000,39850000,5263690000,13928780000,39,27,74,140
4465660000,5811480000,572680000,3081970000,260010000,14191800000,43,32,87,162
774380000,8074470000,501790000,820390000,506560000,10677590000,48,39,101,188
825490000,1939660000,38840000,131090000,930110000,3865190000,46,37,92,175
7997910000,1005470000,90890000,0,2494550000,11588820000,47,26,83,156
231720000,1241900000,17320000,390280000,6714290000,8595510000,28,40,74,142
459370000,3773140000,212280000,89870000,3542790000,8077450000,43,36,85,164
5717140000,63230000,29890000,8200000,4554020000,10372480000,18,29,70,117
2161380000,0,2800000,57550000,8566720000,10788450000,40,37,93,170
1070160000,5529070000,401570000,1417420000,647920000,9066140000,40,37,92,169
3689040000,5804110000,346770000,971460000,3457210000,14268590000,32,35,86,153
3245170000,3399030000,23850000,719630000,3189150000,10576830000,34,39,94,167
2400600000,6274850000,357160000,4981680000,179770000,14194060000,38,36,95,169
5499100000,3276920000,209440000,810600000,4517920000,14313980000,44,35,91,170
3548370000,4585870000,201470000,484330000,701860000,9521900000,38,29,86,153
622570000,1673370000,76970000,132250000,3050920000,5556080000,44,45,110,199
1741600000,5995150000,460700000,870960000,167460000,9235870000,38,44,97,179
2798740000,5481270000,525930000,1146200000,129250000,10081390000,48,43,108,199
1336590000,8484370000,111450000,201110000,643460000,10776980000,45,33,96,174
1183940000,4345150000,153110000,390890000,240250000,6313340000,41,34,90,165
3371390000,5249040000,477070000,1271970000,338260000,10707730000,37,46,100,183
190080000,8784000000,768030000,4220000,3689520000,13435850000,19,30,67,116
1863390000,1562660000,692040000,234500000,3840210000,8192800000,47,34,95,176
409610000,1800690000,38050000,191490000,2850720000,5290560000,44,45,110,199
338740000,430840000,34990000,114850000,1579310000,2498730000,32,22,74,128
2762240000,4841160000,126970000,583850000,586730000,8900950000,44,39,95,178
5066580000,6020420000,1707350000,740100000,303420000,13837870000,42,32,86,160
56480000,571860000,582790000,1083970000,3463450000,5758550000,36,41,86,163
253230000,4167830000,145060000,440190000,459590000,5465900000,42,35,95,172
4135070000,35680000,9830000,131860000,6065160000,10377600000,38,29,90,157
14362130000,29068600000,1667340000,2636270000,3930290000,51664630000,47,37,98,182
12893490000,18250230000,823400000,2207990000,9414300000,43589410000,50,46,107,203
18508170000,23976390000,3021040000,3729930000,2551220000,51786750000,53,41,114,208
12486170000,166780000,30560000,560000,41943430000,54627500000,47,41,102,190
14495800000,37181790000,2421470000,4567430000,1488120000,60154610000,41,43,119,203
17440680000,10875100000,1948480000,7342060000,2762180000,40368500000,51,45,117,213
14986420000,24430130000,1347750000,3145820000,3398690000,47308810000,42,34,96,172
17998770000,2805860000,1494310000,11340730000,9867940000,43507610000,49,52,128,229
6602570000,21023910000,1046200000,670680000,19350150000,48693510000,32,38,88,158
1427560000,5270020000,840040000,24448250000,29419240000,61405110000,44,42,108,194
5797840000,23579680000,2586950000,12670320000,13165530000,57800320000,54,37,101,192
13454970000,28505910000,3682570000,2972770000,1000890000,49617110000,38,50,105,193
14180330000,1217270000,155770000,194530000,22221250000,37969150000,35,44,96,175
7608770000,19744860000,1542710000,4496410000,8861710000,42254460000,46,45,106,197
12757610000,11619410000,1352860000,5423680000,7234690000,38388250000,48,37,110,195
4335980000,2687420000,1032730000,10130090000,23192020000,41378240000,41,45,97,183
2818120000,1008370000,144110000,4088810000,32489020000,40548430000,50,42,112,204
1793120000,3021720000,909510000,13774710000,19308500000,38807560000,46,44,108,198
12571360000,28879440000,1510530000,2426660000,31814850000,77202840000,37,44,115,196
33890790000,12159710000,2375790000,1294650000,31719870000,81440810000,50,46,115,211
14906270000,24013920000,3003800000,8940580000,2217140000,53081710000,51,39,100,190
15685660000,26411670000,3459730000,4026300000,2395270000,51978630000,47,43,106,196
11585240000,30908320000,2893330000,2629730000,9345920000,57362540000,37,41,106,184
27887740000,700240000,283550000,29170000,14093480000,42994180000,52,32,98,182
19479150000,17318050000,2230630000,8944850000,1414960000,49387640000,47,45,106,198
23893620000,9134500000,816650000,448430000,12874640000,47167840000,51,44,119,214
8288610000,1617210000,282400000,31920000,32280910000,42501050000,48,48,116,212
27081500000,9743630000,1772420000,339230000,19832810000,58769590000,43,40,103,186
7484420000,33431460000,856710000,2718160000,20749160000,65239910000,39,39,99,177
6600660000,27381840000,444730000,976110000,18094170000,53497510000,38,45,103,186
36291020000,2223040000,478220000,33990000,33808380000,72834650000,46,44,105,195
15503300000,20073860000,1173490000,3597600000,16645870000,56994120000,58,55,146,259
11270360000,26271630000,2129550000,5365950000,1178010000,46215500000,41,46,106,193
18832660000,18301470000,4159330000,5550010000,1148680000,47992150000,52,35,113,200
11291370000,1478830000,51480000,134110000,28968120000,41923910000,38,42,112,192
13118430000,15250430000,5135170000,5735600000,862230000,40101860000,47,47,113,207
32228530000,959770000,150950000,85990000,20935600000,54360840000,43,43,119,205
32461120000,557090000,247380000,154760000,21031380000,54451730000,53,42,105,200
5118510000,25162330000,9190750000,6187390000,7866170000,53525150000,31,35,80,146
30524690000,7585780000,803830000,740000,19946460000,58861500000,49,49,119,217
9376380000,18698440000,2229750000,1616230000,7686080000,39606880000,47,38,94,179
1561160000,12132710000,832980000,874840000,4557970000,19959660000,51,45,106,202
20435060000,12290050000,777450000,2851970000,29751960000,66106490000,55,43,114,212
11548140000,445640000,60370000,162860000,39917740000,52134750000,41,46,105,192
19155760000,32463510000,4336600000,5201940000,2127630000,63285440000,32,45,104,181
13903580000,23112550000,1359240000,437740000,15618630000,54431740000,22,39,87,148
13232190000,23917590000,3505640000,1312920000,6889170000,48857510000,44,48,111,203
6633990000,31772860000,1274330000,4137420000,9786770000,53605370000,57,47,128,232
28301720000,10774050000,1860680000,3100000,15116860000,56056410000,47,45,112,204
27049500000,5362770000,923050000,1070000,15727480000,49063870000,54,49,111,214
28029820000,1187320000,314860000,78190000,22793570000,52403760000,44,42,94,180
9772790000,4492840000,1587900000,2064350000,14807310000,32725190000,54,43,115,212
39884290000,4038010000,450920000,800000,20397260000,64771280000,47,45,117,209
16681030000,20060470000,1265040000,5511820000,11851800000,55370160000,52,37,110,199
26743420000,14208690000,1735560000,4001360000,9668470000,56357500000,40,38,82,160
11867950000,12074520000,2402460000,10996730000,1263500000,38605160000,46,41,99,186
15916580000,18335670000,2896690000,3815110000,410320000,41374370000,43,34,84,161
10927560000,20080530000,608740000,3598750000,4532590000,39748170000,41,51,123,215
16390600000,2348420000,404100000,193940000,32985810000,52322870000,51,40,97,188
1577090000,4426110000,424360000,18238970000,22549850000,47216380000,43,38,108,189
13687840000,16040940000,304820000,4934320000,19303150000,54271070000,35,44,93,172
12997430000,10273020000,909810000,3448850000,7665280000,35294390000,36,45,108,189
21012090000,5027780000,1191600000,118150000,14887600000,42237220000,49,45,123,217
27206890000,1438760000,322390000,37390000,17545260000,46550690000,41,46,103,190
12833500000,21808160000,3365140000,5089310000,782600000,43878710000,47,51,122,220
2698430000,12334510000,3055600000,10800340000,11472550000,40361430000,39,40,89,168
11649610000,19240630000,1311800000,3739920000,23494170000,59436130000,30,42,106,178
14050990000,13979080000,3210090000,5592510000,2230780000,39063450000,40,44,114,198
19374840000,3277420000,389080000,15140000,15929740000,38986220000,36,46,107,189
16977450000,22328170000,2368720000,5512940000,9264120000,56451400000,50,37,94,181
2668330000,24477730000,1853990000,1500620000,24270720000,54771390000,58,55,141,254
16500660000,33123230000,3441130000,3166890000,1392470000,57624380000,45,41,97,183
17173290000,21115110000,2462260000,5003410000,1510990000,47265060000,51,38,116,205
11470120000,25159040000,317280000,1940440000,12078350000,50965230000,55,56,144,255
10868090000,24722040000,1679650000,3808230000,944210000,42022220000,42,43,105,190
6895110000,21688680000,2536330000,7360980000,12270220000,50751320000,46,42,102,190
14792850000,672430000,65800000,471690000,37993320000,53996090000,41,35,103,179
12816720000,28225220000,2203970000,4653180000,753210000,48652300000,43,44,111,198
18110020000,27910000000,3671890000,3362460000,2746190000,55800560000,42,43,94,179
11264770000,23252920000,1598010000,3044660000,14421910000,53582270000,51,46,114,211
3491550000,5593840000,1505400000,18985330000,15143080000,44719200000,47,41,104,192
23447340000,33859560000,2539450000,5094810000,5552900000,70494060000,46,45,103,194
6116740000,34129130000,2697450000,12561910000,3365450000,58870680000,44,39,98,181
1522460000,22267710000,5506550000,10271410000,5919680000,45487810000,44,42,105,191
2829370000,18772050000,3990190000,14053670000,5221070000,44866350000,33,44,105,182
11328240000,22057810000,1109420000,7038360000,1088980000,42622810000,42,47,106,195
5862320000,19020850000,996790000,281410000,13954180000,40115550000,51,39,110,200
23975560000,15281010000,1880190000,8163310000,3557960000,52858030000,46,44,99,189
5420050000,38439780000,2927180000,4494370000,2525360000,53806740000,38,48,108,194
12851800000,7160790000,1242940000,7054660000,9174050000,37484240000,40,33,103,176
9995680000,10897040000,389210000,4777580000,7033500000,33093010000,36,41,110,187
13951560000,11935830000,1152940000,3208210000,12439340000,42687880000,56,45,122,223
2401850000,20757480000,4700510000,3398490000,17055880000,48314210000,33,38,89,160
8373790000,30299370000,368040000,9111260000,16888250000,65040710000,53,48,114,215
16321420000,26370110000,1808970000,1497900000,11852900000,57851300000,47,53,119,219
2629180000,17832220000,1703660000,2465690000,20455610000,45086360000,53,46,120,219
5031790000,13585590000,652390000,2388560000,35888280000,57546610000,37,45,115,197
17305780000,35292590000,2077110000,9189230000,1464780000,65329490000,20,37,85,142
11971950000,642510000,88890000,1028460000,40219530000,53951340000,52,45,111,208
18422300000,20416870000,2104390000,3943450000,1898780000,46785790000,44,39,93,176
10320420000,16439360000,310320000,2612640000,7649030000,37331770000,49,41,113,203
6172320000,20648640000,3200380000,7713790000,4921330000,42656460000,39,44,105,188
31045730000,119920000,71440000,4480000,20132290000,51373860000,43,46,103,192
9914140000,15214080000,629370000,4270460000,24817590000,54845640000,42,47,110,199
7130600000,1867440000,140010000,5610000,29770800000,38914460000,52,42,114,208
12392970000,8246160000,2174570000,7156530000,10144410000,40114640000,48,53,118,219
14455810000,7856110000,2416550000,9972140000,7951160000,42651770000,45,35,93,173
21957690000,27617400000,1997430000,4865380000,13560760000,69998660000,51,46,116,213
10809220000,12535130000,1058730000,15833680000,1145880000,41382640000,39,44,101,184
1331070000,3324640000,967640000,9914360000,18420270000,33957980000,43,43,99,185
21410720000,17200010000,504360000,7136450000,6116230000,52367770000,42,36,88,166
22578470000,9952940000,683670000,9249830000,21653830000,64118740000,47,43,109,199
30196190000,58114640000,4049210000,10258260000,92736120000,195354420000,47,45,108,200
79753870000,24717870000,3549940000,1489180000,62003680000,171514540000,53,53,115,221
68253530000,125882870000,5238340000,17030590000,91159350000,307564680000,56,44,118,218
12299880000,18916080000,3647730000,58883670000,133970860000,227718220000,61,59,156,276
67906240000,12693670000,2151280000,263960000,133173400000,216188550000,52,50,118,220
46948630000,92147190000,7727490000,12338180000,30174610000,189336100000,52,52,128,232
52137480000,56208250000,2811950000,13380040000,34874040000,159411760000,58,54,136,248
98370820000,21097140000,3007350000,890330000,64338620000,187704260000,60,55,144,259
78271100000,63512890000,7597020000,19158440000,20504820000,189044270000,47,53,145,245
20283920000,39757650000,1806120000,8831790000,75056700000,145736180000,56,56,129,241
90187010000,1469210000,372220000,1213400000,160767100000,254008940000,57,60,139,256
36627820000,75009890000,3852260000,13684870000,11703440000,140878280000,46,53,124,223
67996610000,193855810000,6241980000,25094810000,125120500000,418309710000,52,49,125,226
100075440000,11967110000,1620820000,129760000,81445830000,195238960000,49,46,121,216
27685040000,95923370000,7418290000,34566130000,47285190000,212878020000,51,54,126,231
41360310000,88636000000,17161030000,33634090000,25401470000,206192900000,48,55,126,229
52855370000,78682980000,6669600000,14330440000,17426390000,169964780000,45,41,106,192
59491900000,90720280000,9874180000,14791270000,6217700000,181095330000,58,48,131,237
38781190000,49650620000,7930900000,16970970000,10570010000,123903690000,37,48,118,203
70582050000,60042790000,13238720000,33918250000,21580320000,199362130000,51,44,117,212
45380860000,68892910000,7945840000,7328950000,45629050000,175177610000,61,55,142,258
108304510000,5830870000,797100000,1040900000,144493130000,260466510000,57,51,122,230
37582700000,99744130000,18265950000,23033030000,27494250000,206120060000,50,48,120,218
56008950000,91288970000,10661090000,14895230000,5206400000,178060640000,54,50,122,226
10359710000,66614730000,14913570000,67601550000,80271830000,239761390000,50,63,142,255
46364220000,57079910000,6187720000,5878140000,93730760000,209240750000,60,53,135,248
72366540000,67682930000,9041140000,49093580000,43460970000,241645160000,56,47,115,218
62668670000,115944790000,9602520000,20434640000,13207520000,221858140000,54,51,126,231
224359170000,86572970000,11116500000,8285710000,319994520000,650328870000,62,59,152,273
361810540000,43721750000,6134000000,4195510000,431872950000,847734750000,59,69,163,291
313679780000,375699680000,60291540000,141422740000,137201450000,1028295190000,63,57,145,265
42126650000,189050020000,36502190000,160473900000,297383760000,725536520000,65,65,167,297
153536900000,352526530000,14410080000,54486620000,243037050000,817997180000,69,64,165,298
225839980000,359510390000,31437410000,64018220000,110625840000,791431840000,62,63,157,282
269984690000,438648030000,38081380000,87256250000,316912520000,1150882870000,51,61,152,264
1547170170000,1789055420000,186008970000,503170950000,1976576460000,6001981970000,89,92,236,417
