Forest,Agriculture,Other,Area_Total,forest_sp,agriculture_sp,generalist_sp,Sp_Total
147070000,292150000,2050920000,2490140000,21,25,67,113
172980000,395020000,1630040000,2198040000,20,24,65,109
175890000,1257450000,1066660000,2500000000,26,28,69,123
619460000,781250000,1099290000,2500000000,23,24,60,107
565210000,517030000,1417760000,2500000000,26,27,73,126
248050000,1979790000,272160000,2500000000,21,29,61,111
991010000,445190000,1063800000,2500000000,20,26,67,113
597140000,1807380000,95480000,2500000000,21,29,70,120
469440000,1897980000,132580000,2500000000,23,30,65,118
597850000,1300620000,601530000,2500000000,22,26,68,116
719640000,1444340000,336020000,2500000000,22,28,72,122
1221380000,659120000,619500000,2500000000,24,21,58,103
1340190000,1046150000,113660000,2500000000,24,26,71,121
922150000,855170000,722680000,2500000000,21,25,67,113
1456990000,358370000,684640000,2500000000,25,20,59,104
148730000,854620000,1496650000,2500000000,25,31,73,129
845680000,604670000,1049650000,2500000000,28,26,72,126
414280000,744400000,1341320000,2500000000,25,29,76,130
439840000,1858190000,201970000,2500000000,22,28,67,117
466820000,1356390000,676790000,2500000000,28,29,74,131
380550000,2010980000,108470000,2500000000,18,28,67,113
122230000,1766120000,611650000,2500000000,31,36,76,143
786170000,983310000,730520000,2500000000,26,26,68,120
484080000,1091590000,924330000,2500000000,33,34,80,147
50250000,783370000,1666380000,2500000000,23,40,92,155
15130000,55280000,1668920000,1739330000,20,33,75,128
688730000,741300000,1069970000,2500000000,31,25,77,133
505860000,1099070000,895070000,2500000000,16,16,54,86
283010000,1637100000,579890000,2500000000,24,25,68,117
64010000,904160000,1531830000,2500000000,26,33,78,137
133870000,1985160000,380970000,2500000000,25,36,77,138
96380000,1353660000,1049960000,2500000000,27,34,79,140
219170000,163890000,1886850000,2269910000,11,16,46,73
462900000,289980000,1631840000,2384720000,16,19,59,94
594330000,1031150000,874520000,2500000000,21,16,50,87
1017820000,635340000,846840000,2500000000,24,18,54,96
748630000,529020000,1222350000,2500000000,21,20,68,109
616790000,665380000,1217830000,2500000000,24,21,65,110
602590000,694890000,1202520000,2500000000,23,26,68,117
445530000,474580000,1579890000,2500000000,26,25,78,129
771040000,1126010000,602950000,2500000000,17,24,61,102
993420000,751790000,754790000,2500000000,21,23,63,107
632550000,1133560000,733890000,2500000000,18,18,56,92
481470000,784390000,1234140000,2500000000,25,21,61,107
510000000,769190000,1220810000,2500000000,36,31,78,145
367300000,1209360000,923340000,2500000000,24,22,56,102
401060000,986000000,1112940000,2500000000,23,25,59,107
240340000,1373610000,886050000,2500000000,31,31,69,131
117380000,1164760000,1217860000,2500000000,33,32,83,148
398500000,721480000,1380020000,2500000000,25,29,72,126
363420000,1231180000,905400000,2500000000,31,28,75,134
286230000,1301070000,912700000,2500000000,30,27,77,134
443140000,1173540000,883320000,2500000000,21,20,66,107
932070000,543190000,1024740000,2500000000,30,23,73,126
858840000,549600000,1091560000,2500000000,17,21,54,92
606810000,682430000,1210760000,2500000000,36,30,80,146
303540000,1296320000,900140000,2500000000,32,29,72,133
220280000,1427780000,851940000,2500000000,35,37,86,158
666910000,1084110000,748980000,2500000000,31,28,72,131
582370000,136120000,1781510000,2500000000,29,18,59,106
1120680000,441330000,937990000,2500000000,27,27,67,121
5310000,35110000,1799620000,1840040000,13,30,64,107
58030000,57560000,2221560000,2337150000,15,26,63,104
37110000,112050000,2350840000,2500000000,19,27,69,115
27670000,84540000,2387790000,2500000000,10,21,54,85
119890000,190870000,2189240000,2500000000,10,19,47,76
32620000,163980000,2303400000,2500000000,18,25,63,106
23120000,113910000,2356180000,2493210000,13,26,58,97
112360000,353130000,2034510000,2500000000,17,28,57,102
36010000,117270000,2282530000,2435810000,17,29,70,116
70190000,171530000,2258280000,2500000000,16,27,61,104
173250000,328050000,1998700000,2500000000,19,30,53,102
184890000,326790000,1988320000,2500000000,20,31,56,107
10730000,71200000,2256140000,2338070000,20,30,68,118
185500000,543890000,1770610000,2500000000,16,22,59,97
35240000,442590000,2022170000,2500000000,13,18,50,81
86140000,386000000,2007460000,2479600000,15,22,58,95
39890000,143120000,2316990000,2500000000,16,20,54,90
134840000,317640000,2047520000,2500000000,15,20,51,86
121150000,308250000,2070600000,2500000000,16,21,53,90
28230000,101980000,2369790000,2500000000,16,27,57,100
106350000,117800000,2275850000,2500000000,17,21,50,88
33710000,159810000,2306480000,2500000000,19,24,61,104
41040000,161160000,2247530000,2449730000,19,28,65,112
64280000,106160000,2329560000,2500000000,18,29,63,110
365890000,1479860000,654250000,2500000000,25,34,82,141
239430000,421440000,1839130000,2500000000,18,28,66,112
70130000,664930000,1764940000,2500000000,15,25,64,104
53260000,288930000,2157810000,2500000000,16,25,55,96
25630000,615480000,1858890000,2500000000,18,24,67,109
131530000,2240000,2366230000,2500000000,22,27,65,114
279420000,1510530000,710050000,2500000000,32,32,90,154
177720000,1765650000,556630000,2500000000,22,30,63,115
350550000,1022860000,1126590000,2500000000,29,30,76,135
48390000,1637350000,814260000,2500000000,28,34,82,144
314940000,1306160000,878900000,2500000000,33,33,86,152
305690000,1269610000,924700000,2500000000,27,29,71,127
104330000,64350000,1905610000,2074290000,24,18,57,99
114180000,1325100000,1060720000,2500000000,29,31,80,140
20010000,2390150000,89840000,2500000000,25,30,69,124
98340000,1959360000,442300000,2500000000,25,32,77,134
484810000,1199410000,815780000,2500000000,25,24,55,104
461670000,762440000,1275890000,2500000000,29,25,69,123
316930000,922020000,1261050000,2500000000,27,34,75,136
182410000,1916400000,401190000,2500000000,27,29,81,137
225940000,778480000,1495580000,2500000000,31,30,70,131
136790000,750710000,1612500000,2500000000,27,27,71,125
243730000,1931720000,324550000,2500000000,22,22,61,105
177050000,1994850000,328100000,2500000000,28,29,67,124
244300000,1492620000,763080000,2500000000,31,26,71,128
486270000,918480000,1095250000,2500000000,26,29,67,122
115310000,1762410000,622280000,2500000000,24,34,66,124
16930000,2052630000,430440000,2500000000,23,32,68,123
58830000,457090000,1984080000,2500000000,27,31,78,136
498960000,1372050000,628990000,2500000000,31,26,67,124
580420000,709350000,1210230000,2500000000,23,26,57,106
333500000,1458870000,707630000,2500000000,22,25,56,103
310490000,1387510000,802000000,2500000000,18,33,65,116
729220000,196780000,1574000000,2500000000,32,22,66,120
73210000,1241440000,1185350000,2500000000,25,30,76,131
307800000,1374150000,818050000,2500000000,22,23,61,106
135390000,1658220000,706390000,2500000000,28,33,89,150
527380000,1449160000,523460000,2500000000,29,23,61,113
538780000,1018480000,942740000,2500000000,28,24,67,119
465950000,762500000,1271550000,2500000000,28,23,61,112
772010000,471320000,1256670000,2500000000,26,22,62,110
739550000,581680000,1178770000,2500000000,32,25,72,129
209990000,901850000,1388160000,2500000000,29,25,66,120
56430000,987090000,1456480000,2500000000,28,32,87,147
46080000,1244970000,1208950000,2500000000,30,29,77,136
457390000,956260000,1086350000,2500000000,35,30,81,146
378300000,508300000,1613400000,2500000000,36,27,86,149
201010000,1774140000,524850000,2500000000,36,40,81,157
626350000,1255410000,618240000,2500000000,31,37,81,149
363600000,386730000,1749670000,2500000000,37,32,79,148
568290000,406610000,1525100000,2500000000,37,31,81,149
143580000,2241420000,115000000,2500000000,27,31,77,135
147220000,1940430000,412350000,2500000000,31,32,76,139
770250000,1411350000,318400000,2500000000,30,28,64,122
383340000,1412210000,704450000,2500000000,34,33,79,146
46580000,2372500000,80920000,2500000000,22,31,70,123
103080000,2300680000,96240000,2500000000,26,31,75,132
119490000,2226540000,153970000,2500000000,29,33,78,140
256750000,1871490000,371760000,2500000000,29,29,79,137
1131830000,125560000,1242610000,2500000000,35,23,71,129
849210000,1068750000,582040000,2500000000,34,31,80,145
982080000,73350000,1444570000,2500000000,36,24,75,135
585080000,1475130000,439790000,2500000000,40,28,81,149
294280000,141930000,1803590000,2239800000,19,18,63,100
55750000,47410000,1576970000,1680130000,25,25,61,111
206050000,970110000,1323840000,2500000000,34,31,85,150
410630000,1336870000,752500000,2500000000,30,26,72,128
507360000,279410000,1713230000,2500000000,37,32,84,153
572850000,865400000,1061750000,2500000000,32,28,71,131
345510000,1177800000,976690000,2500000000,35,31,79,145
126200000,2127250000,246550000,2500000000,30,31,75,136
215360000,2062410000,222230000,2500000000,31,32,71,134
1226790000,681080000,592130000,2500000000,35,29,82,146
824830000,1161830000,513340000,2500000000,35,28,85,148
713600000,232730000,1553670000,2500000000,25,27,80,132
484210000,1076310000,939480000,2500000000,28,29,84,141
925920000,477670000,1096410000,2500000000,30,25,77,132
527230000,1293730000,679040000,2500000000,33,32,83,148
12350000,94040000,1891610000,1998000000,16,28,69,113
150350000,519740000,1824840000,2494930000,27,29,81,137
404410000,1610740000,484850000,2500000000,31,28,70,129
1179840000,563530000,756630000,2500000000,32,26,72,130
405160000,1218250000,876590000,2500000000,27,30,66,123
690450000,1197540000,612010000,2500000000,27,31,71,129
1091690000,611850000,796460000,2500000000,24,27,62,113
1170060000,519070000,810870000,2500000000,37,30,83,150
1165950000,632560000,701490000,2500000000,38,28,77,143
383700000,1356340000,759960000,2500000000,39,36,91,166
373670000,1367310000,759020000,2500000000,33,27,75,135
1174710000,66370000,1258920000,2500000000,31,26,74,131
631160000,1491310000,377530000,2500000000,35,32,90,157
1275870000,27680000,1196450000,2500000000,37,26,79,142
693310000,1299470000,507220000,2500000000,38,34,92,164
43680000,639190000,1817130000,2500000000,24,34,82,140
237000000,1144870000,1118130000,2500000000,26,37,87,150
4690000,88740000,2022620000,2116050000,17,30,75,122
263480000,1636930000,599590000,2500000000,27,31,83,141
40760000,926270000,1532970000,2500000000,19,38,85,142
487610000,954170000,1058220000,2500000000,25,21,63,109
179570000,1788640000,531790000,2500000000,26,33,72,131
131700000,1965880000,402420000,2500000000,31,37,87,155
196100000,1695170000,608730000,2500000000,33,34,78,145
499460000,1443880000,556660000,2500000000,35,33,82,150
1164500000,229800000,1105700000,2500000000,42,29,84,155
625470000,1248390000,626140000,2500000000,40,32,88,160
1044700000,457090000,998210000,2500000000,40,24,82,146
1237830000,364860000,897310000,2500000000,39,25,79,143
650180000,53060000,1487660000,2190900000,22,18,63,103
595070000,510110000,1361560000,2466740000,27,23,81,131
1710380000,455660000,333960000,2500000000,23,16,64,103
595790000,1609260000,294950000,2500000000,29,21,78,128
268400000,2860000,1473440000,1744700000,21,20,67,108
271530000,12310000,1603620000,1887460000,21,19,66,106
711380000,499790000,1288830000,2500000000,27,30,81,138
95670000,131240000,1948770000,2175680000,25,31,81,137
67030000,11850000,1508570000,1587450000,19,20,66,105
293760000,1712970000,493270000,2500000000,24,35,85,144
334950000,1135200000,1029850000,2500000000,25,23,79,127
102240000,1881020000,516740000,2500000000,26,36,78,140
40580000,625090000,1834330000,2500000000,26,40,91,157
144570000,1729910000,625520000,2500000000,27,27,76,130
122150000,1965140000,412710000,2500000000,23,31,81,135
172030000,1724640000,603330000,2500000000,27,28,82,137
86690000,1586510000,826800000,2500000000,28,35,85,148
135830000,1352160000,1012010000,2500000000,28,30,82,140
129650000,1703280000,667070000,2500000000,28,26,75,129
810760000,523760000,1165480000,2500000000,31,24,70,125
105690000,2070470000,323840000,2500000000,21,32,71,124
476550000,1254270000,769180000,2500000000,38,38,102,178
181910000,1949230000,368860000,2500000000,26,35,81,142
832090000,589140000,1078770000,2500000000,40,26,81,147
873500000,159330000,1467170000,2500000000,43,27,82,152
449870000,1535440000,514690000,2500000000,24,17,68,109
1371640000,761720000,366640000,2500000000,22,16,68,106
261140000,2068690000,170170000,2500000000,27,25,81,133
536380000,1595500000,368120000,2500000000,27,20,72,119
274950000,1777050000,448000000,2500000000,27,27,69,123
586180000,1239560000,674260000,2500000000,31,29,83,143
524930000,1607940000,367130000,2500000000,31,32,83,146
29850000,260420000,2209730000,2500000000,17,25,64,106
158680000,443870000,1897450000,2500000000,24,28,72,124
48050000,147670000,2044810000,2240530000,20,26,65,111
5370000,75550000,1704520000,1785440000,19,24,57,100
1890000,78430000,2264330000,2344650000,22,33,73,128
41330000,115520000,2343150000,2500000000,13,28,56,97
22110000,225070000,2252490000,2499670000,15,22,58,95
323120000,29270000,2147610000,2500000000,16,30,55,101
199420000,68520000,2232060000,2500000000,18,32,65,115
248470000,44640000,2206890000,2500000000,24,31,82,137
29600000,653710000,1816690000,2500000000,19,30,75,124
20640000,319350000,2157660000,2497650000,17,33,76,126
89290000,317310000,2092380000,2498980000,28,29,75,132
59970000,94990000,2345040000,2500000000,18,20,55,93
238490000,391710000,1869800000,2500000000,23,25,67,115
127850000,348440000,2023710000,2500000000,22,27,68,117
163000000,622920000,1714080000,2500000000,25,30,69,124
234730000,43550000,2221720000,2500000000,27,32,71,130
98800000,148360000,2252840000,2500000000,28,28,69,125
181070000,142980000,2175950000,2500000000,27,26,63,116
345770000,249810000,1904420000,2500000000,28,30,64,122
40370000,86040000,2373590000,2500000000,30,32,78,140
251040000,21230000,2226700000,2498970000,29,30,66,125
255310000,200550000,2044140000,2500000000,28,29,59,116
279510000,238040000,1982450000,2500000000,27,28,64,119
31280000,92960000,2133260000,2257500000,17,34,63,114
239010000,48330000,2212660000,2500000000,26,38,78,142
99170000,85770000,2315060000,2500000000,24,33,67,124
127920000,41760000,2330320000,2500000000,31,40,88,159
224000000,185240000,2090760000,2500000000,20,29,59,108
575620000,31050000,1893330000,2500000000,18,27,54,99
250110000,354660000,1895230000,2500000000,22,33,80,135
572300000,84040000,1843660000,2500000000,27,27,70,124
248590000,1450540000,800870000,2500000000,24,27,76,127
179460000,1777030000,543510000,2500000000,21,22,70,113
275310000,1923330000,301360000,2500000000,24,23,72,119
414640000,1735990000,349370000,2500000000,21,17,62,100
20580000,251810000,1733900000,2006290000,19,17,71,107
50220000,886460000,1563320000,2500000000,26,31,82,139
133680000,1431710000,934610000,2500000000,22,28,68,118
546400000,796600000,1157000000,2500000000,22,24,67,113
274340000,803340000,1422320000,2500000000,29,32,77,138
144350000,1518890000,836760000,2500000000,21,26,65,112
242580000,596450000,1660970000,2500000000,28,29,67,124
67990000,1693800000,738210000,2500000000,19,27,64,110
91710000,1563310000,844980000,2500000000,22,27,64,113
82590000,746650000,1670760000,2500000000,21,32,63,116
165690000,1306140000,1028170000,2500000000,24,29,68,121
111030000,300620000,2088350000,2500000000,29,30,72,131
84830000,1081890000,1333280000,2500000000,23,28,69,120
19100000,116490000,2364410000,2500000000,29,34,67,130
99950000,173440000,2226610000,2500000000,24,32,63,119
161150000,180450000,2158400000,2500000000,26,29,67,122
126330000,117510000,2256160000,2500000000,27,32,62,121
128390000,11990000,2359620000,2500000000,26,33,64,123
68440000,907180000,1524380000,2500000000,26,30,74,130
70810000,1202010000,1227180000,2500000000,21,32,75,128
617570000,208680000,1673750000,2500000000,28,29,64,121
32470000,520130000,1681270000,2233870000,26,31,77,134
152250000,1353300000,994450000,2500000000,24,26,79,129
220320000,1882950000,396730000,2500000000,24,18,64,106
137100000,1356850000,1006050000,2500000000,28,23,84,135
300490000,1704090000,495420000,2500000000,26,18,68,112
18270000,218650000,2263080000,2500000000,26,31,85,142
211880000,560130000,1727990000,2500000000,29,33,76,138
100990000,445880000,1760260000,2307130000,21,25,69,115
41860000,1828100000,630040000,2500000000,23,24,63,110
178840000,1710420000,610740000,2500000000,23,25,60,108
214450000,899940000,1385610000,2500000000,25,28,69,122
109590000,1481330000,909080000,2500000000,22,31,70,123
36860000,1559950000,903190000,2500000000,20,25,67,112
48890000,2257940000,193170000,2500000000,18,25,62,105
74690000,2035210000,390100000,2500000000,20,28,70,118
52700000,2089500000,357800000,2500000000,26,27,63,116
118870000,1742210000,638920000,2500000000,23,31,78,132
74940000,2000780000,424280000,2500000000,15,24,58,97
222060000,982270000,1295670000,2500000000,23,33,73,129
104700000,1307400000,1087900000,2500000000,33,37,81,151
160620000,1698020000,641360000,2500000000,30,25,74,129
158520000,968580000,1372900000,2500000000,31,24,73,128
137920000,1237830000,1124250000,2500000000,30,25,77,132
41770000,298870000,2127400000,2468040000,24,39,81,144
71800000,784060000,1644140000,2500000000,25,33,77,135
18020000,478440000,1784580000,2281040000,25,35,85,145
189150000,1187060000,1123790000,2500000000,30,26,72,128
353710000,1031730000,1114560000,2500000000,34,22,76,132
334790000,1120310000,1044900000,2500000000,29,22,74,125
284210000,15030000,2200760000,2500000000,23,28,66,117
317960000,16760000,2165280000,2500000000,22,32,72,126
243870000,5100000,2251030000,2500000000,26,31,62,119
92800000,1880000,2405320000,2500000000,17,26,53,96
121610000,10600000,2367790000,2500000000,23,29,61,113
357390000,18840000,2123770000,2500000000,28,28,63,119
13100000,1550000,2441400000,2456050000,17,26,58,101
86400000,1910000,2411690000,2500000000,16,27,59,102
263370000,42880000,2193750000,2500000000,27,33,66,126
366320000,337580000,1796100000,2500000000,26,32,67,125
305960000,765190000,1428850000,2500000000,24,33,66,123
493280000,381280000,1625440000,2500000000,25,35,81,141
163570000,14880000,2321550000,2500000000,27,35,70,132
557430000,297160000,1645410000,2500000000,23,31,72,126
209010000,49380000,2241610000,2500000000,24,31,59,114
156150000,1840000,2342010000,2500000000,19,31,73,123
363840000,75840000,2060320000,2500000000,22,29,62,113
163200000,79670000,2257130000,2500000000,13,34,67,114
8440000,8000000,2279000000,2295440000,13,29,67,109
0,3460000,2419160000,2422620000,11,31,64,106
498310000,1391960000,609730000,2500000000,31,26,75,132
87260000,927460000,1481540000,2496260000,29,28,84,141
432410000,1518100000,549490000,2500000000,29,35,78,142
721560000,1181000000,597440000,2500000000,33,28,76,137
787760000,788790000,923450000,2500000000,33,31,83,147
119500000,2124240000,256260000,2500000000,31,39,82,152
857570000,825600000,816830000,2500000000,37,21,74,132
799770000,56840000,1643390000,2500000000,41,24,76,141
588660000,1743570000,167770000,2500000000,23,16,65,104
335090000,1866830000,298080000,2500000000,18,14,62,94
753320000,1445200000,301480000,2500000000,28,16,69,113
494210000,1771290000,234500000,2500000000,22,15,63,100
524660000,1577950000,397390000,2500000000,31,28,81,140
789680000,1507410000,202910000,2500000000,24,19,71,114
571150000,1465850000,463000000,2500000000,32,30,75,137
1230000,270240000,1773730000,2045200000,27,37,92,156
377830000,1082940000,1039230000,2500000000,29,24,70,123
851910000,435350000,1212740000,2500000000,42,26,84,152
192080000,1950050000,357870000,2500000000,30,37,76,143
1308340000,266900000,924760000,2500000000,41,22,78,141
952400000,976260000,571340000,2500000000,41,22,77,140
827670000,38910000,1633420000,2500000000,40,24,77,141
726960000,1221090000,551950000,2500000000,36,22,82,140
851500000,75740000,1572760000,2500000000,40,19,76,135
154910000,2159130000,185960000,2500000000,26,18,75,119
166470000,2096320000,237210000,2500000000,22,13,70,105
422080000,1818480000,259440000,2500000000,32,20,80,132
156220000,1899420000,444360000,2500000000,24,18,74,116
1129760000,995940000,374300000,2500000000,30,19,70,119
478240000,1709850000,311910000,2500000000,23,15,66,104
1102720000,807920000,589360000,2500000000,33,23,77,133
1042150000,875510000,582340000,2500000000,33,16,70,119
697500000,834140000,968360000,2500000000,32,24,80,136
1129970000,1054290000,315740000,2500000000,27,18,68,113
769590000,624260000,1106150000,2500000000,32,22,75,129
661150000,1034520000,804330000,2500000000,33,16,76,125
561200000,1688760000,250040000,2500000000,32,26,80,138
266730000,1233270000,1000000000,2500000000,28,24,76,128
540120000,1150530000,809350000,2500000000,35,34,90,159
351710000,942120000,1206170000,2500000000,33,23,78,134
521550000,1484550000,493900000,2500000000,32,28,82,142
491790000,1602110000,406100000,2500000000,30,24,79,133
634110000,1666350000,199540000,2500000000,31,30,84,145
542570000,1675510000,281920000,2500000000,30,28,85,143
276920000,254530000,1941410000,2472860000,28,31,82,141
1251520000,417660000,830820000,2500000000,40,27,85,152
983580000,418360000,1098060000,2500000000,43,29,85,157
1117860000,806570000,575570000,2500000000,34,24,75,133
1451260000,699010000,349730000,2500000000,41,29,87,157
1131530000,448860000,919610000,2500000000,33,24,83,140
685130000,1407390000,407480000,2500000000,40,17,78,135
1271600000,164910000,1063490000,2500000000,40,24,77,141
499850000,1188240000,811910000,2500000000,29,32,90,151
675100000,949320000,875580000,2500000000,43,36,98,177
556010000,1516970000,427020000,2500000000,31,19,79,129
547050000,1647520000,305430000,2500000000,35,17,78,130
723070000,1268450000,508480000,2500000000,33,21,76,130
1471600000,361560000,666840000,2500000000,37,19,78,134
1011580000,532610000,955810000,2500000000,30,15,71,116
698740000,1029040000,772220000,2500000000,31,20,73,124
639620000,466590000,1393790000,2500000000,34,20,74,128
710520000,748850000,1040630000,2500000000,29,21,75,125
1194440000,300530000,1005030000,2500000000,34,22,78,134
1394060000,236240000,869700000,2500000000,34,17,75,126
791000000,502050000,1206950000,2500000000,34,18,76,128
661960000,214510000,1623530000,2500000000,33,20,71,124
322190000,1320190000,857620000,2500000000,29,25,85,139
461530000,856040000,1182430000,2500000000,35,29,83,147
466830000,915310000,1117860000,2500000000,30,26,84,140
347390000,690000000,1462610000,2500000000,34,29,84,147
1414640000,834220000,251140000,2500000000,32,30,91,153
750100000,1489740000,260160000,2500000000,30,28,76,134
704190000,1274380000,521430000,2500000000,32,26,92,150
427590000,1546770000,525640000,2500000000,30,24,76,130
24940000,420900000,1916540000,2362380000,32,33,91,156
18690000,479480000,1723290000,2221460000,21,36,89,146
705660000,1168600000,625740000,2500000000,35,34,91,160
1151010000,648730000,700260000,2500000000,37,27,87,151
142980000,724790000,1632230000,2500000000,27,40,95,162
906950000,501840000,1091210000,2500000000,37,21,81,139
930900000,436570000,1132530000,2500000000,40,30,79,149
797000000,494210000,1208790000,2500000000,37,23,82,142
1428620000,185730000,885650000,2500000000,42,24,78,144
598640000,1093220000,808140000,2500000000,37,25,85,147
1031490000,608620000,859890000,2500000000,37,26,81,144
841730000,414350000,1243920000,2500000000,37,28,91,156
1119000000,573430000,807570000,2500000000,36,21,82,139
512750000,629370000,1357880000,2500000000,31,24,90,145
341160000,940950000,1217890000,2500000000,33,24,88,145
535040000,418570000,1546390000,2500000000,33,23,88,144
365680000,389820000,1744500000,2500000000,29,22,75,126
764770000,1371370000,363860000,2500000000,32,26,88,146
822590000,805210000,872200000,2500000000,29,22,89,140
827590000,1166230000,506180000,2500000000,32,19,78,129
1132470000,213300000,1154230000,2500000000,32,19,82,133
684060000,1234460000,581480000,2500000000,30,29,85,144
74070000,1017520000,1408410000,2500000000,25,44,96,165
813500000,1239960000,446540000,2500000000,40,32,92,164
348420000,731130000,1420450000,2500000000,25,34,89,148
1204550000,559560000,735890000,2500000000,39,19,90,148
974390000,878890000,646720000,2500000000,34,26,89,149
1121080000,861760000,517160000,2500000000,48,20,92,160
1113230000,867100000,519670000,2500000000,40,25,82,147
412460000,900200000,1187340000,2500000000,32,29,89,150
844380000,824040000,831580000,2500000000,38,20,77,135
625400000,1261060000,613540000,2500000000,41,33,97,171
696810000,1372750000,430440000,2500000000,39,21,85,145
581700000,719750000,1198550000,2500000000,32,28,89,149
668570000,822040000,1009390000,2500000000,33,22,81,136
581990000,1267850000,650160000,2500000000,37,27,90,154
691320000,1033130000,775550000,2500000000,39,28,90,157
1069140000,1030120000,400740000,2500000000,30,19,83,132
788910000,781320000,929770000,2500000000,32,21,83,136
873450000,1160330000,466220000,2500000000,30,23,80,133
725310000,1288770000,485920000,2500000000,28,23,87,138
105270000,54640000,2012330000,2172240000,29,20,75,124
1088700000,811490000,599810000,2500000000,41,32,92,165
1177680000,717870000,604450000,2500000000,35,30,89,154
1182650000,266250000,1051100000,2500000000,46,22,84,152
1122500000,545770000,831730000,2500000000,45,25,82,152
1084700000,780220000,635080000,2500000000,43,25,92,160
1118820000,598190000,782990000,2500000000,43,24,89,156
1320280000,404490000,775230000,2500000000,45,26,83,154
1096980000,599850000,803170000,2500000000,46,23,81,150
982430000,918280000,599290000,2500000000,32,25,82,139
1078720000,745450000,675830000,2500000000,37,22,81,140
403720000,1217580000,878700000,2500000000,30,26,76,132
397580000,1367530000,734890000,2500000000,30,26,75,131
345130000,1932740000,222130000,2500000000,30,26,74,130
254060000,2117850000,128090000,2500000000,28,24,73,125
357080000,1041620000,1101300000,2500000000,30,39,90,159
412650000,969230000,1118120000,2500000000,29,24,71,124
581230000,1215880000,702890000,2500000000,30,27,80,137
527000000,1657840000,315160000,2500000000,28,23,71,122
63380000,713050000,1522450000,2298880000,19,23,66,108
292750000,1121130000,1086120000,2500000000,28,31,80,139
335080000,1196660000,968260000,2500000000,29,32,79,140
125620000,283230000,1832060000,2240910000,28,37,78,143
111680000,935580000,1452740000,2500000000,27,32,83,142
53760000,2148770000,297470000,2500000000,29,32,76,137
80530000,1478900000,940570000,2500000000,25,30,77,132
45670000,899370000,1517670000,2462710000,29,40,84,153
9450000,335180000,2115680000,2460310000,18,27,59,104
162070000,2035810000,302120000,2500000000,31,38,83,152
49310000,721000000,1479450000,2249760000,28,34,80,142
112570000,2108030000,279400000,2500000000,31,40,84,155
588180000,1571210000,340610000,2500000000,28,25,74,127
436710000,1811520000,251770000,2500000000,31,24,80,135
798960000,1148650000,552390000,2500000000,32,25,83,140
430230000,1820940000,248830000,2500000000,32,26,80,138
351160000,1592880000,555960000,2500000000,27,25,70,122
638260000,1519500000,342240000,2500000000,30,27,85,142
141090000,828340000,1526660000,2496090000,32,41,96,169
298590000,1753850000,447560000,2500000000,29,29,81,139
107860000,1820420000,571720000,2500000000,25,26,75,126
145440000,2112010000,242550000,2500000000,24,29,79,132
55830000,802280000,1627840000,2485950000,30,36,87,153
63180000,2062850000,373970000,2500000000,25,33,80,138
19350000,414310000,1552140000,1985800000,18,30,75,123
402680000,1918660000,178660000,2500000000,29,26,77,132
636840000,1672470000,190690000,2500000000,33,28,90,151
232160000,2074300000,193540000,2500000000,30,28,77,135
785700000,1412910000,301390000,2500000000,29,25,81,135
738790000,1431280000,329930000,2500000000,31,34,85,150
547500000,1700210000,252290000,2500000000,27,20,68,115
317550000,1916500000,265950000,2500000000,31,33,85,149
485860000,1806370000,207770000,2500000000,30,29,83,142
201650000,1555510000,742840000,2500000000,30,31,81,142
140740000,2025420000,333840000,2500000000,24,26,80,130
375320000,1069370000,1055310000,2500000000,31,26,73,130
476980000,939490000,1083530000,2500000000,34,25,78,137
59620000,1336750000,1103630000,2500000000,25,38,86,149
51250000,1557310000,891440000,2500000000,24,27,73,124
94560000,1310090000,1095350000,2500000000,28,39,86,153
23970000,124570000,2045710000,2194250000,25,36,84,145
34030000,1203980000,1261990000,2500000000,31,39,84,154
695660000,1363730000,440610000,2500000000,32,27,90,149
1118260000,1170420000,211320000,2500000000,29,23,78,130
985120000,1030260000,484620000,2500000000,32,23,82,137
882350000,826260000,791390000,2500000000,26,20,71,117
510540000,1246370000,743090000,2500000000,35,31,88,154
445990000,1624530000,429480000,2500000000,33,29,87,149
733190000,1028530000,738280000,2500000000,35,30,84,149
827950000,1089990000,582060000,2500000000,34,27,86,147
624160000,1186240000,689600000,2500000000,28,20,70,118
1369850000,394060000,736090000,2500000000,38,26,82,146
1131040000,677740000,691220000,2500000000,34,19,70,123
1172050000,697070000,630880000,2500000000,35,20,77,132
359000000,930410000,1210590000,2500000000,27,32,77,136
491460000,1219960000,788580000,2500000000,31,37,85,153
237610000,1268880000,993510000,2500000000,35,30,81,146
37020000,398510000,2064470000,2500000000,30,37,87,154
209280000,1236130000,1054590000,2500000000,31,40,91,162
699640000,533300000,1267060000,2500000000,37,37,85,159
285040000,1334940000,880020000,2500000000,28,42,85,155
13320000,362980000,2123700000,2500000000,23,37,83,143
75610000,438160000,1986230000,2500000000,30,38,86,154
35510000,126060000,2338430000,2500000000,27,35,86,148
245640000,908860000,1345500000,2500000000,37,42,96,175
3500000,170320000,2324500000,2498320000,21,36,82,139
685710000,806860000,1007430000,2500000000,33,27,82,142
967030000,633440000,899530000,2500000000,32,22,76,130
108460000,282770000,1991250000,2382480000,39,33,85,157
33000000,130950000,2264000000,2427950000,33,34,89,156
0,15670000,1463900000,1479570000,9,29,61,99
765180000,261830000,1472990000,2500000000,37,29,86,152
349260000,597940000,1552800000,2500000000,38,38,98,174
661800000,139270000,1698930000,2500000000,37,30,71,138
518910000,214960000,1766130000,2500000000,35,29,83,147
609790000,86350000,1803860000,2500000000,34,28,73,135
1154460000,431960000,913580000,2500000000,44,22,80,146
698210000,270610000,1531180000,2500000000,35,27,72,134
193330000,88850000,2217820000,2500000000,38,31,87,156
554400000,127030000,1818570000,2500000000,36,28,78,142
640000,19720000,1742450000,1762810000,37,33,87,157
428420000,252430000,1819150000,2500000000,27,20,78,125
985620000,500350000,1014030000,2500000000,44,32,85,161
1297450000,574060000,628490000,2500000000,36,29,79,144
403780000,91210000,2005010000,2500000000,42,22,73,137
885740000,441360000,1172900000,2500000000,39,24,81,144
975480000,236230000,1288290000,2500000000,39,17,70,126
1228220000,71980000,1199800000,2500000000,43,21,77,141
802800000,214440000,1482760000,2500000000,37,22,86,145
1150230000,123590000,1226180000,2500000000,42,21,77,140
68270000,37900000,1793650000,1899820000,24,16,64,104
811470000,34750000,1653780000,2500000000,41,23,74,138
607580000,63370000,1829050000,2500000000,39,22,73,134
674390000,1239160000,586450000,2500000000,43,24,90,157
924310000,1016870000,558820000,2500000000,37,19,78,134
658470000,68480000,1773050000,2500000000,46,17,77,140
547130000,51070000,1901800000,2500000000,42,16,68,126
566490000,110760000,1822750000,2500000000,40,19,74,133
658250000,307660000,1534090000,2500000000,44,22,85,151
648910000,1282890000,568200000,2500000000,49,30,95,174
979300000,219240000,1301460000,2500000000,48,28,91,167
702720000,729960000,1067320000,2500000000,46,24,84,154
730830000,166630000,1602540000,2500000000,46,23,88,157
1213880000,658020000,628100000,2500000000,41,25,88,154
974330000,654020000,871650000,2500000000,44,25,87,156
836480000,1177890000,485630000,2500000000,42,26,89,157
966290000,993740000,539970000,2500000000,45,28,85,158
945450000,242290000,1312260000,2500000000,36,22,75,133
540690000,1794640000,164670000,2500000000,23,20,77,120
1071490000,1169080000,259430000,2500000000,27,20,80,127
208420000,2096040000,195540000,2500000000,26,28,82,136
935500000,470460000,1094040000,2500000000,32,19,67,118
1063900000,86870000,1349230000,2500000000,43,20,73,136
397640000,1747120000,355240000,2500000000,34,31,93,158
1136500000,491590000,871910000,2500000000,37,24,86,147
194110000,1986570000,319320000,2500000000,24,28,75,127
787970000,60590000,1651440000,2500000000,42,18,73,133
662560000,70860000,1766580000,2500000000,43,19,78,140
413860000,11880000,2074260000,2500000000,40,17,69,126
1290410000,59780000,1149810000,2500000000,41,18,82,141
1322210000,644120000,533670000,2500000000,43,23,81,147
802090000,1107680000,590230000,2500000000,45,23,82,150
833730000,1194070000,472200000,2500000000,37,25,80,142
718900000,642860000,1138240000,2500000000,48,31,87,166
633040000,239710000,1584250000,2457000000,21,23,67,111
616460000,1637090000,246450000,2500000000,32,28,87,147
1559230000,279470000,661300000,2500000000,33,17,76,126
285200000,1986480000,228320000,2500000000,18,25,75,118
1590510000,654800000,254690000,2500000000,27,20,70,117
1053170000,552140000,894690000,2500000000,45,26,90,161
52900000,1770730000,676370000,2500000000,23,23,78,124
1277210000,399820000,822970000,2500000000,44,24,83,151
49690000,2154720000,295590000,2500000000,26,25,76,127
759180000,39900000,1700920000,2500000000,41,17,72,130
1053810000,92010000,1354180000,2500000000,41,21,83,145
479580000,2000000,2018420000,2500000000,36,17,64,117
789380000,105240000,1605380000,2500000000,40,15,72,127
485610000,1082000000,932390000,2500000000,39,30,83,152
909120000,226340000,1364540000,2500000000,46,23,75,144
802060000,192800000,1505140000,2500000000,46,28,84,158
861340000,24890000,1613770000,2500000000,45,20,68,133
494860000,538850000,1466290000,2500000000,19,23,67,109
1207500000,964320000,328180000,2500000000,22,19,63,104
394610000,1067080000,1038310000,2500000000,19,26,74,119
1557750000,601810000,340440000,2500000000,26,26,80,132
569700000,1305830000,624470000,2500000000,22,26,73,121
1351520000,835750000,312730000,2500000000,30,20,70,120
886470000,1406740000,206790000,2500000000,18,23,72,113
114490000,2142240000,243270000,2500000000,20,31,77,128
803950000,1406940000,289110000,2500000000,32,19,72,123
35610000,2312270000,152120000,2500000000,16,26,65,107
484980000,1650710000,364310000,2500000000,34,26,83,143
1449110000,232330000,818560000,2500000000,45,20,74,139
90820000,1850150000,559030000,2500000000,27,31,83,141
1405460000,492890000,601650000,2500000000,45,20,76,141
216260000,1934910000,348830000,2500000000,20,24,72,116
564340000,81130000,1854530000,2500000000,40,18,74,132
1084080000,204220000,1211700000,2500000000,40,16,73,129
1522080000,409200000,568720000,2500000000,40,19,75,134
935430000,158390000,1406180000,2500000000,46,24,75,145
837530000,27260000,1635210000,2500000000,38,12,55,105
1238390000,101830000,1159780000,2500000000,46,25,80,151
852720000,69940000,1577340000,2500000000,41,17,63,121
200090000,888320000,1326750000,2415160000,19,19,66,104
561490000,1606090000,332420000,2500000000,21,22,74,117
682090000,1413310000,404600000,2500000000,19,22,67,108
1472740000,819490000,207770000,2500000000,28,16,68,112
1292030000,918490000,289480000,2500000000,26,17,72,115
11460000,2318450000,170090000,2500000000,13,20,57,90
72590000,2212650000,214760000,2500000000,25,32,83,140
807140000,1238870000,453990000,2500000000,42,26,82,150
104700000,2081430000,313870000,2500000000,17,14,59,90
1172300000,82050000,1245650000,2500000000,42,16,76,134
1371270000,265140000,863590000,2500000000,45,21,82,148
1475620000,42920000,981460000,2500000000,43,17,69,129
703450000,14270000,1782280000,2500000000,42,15,62,119
1035150000,343460000,1121390000,2500000000,35,20,71,126
898490000,973760000,627750000,2500000000,35,20,74,129
1120720000,1023250000,356030000,2500000000,37,24,69,130
1169780000,838360000,491860000,2500000000,35,19,67,121
255060000,1471790000,773150000,2500000000,31,29,77,137
630120000,1133510000,736370000,2500000000,36,27,75,138
659260000,693590000,1147150000,2500000000,33,19,66,118
768660000,735560000,995780000,2500000000,35,23,70,128
213850000,1154890000,1131260000,2500000000,36,36,85,157
260290000,1301050000,938660000,2500000000,29,33,80,142
244690000,1860950000,394360000,2500000000,30,29,74,133
374290000,1137200000,988510000,2500000000,28,26,69,123
256100000,713140000,1530760000,2500000000,35,33,87,155
205380000,617290000,1677330000,2500000000,32,37,87,156
146680000,1822910000,530410000,2500000000,33,36,83,152
336700000,1754690000,408610000,2500000000,31,33,81,145
14340000,442000000,2043660000,2500000000,25,37,82,144
21410000,684620000,1793970000,2500000000,28,40,78,146
979240000,809170000,711590000,2500000000,35,26,86,147
1468660000,434310000,597030000,2500000000,39,20,77,136
1346700000,775110000,378190000,2500000000,39,28,83,150
1054230000,1030350000,415420000,2500000000,43,31,87,161
751020000,1047250000,701730000,2500000000,38,27,82,147
458810000,1247540000,793650000,2500000000,33,29,87,149
845030000,967420000,687550000,2500000000,33,22,73,128
975840000,835210000,688950000,2500000000,33,27,83,143
1105220000,909850000,484930000,2500000000,37,24,74,135
622670000,1521290000,356040000,2500000000,35,25,80,140
841310000,1085870000,572820000,2500000000,38,30,77,145
778450000,1093490000,628060000,2500000000,36,28,79,143
1432060000,515910000,552030000,2500000000,32,20,69,121
1233960000,308930000,957110000,2500000000,34,18,67,119
1270860000,760970000,468170000,2500000000,36,18,64,118
1109370000,798120000,592510000,2500000000,36,22,68,126
293310000,1884650000,322040000,2500000000,31,29,77,137
244440000,1787000000,468560000,2500000000,33,24,73,130
339810000,1667660000,492530000,2500000000,36,30,77,143
648670000,1368260000,483070000,2500000000,37,27,75,139
230750000,1513510000,755740000,2500000000,32,34,79,145
286230000,2028670000,185100000,2500000000,29,30,77,136
206640000,1233890000,1059470000,2500000000,32,37,79,148
169820000,1838430000,491750000,2500000000,30,39,76,145
112550000,521400000,1866050000,2500000000,31,38,79,148
23150000,294870000,2181980000,2500000000,28,38,80,146
158280000,399440000,1942280000,2500000000,31,40,88,159
29990000,659080000,1810930000,2500000000,35,41,84,160
33090000,4960000,1469240000,1507290000,19,32,57,108
174560000,1808910000,516530000,2500000000,32,38,79,149
29450000,961180000,1509370000,2500000000,36,41,84,161
967660000,934000000,598340000,2500000000,41,34,83,158
1346090000,539680000,614230000,2500000000,42,22,71,135
1169920000,912170000,417910000,2500000000,40,17,60,117
1057760000,815930000,626310000,2500000000,39,22,68,129
1275230000,919680000,305090000,2500000000,31,21,73,125
1094300000,976420000,429280000,2500000000,36,27,84,147
857340000,990300000,652360000,2500000000,38,28,85,151
904080000,1080010000,515910000,2500000000,35,21,74,130
1191280000,631000000,677720000,2500000000,39,21,72,132
1378510000,766010000,355480000,2500000000,40,25,77,142
1063980000,992740000,443280000,2500000000,38,21,74,133
541680000,1691070000,267250000,2500000000,39,25,85,149
947420000,1151850000,400730000,2500000000,36,18,66,120
1064460000,869980000,565560000,2500000000,31,18,62,111
966000000,1278350000,255650000,2500000000,41,24,74,139
983990000,908950000,607060000,2500000000,41,26,77,144
746580000,1463550000,289870000,2500000000,36,25,70,131
977570000,1213720000,308710000,2500000000,36,22,75,133
520090000,1597020000,382890000,2500000000,39,36,79,154
887370000,1267930000,344700000,2500000000,42,27,74,143
413780000,1277330000,808890000,2500000000,33,34,77,144
479550000,1432540000,587910000,2500000000,36,36,83,155
1177440000,895180000,427380000,2500000000,36,30,77,143
835050000,1134070000,530880000,2500000000,36,32,82,150
142940000,942050000,1415010000,2500000000,34,38,84,156
219810000,1118490000,1161690000,2499990000,32,42,85,159
287800000,1417270000,794930000,2500000000,38,35,81,154
438130000,1034210000,1027660000,2500000000,38,41,91,170
132260000,1432780000,934960000,2500000000,37,35,81,153
141430000,694400000,1664170000,2500000000,30,32,77,139
28540000,538160000,1933300000,2500000000,35,35,80,150
158360000,1146350000,1195290000,2500000000,37,37,84,158
194500000,1885860000,419640000,2500000000,32,32,73,137
49460000,1721830000,728710000,2500000000,30,32,76,138
63860000,781160000,1654980000,2500000000,30,34,75,139
881520000,1019990000,598490000,2500000000,36,18,66,120
902030000,1108710000,489260000,2500000000,36,22,75,133
755640000,1285760000,458600000,2500000000,38,27,75,140
643510000,907530000,948960000,2500000000,37,26,71,134
919680000,1310580000,269740000,2500000000,34,18,63,115
752510000,1198790000,548700000,2500000000,30,19,67,116
513570000,1784010000,202420000,2500000000,31,23,75,129
851290000,995160000,653550000,2500000000,34,20,72,126
950030000,1235890000,314080000,2500000000,41,24,78,143
980960000,1258630000,260410000,2500000000,38,31,82,151
1076710000,1035460000,387830000,2500000000,40,24,73,137
1016560000,1022850000,460590000,2500000000,36,27,82,145
389080000,1868290000,242630000,2500000000,35,29,77,141
1171940000,879710000,448350000,2500000000,43,25,79,147
309900000,1938340000,251760000,2500000000,36,31,74,141
1046930000,1165400000,287670000,2500000000,40,23,76,139
372180000,1780540000,347280000,2500000000,35,35,80,150
1331540000,883590000,284870000,2500000000,44,23,81,148
234180000,1852650000,413170000,2500000000,37,32,83,152
232550000,1994020000,273430000,2500000000,40,34,90,164
752360000,1461770000,285870000,2500000000,38,36,81,155
646420000,1391810000,461770000,2500000000,39,36,90,165
663810000,1255600000,580590000,2500000000,38,38,87,163
676350000,1258740000,564910000,2500000000,38,34,89,161
191790000,1416260000,891950000,2500000000,37,35,83,155
619570000,1375910000,504520000,2500000000,40,37,90,167
309510000,1456060000,734430000,2500000000,38,41,94,173
665640000,1283240000,551120000,2500000000,28,29,76,133
85290000,764910000,1649800000,2500000000,36,35,83,154
12250000,80870000,2406880000,2500000000,27,27,67,121
644390000,1376570000,479040000,2500000000,35,28,83,146
621630000,779030000,1099340000,2500000000,39,23,76,138
507150000,1691080000,301770000,2500000000,34,28,73,135
733990000,739820000,1026190000,2500000000,39,29,82,150
696440000,1340210000,463350000,2500000000,38,22,76,136
708500000,1321960000,469540000,2500000000,41,31,81,153
1076330000,1006730000,416940000,2500000000,36,24,81,141
860230000,1379490000,260280000,2500000000,41,31,84,156
413070000,1822890000,264040000,2500000000,37,27,77,141
722130000,831580000,946290000,2500000000,38,26,77,141
1268330000,118920000,1112750000,2500000000,42,29,77,148
313450000,63830000,1737320000,2114600000,38,36,86,160
211710000,25770000,2262520000,2500000000,33,22,65,120
265740000,30500000,2203760000,2500000000,30,27,62,119
385040000,19000000,2095960000,2500000000,32,22,64,118
607490000,70410000,1822100000,2500000000,33,21,68,122
672600000,110440000,1716960000,2500000000,34,27,65,126
720630000,129260000,1650110000,2500000000,34,24,65,123
43040000,85050000,2177820000,2305910000,27,31,67,125
655260000,146810000,1697930000,2500000000,36,33,77,146
9210000,68240000,1435250000,1512700000,15,33,58,106
111180000,1462330000,926490000,2500000000,26,40,76,142
241270000,1854450000,404280000,2500000000,29,36,71,136
2011630000,135500000,352870000,2500000000,40,24,76,140
575250000,52410000,1637120000,2264780000,38,32,80,150
1438550000,116900000,944550000,2500000000,38,29,80,147
38960000,5160000,1054830000,1098950000,28,18,54,100
1149330000,35780000,1314890000,2500000000,40,23,71,134
1088300000,23810000,1387890000,2500000000,38,23,68,129
1731270000,57200000,711530000,2500000000,39,21,65,125
2032020000,28910000,439070000,2500000000,37,23,65,125
572300000,21830000,1905870000,2500000000,37,27,67,131
1169340000,51710000,1278950000,2500000000,40,24,72,136
585020000,46890000,1868090000,2500000000,31,22,60,113
412060000,82080000,2005860000,2500000000,38,27,74,139
1110360000,127600000,1262040000,2500000000,38,27,74,139
433660000,98060000,1968280000,2500000000,39,29,76,144
690410000,271270000,1538320000,2500000000,39,36,75,150
619180000,99070000,1781750000,2500000000,36,28,69,133
810170000,146080000,1543750000,2500000000,40,32,74,146
273170000,50900000,2175930000,2500000000,36,28,70,134
549150000,95740000,1855110000,2500000000,37,31,71,139
159940000,1805690000,534370000,2500000000,29,29,70,128
449800000,1680670000,369530000,2500000000,32,28,66,126
218090000,1363860000,918050000,2500000000,28,33,71,132
184510000,1380580000,934910000,2500000000,30,31,76,137
110990000,1194890000,1194120000,2500000000,22,41,81,144
102910000,1316530000,1080560000,2500000000,23,34,77,134
24990000,910000,1034390000,1060290000,13,13,38,64
1855630000,221910000,422460000,2500000000,44,31,82,157
1176130000,61870000,1249810000,2487810000,40,33,77,150
785700000,554830000,1159470000,2500000000,40,38,92,170
82740000,71320000,1707580000,1861640000,30,27,69,126
1706260000,95650000,698090000,2500000000,40,25,69,134
1877630000,176150000,446220000,2500000000,43,30,80,153
1578250000,329080000,592670000,2500000000,41,31,75,147
1312090000,385010000,802900000,2500000000,41,30,79,150
1053120000,138540000,1308340000,2500000000,38,27,75,140
1535340000,94140000,870520000,2500000000,38,22,74,134
1293550000,361330000,845120000,2500000000,43,27,82,152
1399750000,360550000,739700000,2500000000,43,27,83,153
566170000,115730000,1818100000,2500000000,38,32,78,148
1141650000,137060000,1221290000,2500000000,41,32,82,155
1085970000,116910000,1297120000,2500000000,42,31,84,157
650890000,153010000,1696100000,2500000000,39,28,73,140
372150000,86710000,2041140000,2500000000,33,26,65,124
755270000,150440000,1594290000,2500000000,33,22,64,119
716500000,99690000,1683810000,2500000000,34,26,67,127
168180000,182210000,2149610000,2500000000,23,30,63,116
881070000,236120000,1382810000,2500000000,40,33,71,144
784490000,196080000,1519430000,2500000000,37,26,69,132
731730000,375600000,1392670000,2500000000,40,29,73,142
47840000,221750000,1954640000,2224230000,25,25,70,120
55250000,212250000,2196210000,2463710000,28,31,72,131
1129600000,408510000,961890000,2500000000,41,38,86,165
496090000,269210000,1721530000,2486830000,40,35,84,159
1362860000,600150000,536990000,2500000000,39,38,89,166
911910000,197120000,1390970000,2500000000,36,30,78,144
1881600000,148060000,470340000,2500000000,33,26,72,131
1774540000,329790000,395670000,2500000000,39,23,68,130
1380440000,704200000,415360000,2500000000,41,27,74,142
1553380000,572680000,373940000,2500000000,39,36,81,156
1489450000,115140000,895410000,2500000000,36,30,79,145
1362850000,404240000,732910000,2500000000,42,30,85,157
985140000,39260000,1475600000,2500000000,37,27,65,129
1493380000,29810000,976810000,2500000000,37,23,68,128
547770000,93740000,1858490000,2500000000,32,28,66,126
956190000,115510000,1428300000,2500000000,34,25,66,125
579040000,488130000,1432830000,2500000000,39,35,78,152
587990000,146840000,1765170000,2500000000,38,28,66,132
53310000,14980000,2377420000,2445710000,12,19,45,76
443900000,49290000,2006810000,2500000000,28,24,63,115
722750000,184070000,1593180000,2500000000,33,26,75,134
1052420000,233750000,1213830000,2500000000,38,24,62,124
242230000,53230000,2204540000,2500000000,25,23,65,113
338740000,430840000,1729150000,2498730000,21,16,50,87
558710000,338280000,1436810000,2333800000,17,12,44,73
264100000,252860000,1718800000,2235760000,25,18,64,107
1064400000,429150000,1006450000,2500000000,24,20,61,105
794990000,809590000,895420000,2500000000,21,15,58,94
833900000,1211450000,454650000,2500000000,29,22,60,111
1350550000,836960000,312490000,2500000000,29,16,66,111
191690000,1072380000,1235930000,2500000000,26,16,53,95
451330000,1775850000,272820000,2500000000,24,21,71,116
68380000,733310000,1657400000,2459090000,18,21,72,111
666930000,1424240000,408830000,2500000000,23,16,71,110
704870000,1613740000,181390000,2500000000,23,19,71,113
480060000,1582430000,437510000,2500000000,24,20,74,118
1221240000,879470000,399290000,2500000000,26,18,66,110
18720000,346510000,1935550000,2300780000,15,33,75,123
36890000,1217400000,1245710000,2500000000,16,32,83,131
344090000,1809060000,346850000,2500000000,45,26,87,158
6000000,1147850000,1346150000,2500000000,11,27,70,108
73940000,767340000,1573310000,2414590000,20,19,65,104
326580000,748190000,1425230000,2500000000,18,20,60,98
1122880000,994850000,382270000,2500000000,30,23,84,137
573730000,1505110000,421160000,2500000000,30,23,73,126
613740000,699040000,1187220000,2500000000,34,22,68,124
990120000,980020000,529860000,2500000000,34,25,78,137
899910000,1175470000,424620000,2500000000,24,23,69,116
1185460000,792410000,522130000,2500000000,31,23,80,134
318660000,1831790000,349550000,2500000000,21,16,68,105
1126370000,693520000,680110000,2500000000,32,20,72,124
45470000,733090000,1503180000,2281740000,19,18,65,102
642320000,1508500000,349180000,2500000000,25,26,77,128
32410000,2080950000,386640000,2500000000,20,33,86,139
269080000,1125000000,1105920000,2500000000,38,31,94,163
163320000,294860000,1706310000,2164490000,23,25,74,122
1384340000,61130000,1054530000,2500000000,38,14,60,112
1326560000,528250000,645190000,2500000000,44,22,72,138
1556350000,133570000,810080000,2500000000,38,18,68,124
1320670000,561140000,618190000,2500000000,41,24,77,142
1435280000,27850000,1036870000,2500000000,40,21,73,134
790910000,18640000,1690450000,2500000000,36,18,69,123
1440540000,15140000,1044320000,2500000000,44,20,71,135
1029010000,7900000,1463090000,2500000000,36,14,55,105
47090000,221370000,1905390000,2173850000,17,14,46,77
742610000,1296450000,460940000,2500000000,26,24,74,124
782390000,1180500000,537110000,2500000000,26,20,64,110
475190000,1434510000,590300000,2500000000,34,27,83,144
1189600000,525870000,784530000,2500000000,37,26,83,146
52710000,720500000,1510110000,2283320000,16,16,60,92
444480000,1770640000,284880000,2500000000,21,21,70,112
11790000,182630000,1356040000,1550460000,13,8,47,68
57420000,899590000,1350380000,2307390000,24,17,66,107
388400000,131720000,1979880000,2500000000,35,22,67,124
1580920000,483830000,435250000,2500000000,42,26,90,158
1369790000,540300000,589910000,2500000000,36,25,88,149
1647020000,496550000,356430000,2500000000,41,31,95,167
1817530000,71630000,610840000,2500000000,45,22,80,147
1484560000,336610000,678830000,2500000000,43,21,76,140
1661640000,321400000,516960000,2500000000,45,23,75,143
1396820000,644850000,458330000,2500000000,41,22,77,140
1599750000,477510000,422740000,2500000000,43,21,77,141
1467270000,20930000,1011800000,2500000000,41,20,68,129
1342730000,58450000,1098820000,2500000000,37,16,61,114
1828320000,6700000,664980000,2500000000,40,18,68,126
1582320000,216890000,700790000,2500000000,37,22,64,123
961620000,1077960000,460420000,2500000000,33,23,74,130
1135760000,877040000,487200000,2500000000,27,21,77,125
224830000,2106940000,168230000,2500000000,20,20,63,103
782150000,1364950000,352900000,2500000000,29,24,78,131
7720000,2010190000,482090000,2500000000,7,24,58,89
403880000,1936990000,159130000,2500000000,20,22,68,110
51410000,1741410000,707180000,2500000000,22,23,78,123
426820000,582430000,1490750000,2500000000,28,32,87,147
121000000,458690000,1920310000,2500000000,18,26,78,122
433000000,551640000,1515360000,2500000000,26,25,70,121
1663290000,283000000,553710000,2500000000,32,16,60,108
1378660000,910360000,210980000,2500000000,36,20,75,131
1462770000,623880000,413350000,2500000000,34,22,78,134
715600000,1149360000,635040000,2500000000,35,24,83,142
1019260000,949540000,531200000,2500000000,21,18,70,109
1384560000,661670000,453770000,2500000000,38,19,77,134
1260210000,908490000,331300000,2500000000,36,22,81,139
795630000,1507300000,197070000,2500000000,34,27,90,151
835040000,1272270000,392690000,2500000000,35,30,95,160
1906750000,42220000,551030000,2500000000,41,18,68,127
1500950000,373980000,625070000,2500000000,40,18,66,124
1529900000,520150000,449950000,2500000000,40,20,65,125
997770000,1292530000,209700000,2500000000,40,21,81,142
386210000,1733650000,380140000,2500000000,19,19,62,100
67380000,810720000,1606540000,2484640000,15,20,53,88
152490000,1969450000,378060000,2500000000,13,18,50,81
189410000,1900740000,409850000,2500000000,11,18,41,70
445680000,289630000,1764690000,2500000000,20,19,51,90
634780000,448820000,1416400000,2500000000,22,22,78,122
1079590000,1087590000,332820000,2500000000,22,22,65,109
1629980000,328970000,541050000,2500000000,21,15,48,84
893110000,1476290000,130600000,2500000000,27,24,77,128
691840000,1386110000,422050000,2500000000,27,20,67,114
798000000,1039400000,662600000,2500000000,30,25,75,130
891540000,1242970000,365490000,2500000000,36,26,88,150
1152230000,919150000,428620000,2500000000,31,26,81,138
1026270000,1097670000,376060000,2500000000,33,25,86,144
641340000,1366070000,492590000,2500000000,29,20,77,126
620770000,1009200000,870030000,2500000000,28,32,94,154
889520000,1256440000,354040000,2500000000,31,23,80,134
630480000,1345450000,524070000,2500000000,36,38,92,166
735330000,1485160000,279510000,2500000000,33,21,74,128
307740000,1714920000,477340000,2500000000,25,28,78,131
639070000,1398610000,462320000,2500000000,25,23,69,117
560870000,1416850000,522280000,2500000000,37,36,85,158
327360000,600320000,1572320000,2500000000,30,20,73,123
955290000,320260000,1224450000,2500000000,31,24,64,119
805290000,1455850000,238860000,2500000000,21,21,71,113
1476570000,564260000,459170000,2500000000,27,13,48,88
668050000,1506210000,325740000,2500000000,24,22,73,119
1101400000,1090920000,307680000,2500000000,31,24,76,131
429420000,1624920000,445660000,2500000000,26,30,84,140
770370000,1301200000,428430000,2500000000,27,25,80,132
400910000,1755300000,343790000,2500000000,30,33,92,155
740630000,962160000,797210000,2500000000,31,32,87,150
287830000,451000000,1761170000,2500000000,37,36,80,153
238330000,1041340000,1220330000,2500000000,39,40,92,171
78040000,1141280000,1280680000,2500000000,33,40,80,153
2500000,347710000,1753070000,2103280000,31,34,78,143
462810000,1839250000,197940000,2500000000,34,23,74,131
630830000,1011090000,858080000,2500000000,37,26,82,145
551650000,1623700000,324650000,2500000000,34,27,78,139
802430000,709150000,988420000,2500000000,36,23,77,136
1096310000,1015470000,388220000,2500000000,41,31,87,159
647160000,1515040000,337800000,2500000000,39,30,83,152
820950000,1173220000,505830000,2500000000,43,29,93,165
1529540000,216080000,754380000,2500000000,42,28,89,159
1233960000,607760000,658280000,2500000000,42,29,84,155
1105570000,870890000,523540000,2500000000,43,30,86,159
684710000,972890000,842400000,2500000000,42,31,87,160
917230000,1281200000,301570000,2500000000,40,29,91,160
421060000,1669120000,409820000,2500000000,40,26,80,146
270660000,1960760000,268580000,2500000000,36,27,80,143
685850000,1216160000,597990000,2500000000,39,25,78,142
1048590000,1083770000,367640000,2500000000,35,28,84,147
960260000,1035590000,504150000,2500000000,36,32,78,146
798090000,1330970000,370940000,2500000000,33,31,77,141
1135490000,833530000,530980000,2500000000,39,32,83,154
577550000,802270000,1120180000,2500000000,38,33,89,160
367360000,1532350000,600290000,2500000000,36,32,82,150
623710000,1281760000,594530000,2500000000,39,34,90,163
323810000,1627330000,548860000,2500000000,35,36,86,157
780930000,1225410000,493660000,2500000000,35,32,82,149
89860000,122690000,2096650000,2309200000,35,34,80,149
424040000,838960000,1237000000,2500000000,40,38,87,165
17340000,402440000,1421900000,1841680000,30,30,69,129
984990000,847490000,667520000,2500000000,39,19,67,125
579430000,1431470000,489100000,2500000000,42,22,73,137
1233250000,908710000,358040000,2500000000,40,22,75,137
877040000,1055840000,567120000,2500000000,42,20,74,136
748530000,1358980000,392490000,2500000000,42,32,88,162
1159600000,675490000,664910000,2500000000,45,32,94,171
721890000,1501070000,277040000,2500000000,40,31,89,160
952120000,1071670000,476210000,2500000000,45,35,102,182
401740000,1808710000,289550000,2500000000,39,30,89,158
1131070000,1028600000,340330000,2500000000,40,27,85,152
514880000,1659470000,325650000,2500000000,38,29,83,150
686550000,1364310000,449140000,2500000000,39,28,89,156
759730000,1253020000,487250000,2500000000,41,30,83,154
975520000,826410000,698070000,2500000000,41,29,90,160
713860000,1272320000,513820000,2500000000,41,34,89,164
1044210000,792180000,663610000,2500000000,40,30,89,159
1245900000,768780000,485320000,2500000000,37,35,86,158
844830000,1011590000,643580000,2500000000,38,30,76,144
1417930000,728060000,354010000,2500000000,35,35,78,148
1166060000,742350000,591590000,2500000000,36,33,88,157
954360000,1083980000,461660000,2500000000,39,33,90,162
902660000,1085680000,511660000,2500000000,37,35,84,156
707290000,1409890000,382820000,2500000000,38,40,95,173
771820000,1320860000,407320000,2500000000,37,40,98,175
396810000,798920000,1304270000,2500000000,33,36,82,151
470720000,1504650000,524630000,2500000000,37,34,92,163
481450000,414930000,1603620000,2500000000,40,43,93,176
940360000,802930000,756710000,2500000000,38,41,96,175
26910000,48260000,1305350000,1380520000,31,31,77,139
303340000,547180000,1437500000,2288020000,39,34,88,161
1175990000,1144690000,179320000,2500000000,40,23,77,140
1219550000,875910000,404540000,2500000000,42,19,74,135
508650000,1785710000,205640000,2500000000,34,22,81,137
1347340000,594400000,558260000,2500000000,40,24,77,141
744350000,1508520000,247130000,2500000000,38,28,83,149
846560000,1434700000,218740000,2500000000,42,29,89,160
778450000,1453120000,268430000,2500000000,36,29,81,146
645430000,1686730000,167840000,2500000000,37,28,93,158
552820000,1673560000,273620000,2500000000,39,32,89,160
625080000,1659810000,215110000,2500000000,40,32,90,162
736290000,1346200000,417510000,2500000000,43,32,98,173
649810000,1464810000,385380000,2500000000,41,33,91,165
1085010000,1115300000,299690000,2500000000,39,28,85,152
905390000,842290000,752320000,2500000000,41,29,90,160
606260000,1598190000,295550000,2500000000,37,33,89,159
913200000,1129700000,457100000,2500000000,42,27,89,158
1393090000,820680000,286230000,2500000000,36,30,85,151
1151740000,1010470000,337790000,2500000000,41,28,86,155
902510000,1176980000,420510000,2500000000,37,33,91,161
846610000,1254360000,399030000,2500000000,37,34,90,161
945420000,1242350000,312230000,2500000000,38,34,91,163
1232260000,850810000,416930000,2500000000,37,35,87,159
1491740000,638410000,369850000,2500000000,38,34,92,164
1191390000,1104440000,204170000,2500000000,37,30,90,157
748540000,1274120000,477340000,2500000000,37,29,80,146
711220000,1414790000,373990000,2500000000,39,33,88,160
1061200000,1163840000,274960000,2500000000,37,27,77,141
1221180000,927480000,351340000,2500000000,38,27,81,146
1036530000,1126700000,336770000,2500000000,38,31,86,155
447120000,467760000,1500660000,2415540000,38,32,88,158
1116890000,1135980000,247130000,2500000000,39,29,83,151
440050000,1820730000,239220000,2500000000,30,30,88,148
358990000,1586850000,554160000,2500000000,35,32,96,163
920690000,1328590000,250720000,2500000000,39,37,98,174
282480000,1784560000,432960000,2500000000,35,34,101,170
1047340000,1145170000,307490000,2500000000,37,26,85,148
335840000,1891350000,272810000,2500000000,43,34,102,179
604300000,1546570000,349130000,2500000000,40,34,95,169
788690000,1370670000,340640000,2500000000,40,36,102,178
987820000,1037720000,474460000,2500000000,43,27,84,154
901640000,1197400000,400960000,2500000000,40,29,86,155
609910000,1508790000,381300000,2500000000,41,27,89,157
835290000,974730000,689980000,2500000000,42,31,99,172
489270000,1579190000,431540000,2500000000,36,35,93,164
397580000,1915600000,186820000,2500000000,35,26,80,141
736620000,1396260000,367120000,2500000000,38,34,91,163
671700000,1501820000,326480000,2500000000,39,31,89,159
473430000,1678280000,348290000,2500000000,37,39,95,171
559710000,1607430000,332860000,2500000000,39,33,88,160
434450000,1771360000,294190000,2500000000,36,37,91,164
722570000,1387060000,390370000,2500000000,39,34,93,166
810550000,1250830000,438620000,2500000000,37,37,91,165
684970000,1426680000,388350000,2500000000,37,34,86,157
498470000,1552870000,448660000,2500000000,34,32,89,155
431960000,1870130000,197910000,2500000000,35,29,79,143
1347760000,891710000,260530000,2500000000,37,28,79,144
1121690000,1088930000,289380000,2500000000,36,31,86,153
1473270000,712420000,314310000,2500000000,40,34,86,160
653100000,1627380000,219520000,2500000000,37,33,93,163
506120000,1707090000,286790000,2500000000,34,28,84,146
63070000,2200120000,236810000,2500000000,29,31,88,148
155710000,508210000,1825370000,2489290000,33,29,72,134
939720000,672550000,887730000,2500000000,41,34,81,156
810540000,1058520000,630940000,2500000000,39,37,86,162
789060000,240560000,1470380000,2500000000,39,35,81,155
69880000,224830000,1898830000,2193540000,37,35,84,156
1942520000,275580000,281900000,2500000000,38,30,74,142
1903880000,394760000,201360000,2500000000,40,31,74,145
525120000,1269920000,704960000,2500000000,37,32,80,149
1669220000,560640000,270140000,2500000000,38,31,72,141
1654110000,323370000,522520000,2500000000,35,29,74,138
578970000,216530000,1704500000,2500000000,36,29,71,136
2048220000,74000000,377780000,2500000000,36,23,65,124
1823980000,201250000,474770000,2500000000,36,26,72,134
1599500000,12450000,888050000,2500000000,39,23,65,127
1756030000,20230000,723740000,2500000000,38,21,65,124
1157870000,15480000,1326650000,2500000000,42,28,79,149
613260000,10970000,1875770000,2500000000,35,24,65,124
827840000,7620000,1664540000,2500000000,37,27,67,131
1936070000,233170000,330760000,2500000000,38,30,78,146
1563460000,598690000,337850000,2500000000,40,39,81,160
1815990000,232420000,451590000,2500000000,36,32,78,146
1233130000,380890000,885980000,2500000000,41,39,92,172
1974630000,209110000,316260000,2500000000,35,31,79,145
1711250000,241290000,547460000,2500000000,37,34,80,151
1812470000,355850000,331680000,2500000000,35,28,72,135
1848180000,238120000,413700000,2500000000,37,30,75,142
1062240000,1111890000,325870000,2500000000,34,36,82,152
1498710000,653540000,347750000,2500000000,37,30,74,141
703010000,518140000,1278850000,2500000000,36,36,83,155
1258270000,365710000,876020000,2500000000,36,27,74,137
673120000,290640000,1536240000,2500000000,34,33,77,144
425450000,230580000,1843970000,2500000000,34,31,76,141
1670410000,317630000,511960000,2500000000,36,32,77,145
1515300000,280200000,704500000,2500000000,37,33,77,147
1836590000,60790000,602620000,2500000000,36,22,67,125
1791100000,192840000,516060000,2500000000,35,28,72,135
1839410000,13260000,647330000,2500000000,36,22,69,127
1799030000,39780000,661190000,2500000000,37,23,67,127
1658500000,32800000,808700000,2500000000,37,22,68,127
1402390000,33120000,1064490000,2500000000,38,21,66,125
1691520000,64370000,744110000,2500000000,39,29,75,143
1197130000,4840000,1298030000,2500000000,38,22,66,126
1390800000,1700000,1107500000,2500000000,36,22,65,123
1466380000,23720000,1009900000,2500000000,37,22,67,126
1511140000,650000,988210000,2500000000,37,20,66,123
1051080000,2090000,1446830000,2500000000,39,23,67,129
1480860000,10690000,1008450000,2500000000,39,25,67,131
1464460000,161120000,874420000,2500000000,37,27,69,133
1414800000,22910000,1062290000,2500000000,36,22,66,124
1510190000,57460000,932350000,2500000000,39,29,71,139
2087810000,139460000,272730000,2500000000,36,30,77,143
738990000,174080000,1586860000,2499930000,40,36,89,165
183480000,396900000,1918190000,2498570000,40,37,96,173
1904130000,262440000,333430000,2500000000,35,28,71,134
2094550000,105140000,300310000,2500000000,35,29,75,139
1813840000,180980000,505180000,2500000000,38,33,86,157
1504440000,194180000,801380000,2500000000,38,33,86,157
1000500000,1078880000,420620000,2500000000,37,32,78,147
1764510000,207740000,527750000,2500000000,35,28,73,136
908960000,479080000,1111960000,2500000000,38,36,88,162
999790000,890860000,609350000,2500000000,37,33,81,151
1785880000,340310000,373810000,2500000000,35,30,75,140
1134820000,761400000,603780000,2500000000,33,31,78,142
1514610000,493190000,492200000,2500000000,36,30,76,142
1720050000,198690000,581260000,2500000000,37,29,75,141
1759840000,207740000,532420000,2500000000,38,27,77,142
1627540000,422160000,450300000,2500000000,41,28,73,142
1301830000,733580000,464590000,2500000000,38,36,80,154
1795700000,43210000,661090000,2500000000,38,23,72,133
1820550000,155420000,524030000,2500000000,36,27,76,139
1865070000,154500000,480430000,2500000000,36,25,71,132
1772620000,36530000,690850000,2500000000,38,24,74,136
1788690000,37080000,674230000,2500000000,39,27,79,145
1621970000,95290000,782740000,2500000000,37,27,77,141
1803090000,212870000,484040000,2500000000,37,28,79,144
1704720000,25060000,770220000,2500000000,38,20,68,126
1533930000,31010000,935060000,2500000000,38,24,71,133
1655810000,51550000,792640000,2500000000,38,20,72,130
1736580000,83900000,679520000,2500000000,38,22,72,132
1353770000,39850000,1106380000,2500000000,38,22,67,127
1566190000,45420000,888390000,2500000000,38,22,69,129
1597610000,36130000,866260000,2500000000,39,25,70,134
1621320000,64840000,813840000,2500000000,39,24,75,138
104540000,80390000,2299710000,2484640000,31,38,84,153
1171320000,510830000,817850000,2500000000,34,31,77,142
1138680000,583190000,778130000,2500000000,36,33,86,155
932960000,314560000,1252480000,2500000000,38,34,82,154
364040000,114280000,1951160000,2429480000,36,31,87,154
1466160000,537450000,496390000,2500000000,40,32,81,153
967870000,1086690000,445440000,2500000000,37,33,79,149
452690000,14490000,1761180000,2228360000,37,33,85,155
1150010000,104200000,1245790000,2500000000,42,36,86,164
845850000,89510000,1564640000,2500000000,36,30,80,146
473020000,43130000,1944380000,2460530000,36,30,83,149
1739860000,94600000,665540000,2500000000,38,30,76,144
1234750000,180650000,1084600000,2500000000,43,37,89,169
1524840000,18740000,956420000,2500000000,38,23,73,134
1784670000,105810000,609520000,2500000000,38,24,73,135
773040000,105850000,1621110000,2500000000,33,21,52,106
769470000,80910000,1649620000,2500000000,36,21,61,118
315160000,120480000,2064360000,2500000000,20,27,64,111
648070000,70510000,1781420000,2500000000,26,20,56,102
171640000,112140000,2216220000,2500000000,21,27,67,115
764820000,22700000,1712480000,2500000000,32,26,62,120
511310000,13540000,1975150000,2500000000,33,22,67,122
1052880000,5260000,1441860000,2500000000,34,26,62,122
1220820000,4500000,1274680000,2500000000,35,26,66,127
787050000,31470000,1681480000,2500000000,24,11,44,79
821970000,21260000,1656770000,2500000000,30,21,58,109
499160000,6270000,1994570000,2500000000,33,23,60,116
317080000,46520000,2136400000,2500000000,21,22,61,104
784940000,143330000,1571730000,2500000000,30,30,74,134
643610000,29570000,1826820000,2500000000,36,34,75,145
171270000,32040000,2118230000,2321540000,26,25,68,119
268340000,56470000,2175190000,2500000000,23,30,70,123
562980000,54830000,1882190000,2500000000,28,23,65,116
1356410000,8100000,1135490000,2500000000,38,26,68,132
1413540000,30410000,1056050000,2500000000,37,21,64,122
1274440000,23140000,1202420000,2500000000,38,21,73,132
1429480000,24440000,1046080000,2500000000,38,23,73,134
1258690000,3950000,1237360000,2500000000,35,28,68,131
1426130000,3350000,1070520000,2500000000,36,28,66,130
1690200000,6840000,802960000,2500000000,38,25,71,134
1399610000,4280000,1096110000,2500000000,39,23,71,133
148460000,1660000,2349880000,2500000000,21,26,58,105
354140000,470000,2145390000,2500000000,25,28,63,116
1105960000,0,1394040000,2500000000,31,30,63,124
611390000,28410000,1860200000,2500000000,30,29,74,133
483610000,30130000,1986260000,2500000000,21,19,53,93
675420000,60090000,1764490000,2500000000,29,21,60,110
622240000,48290000,1829470000,2500000000,25,26,60,111
453710000,37060000,2009230000,2500000000,20,27,61,108
762160000,127330000,1610510000,2500000000,24,27,61,112
1234010000,16100000,1249890000,2500000000,37,22,70,129
1414330000,19920000,1065750000,2500000000,38,23,73,134
1359360000,19000000,1121640000,2500000000,38,22,69,129
259890000,0,2240110000,2500000000,26,23,55,104
982890000,300000,1516810000,2500000000,33,30,62,125
795250000,71440000,1633310000,2500000000,12,17,51,80
34950000,283470000,2181580000,2500000000,12,16,50,78
100620000,493410000,1905970000,2500000000,25,30,75,130
422240000,724990000,1352770000,2500000000,29,27,85,141
39840000,691870000,1768290000,2500000000,25,35,90,150
1196180000,286930000,1016890000,2500000000,40,25,77,142
56600000,570090000,1873310000,2500000000,11,21,55,87
11900000,922240000,1565860000,2500000000,7,17,46,70
377580000,1116990000,1005430000,2500000000,24,20,57,101
298880000,1203720000,997400000,2500000000,16,16,54,86
181920000,937670000,1380410000,2500000000,22,32,78,132
30660000,595930000,1873410000,2500000000,16,28,66,110
883700000,359880000,1256420000,2500000000,25,25,70,120
229470000,769150000,1501380000,2500000000,23,24,62,109
376250000,558220000,1565530000,2500000000,25,28,82,135
149010000,1422780000,928210000,2500000000,31,25,79,135
408950000,905840000,1185210000,2500000000,30,24,70,124
163610000,616830000,1719560000,2500000000,24,24,66,114
0,51800000,2004920000,2056720000,11,14,32,57
44010000,457430000,1998560000,2500000000,15,19,46,80
366990000,732820000,1400190000,2500000000,23,27,63,113
561910000,683870000,1254220000,2500000000,28,20,62,110
138940000,812830000,1548230000,2500000000,13,18,51,82
77020000,250160000,2172820000,2500000000,19,14,50,83
558970000,564710000,1376320000,2500000000,34,28,79,141
289440000,408200000,1802360000,2500000000,21,20,55,96
107520000,1027640000,1364840000,2500000000,22,29,60,111
279290000,538380000,1682330000,2500000000,14,19,48,81
6150000,1977790000,516060000,2500000000,19,21,59,99
141420000,1224570000,1134010000,2500000000,25,30,76,131
366770000,464700000,1619290000,2450760000,21,23,62,106
327970000,513490000,1658540000,2500000000,14,19,53,86
672140000,353890000,1473970000,2500000000,21,20,51,92
268580000,284550000,1946870000,2500000000,36,27,70,133
700540000,1495230000,304230000,2500000000,23,22,77,122
447160000,1736750000,316090000,2500000000,33,29,92,154
673110000,1516710000,310180000,2500000000,26,22,71,119
1198400000,502580000,799020000,2500000000,37,19,71,127
333800000,1914430000,251770000,2500000000,30,22,76,128
363420000,1666190000,470390000,2500000000,26,29,89,144
340460000,1805110000,354430000,2500000000,21,17,64,102
7500000,2273400000,219100000,2500000000,22,28,81,131
260860000,1939780000,299360000,2500000000,30,26,80,136
286440000,1823370000,390190000,2500000000,26,29,84,139
501870000,1672630000,325500000,2500000000,29,24,82,135
284460000,1311750000,903790000,2500000000,25,33,83,141
492600000,1521050000,486350000,2500000000,24,29,80,133
813450000,1112470000,574080000,2500000000,33,33,92,158
169420000,1769570000,561010000,2500000000,29,31,93,153
498510000,1229280000,772210000,2500000000,30,23,80,133
455620000,1344500000,699880000,2500000000,25,30,80,135
779960000,1555340000,164700000,2500000000,29,17,64,110
1214020000,772020000,513960000,2500000000,25,20,67,112
245090000,1919640000,335270000,2500000000,27,27,86,140
111300000,1878300000,510400000,2500000000,27,27,85,139
18280000,2031620000,450100000,2500000000,25,38,90,153
118610000,1845840000,535550000,2500000000,32,35,101,168
4420000,2205220000,290360000,2500000000,22,30,74,126
13350000,1943900000,542750000,2500000000,29,39,98,166
206050000,1753170000,540780000,2500000000,25,33,88,146
217600000,1715230000,567170000,2500000000,27,36,92,155
30660000,2200640000,268700000,2500000000,18,29,77,124
33740000,2123600000,342660000,2500000000,19,29,80,128
183020000,1898240000,418740000,2500000000,27,25,78,130
98670000,1627860000,773470000,2500000000,25,39,93,157
557150000,1067240000,875610000,2500000000,35,31,98,164
771510000,897340000,831150000,2500000000,42,37,102,181
904590000,523770000,1071640000,2500000000,31,23,72,126
803310000,798660000,898030000,2500000000,36,38,101,175
680050000,1547450000,272500000,2500000000,25,20,60,105
448790000,1535330000,515880000,2500000000,34,30,97,161
1698430000,360480000,441090000,2500000000,26,18,68,112
1689470000,414450000,396080000,2500000000,26,17,69,112
222730000,1718550000,558720000,2500000000,21,24,73,118
146580000,1935010000,418410000,2500000000,17,23,65,105
871980000,979670000,648350000,2500000000,21,21,70,112
1213840000,703960000,582200000,2500000000,25,18,64,107
134290000,1664970000,700740000,2500000000,25,32,81,138
89840000,1905540000,504620000,2500000000,19,26,72,117
707150000,1166510000,626340000,2500000000,25,32,74,131
1181020000,802580000,516400000,2500000000,25,19,65,109
97510000,1451940000,950550000,2500000000,26,35,85,146
53070000,1811230000,635700000,2500000000,18,32,81,131
705900000,1323250000,470850000,2500000000,23,25,80,128
262660000,1634620000,602720000,2500000000,19,30,75,124
440070000,1335980000,723950000,2500000000,38,40,99,177
98020000,926560000,1475420000,2500000000,19,33,79,131
840710000,767920000,891370000,2500000000,32,27,87,146
355020000,1830740000,314240000,2500000000,30,27,79,136
902830000,980490000,616680000,2500000000,43,38,102,183
298380000,1402340000,799280000,2500000000,25,32,82,139
1185440000,596370000,718190000,2500000000,34,20,73,127
893120000,799700000,807180000,2500000000,45,29,96,170
1224340000,527870000,747790000,2500000000,47,33,92,172
996820000,577090000,926090000,2500000000,36,27,89,152
453890000,1171720000,874390000,2500000000,45,33,92,170
177350000,1800300000,522350000,2500000000,21,30,73,124
1351580000,471380000,677040000,2500000000,27,10,56,93
438380000,1612300000,449320000,2500000000,13,21,59,93
1531850000,247660000,720490000,2500000000,34,14,48,96
1468860000,429790000,601350000,2500000000,35,16,59,110
1593940000,428560000,477500000,2500000000,26,9,53,88
1263160000,337930000,898910000,2500000000,31,13,63,107
229170000,1684820000,586010000,2500000000,19,24,72,115
865330000,657180000,977490000,2500000000,36,28,79,143
372390000,1343980000,783630000,2500000000,28,32,83,143
1589580000,433600000,476820000,2500000000,44,28,79,151
906210000,864230000,729560000,2500000000,36,27,88,151
1190460000,721460000,588080000,2500000000,32,24,89,145
248420000,1703620000,547960000,2500000000,22,26,70,118
369140000,1312980000,817880000,2500000000,33,24,84,141
1185710000,386310000,927980000,2500000000,34,18,73,125
702430000,1202440000,595130000,2500000000,35,30,90,155
370240000,1466240000,663520000,2500000000,43,34,96,173
853930000,747360000,898710000,2500000000,37,36,92,165
746410000,1282040000,471550000,2500000000,38,37,97,172
533790000,1665820000,300390000,2500000000,37,30,85,152
1231500000,919040000,349460000,2500000000,38,32,87,157
688300000,1245920000,565780000,2500000000,36,33,86,155
791850000,1187790000,520360000,2500000000,38,31,90,159
516050000,1473500000,510450000,2500000000,34,36,86,156
425550000,1691230000,383220000,2500000000,35,39,89,163
226490000,1916270000,357240000,2500000000,35,39,89,163
521870000,1476130000,502000000,2500000000,33,36,92,161
700690000,1409180000,390130000,2500000000,34,32,86,152
232120000,1996750000,271130000,2500000000,34,33,86,153
558640000,1757300000,184060000,2500000000,37,35,87,159
553380000,1685170000,261450000,2500000000,36,39,93,168
1045030000,1216210000,238760000,2500000000,37,32,89,158
779930000,1469030000,251040000,2500000000,38,32,89,159
350640000,1861170000,288190000,2500000000,38,30,89,157
440010000,1833380000,226610000,2500000000,39,33,90,162
425100000,358770000,1687460000,2471330000,41,38,80,159
727670000,1243680000,528650000,2500000000,39,32,85,156
74770000,918940000,1506290000,2500000000,38,38,97,173
1319450000,802100000,378450000,2500000000,36,20,72,128
487390000,1808690000,203920000,2500000000,36,33,101,170
1226820000,765830000,507350000,2500000000,40,26,87,153
904780000,1228320000,366900000,2500000000,37,30,92,159
1530960000,568530000,400510000,2500000000,42,27,93,162
911100000,1104210000,484690000,2500000000,38,33,90,161
1414160000,705360000,380480000,2500000000,45,29,93,167
1289370000,557880000,652750000,2500000000,42,22,78,142
1594340000,338710000,566950000,2500000000,46,27,92,165
375680000,1910940000,213380000,2500000000,37,29,88,154
630020000,1528510000,341470000,2500000000,39,28,83,150
199950000,1818670000,481380000,2500000000,37,30,93,160
710840000,1517690000,271470000,2500000000,40,31,85,156
816940000,1231790000,451270000,2500000000,36,31,88,155
843080000,1196760000,460160000,2500000000,37,31,88,156
1079600000,955180000,465220000,2500000000,38,31,90,159
737710000,1296230000,466060000,2500000000,37,36,92,165
315240000,1850460000,334300000,2500000000,34,36,88,158
633180000,1549430000,317390000,2500000000,37,32,92,161
536630000,1415140000,548230000,2500000000,35,33,88,156
506880000,1707440000,285680000,2500000000,36,33,91,160
605200000,1359610000,535190000,2500000000,34,31,84,149
382180000,1891170000,226650000,2500000000,37,37,91,165
456110000,1679560000,364330000,2500000000,34,25,82,141
471290000,1679530000,349180000,2500000000,37,36,89,162
730090000,1506290000,263620000,2500000000,39,30,87,156
639830000,1566610000,293560000,2500000000,38,30,84,152
703650000,1507490000,288860000,2500000000,41,31,95,167
1267440000,825580000,406980000,2500000000,40,29,93,162
0,0,224000000,224000000,41,35,91,167
443040000,913790000,597620000,1954450000,41,30,88,159
0,0,0,0,40,38,102,180
313450000,922230000,93390000,1329070000,40,35,91,166
11570000,0,919730000,931300000,32,22,69,123
1252450000,950200000,297350000,2500000000,45,24,96,165
1319740000,671990000,508270000,2500000000,35,24,84,143
1207450000,788870000,503680000,2500000000,45,29,90,164
867190000,1146370000,486440000,2500000000,33,22,79,134
1042100000,680430000,777470000,2500000000,42,23,73,138
1425360000,379670000,694970000,2500000000,40,22,75,137
1247410000,860550000,392040000,2500000000,45,24,90,159
1238780000,726180000,535040000,2500000000,44,23,86,153
631150000,1540310000,328540000,2500000000,35,34,88,157
565450000,1733140000,201410000,2500000000,38,29,83,150
626140000,1484930000,388930000,2500000000,35,31,92,158
520050000,1713140000,266810000,2500000000,35,32,91,158
407870000,1836090000,256040000,2500000000,37,38,91,166
851470000,1307490000,341040000,2500000000,41,35,98,174
703670000,1165590000,630740000,2500000000,37,38,88,163
791880000,1294010000,414110000,2500000000,36,38,90,164
534300000,1453720000,511980000,2500000000,33,35,86,154
537160000,1517830000,445010000,2500000000,34,36,93,163
787990000,1105310000,606700000,2500000000,35,34,89,158
771560000,1262770000,465670000,2500000000,36,38,89,163
547710000,1476760000,475530000,2500000000,37,39,92,168
682270000,1400500000,417230000,2500000000,37,33,92,162
614390000,1426460000,459150000,2500000000,42,35,93,170
1216060000,542850000,741090000,2500000000,42,29,87,158
701200000,1344380000,454420000,2500000000,38,34,89,161
683420000,1254510000,562070000,2500000000,39,43,96,178
0,0,0,0,39,35,88,162
181460000,776390000,121460000,1079310000,38,31,87,156
26920000,43920000,35050000,105890000,35,26,80,141
364990000,689060000,90470000,1144520000,42,33,91,166
630340000,1255350000,614310000,2500000000,42,40,85,167
258570000,618690000,904070000,1781330000,42,42,100,184
761730000,1367100000,371170000,2500000000,43,37,90,170
723580000,1255760000,501760000,2481100000,40,33,83,156
896910000,1208050000,395040000,2500000000,42,25,88,155
216220000,1720120000,563660000,2500000000,30,32,97,159
193820000,1496450000,414540000,2104810000,34,35,100,169
367770000,1644500000,487700000,2499970000,25,29,85,139
1396830000,761790000,341380000,2500000000,40,22,70,132
1165500000,1019750000,314750000,2500000000,40,22,78,140
1349150000,798470000,352380000,2500000000,44,27,82,153
1320380000,828760000,350860000,2500000000,42,31,94,167
1017300000,1100390000,382310000,2500000000,40,30,90,160
523830000,1312600000,322550000,2158980000,40,35,93,168
554770000,789550000,201900000,1546220000,39,38,104,181
7250000,4110000,2810000,14170000,39,40,108,187
352880000,1773600000,373520000,2500000000,37,33,88,158
764110000,1484130000,251760000,2500000000,37,34,89,160
455320000,1193170000,424390000,2072880000,39,42,102,183
325550000,1801000000,373450000,2500000000,38,38,103,179
579880000,1418530000,489040000,2487450000,35,35,91,161
584770000,1332140000,583090000,2500000000,42,40,96,178
289950000,480990000,255580000,1026520000,37,35,91,163
540160000,550720000,279570000,1370450000,42,43,104,189
556110000,1350240000,593650000,2500000000,38,36,94,168
694730000,1365530000,439740000,2500000000,34,33,90,157
1149760000,677360000,493780000,2320900000,45,41,99,185
576420000,360070000,216180000,1152670000,46,36,95,177
863220000,1285910000,350870000,2500000000,45,30,94,169
636770000,984000000,879230000,2500000000,42,40,99,181
1105530000,461150000,288270000,1854950000,45,36,91,172
528550000,833620000,250230000,1612400000,40,31,92,163
267160000,1590780000,267180000,2125120000,38,34,92,164
377000000,1742990000,270280000,2390270000,43,31,92,166
823010000,1197500000,479490000,2500000000,39,32,84,155
402090000,1487300000,610610000,2500000000,44,40,92,176
658920000,1334750000,506330000,2500000000,37,36,82,155
522450000,1683660000,293890000,2500000000,32,27,76,135
560200000,1667950000,271850000,2500000000,34,21,76,131
0,500000,3850000,4350000,37,29,79,145
123790000,1063210000,437890000,1624890000,34,25,87,146
451600000,445180000,344660000,1241440000,40,23,76,139
897980000,194850000,205530000,1298360000,43,29,86,158
670040000,45610000,119360000,835010000,43,19,69,131
354330000,186320000,326320000,866970000,41,21,73,135
437920000,47670000,2014410000,2500000000,35,31,85,151
926780000,224530000,1348690000,2500000000,39,33,88,160
1311300000,452610000,736090000,2500000000,39,34,90,163
1739890000,26770000,733340000,2500000000,38,24,72,134
1825860000,163810000,510330000,2500000000,42,33,85,160
568640000,37780000,1678900000,2285320000,38,32,82,152
1080220000,109480000,1310300000,2500000000,42,35,89,166
915250000,864830000,719920000,2500000000,41,36,86,163
773870000,1170880000,555250000,2500000000,42,40,95,177
1018930000,941400000,539670000,2500000000,41,37,77,155
698640000,1452900000,348460000,2500000000,40,36,91,167
712720000,276250000,1511030000,2500000000,39,28,80,147
1210520000,570140000,719340000,2500000000,38,32,81,151
151450000,44100000,2304450000,2500000000,31,33,68,132
861590000,399700000,1238710000,2500000000,41,38,97,176
932950000,306700000,1260350000,2500000000,42,36,94,172
877230000,402000000,1220770000,2500000000,41,37,93,171
1240590000,771980000,487430000,2500000000,43,35,86,164
1201990000,929880000,368130000,2500000000,43,38,85,166
1156850000,150090000,1193060000,2500000000,46,40,102,188
662130000,209640000,1628230000,2500000000,45,41,101,187
1618670000,419010000,462320000,2500000000,38,30,79,147
1793820000,394780000,311400000,2500000000,43,35,85,163
1055200000,389270000,1055530000,2500000000,45,39,99,183
1303000000,430390000,766610000,2500000000,44,39,96,179
1098850000,921600000,479550000,2500000000,38,32,80,150
1378610000,628570000,492820000,2500000000,40,31,74,145
482740000,70110000,1947150000,2500000000,40,36,88,164
337280000,127190000,1903130000,2367600000,40,36,91,167
1109290000,524120000,866590000,2500000000,41,35,84,160
798020000,1180520000,521460000,2500000000,37,30,74,141
710690000,1350150000,439160000,2500000000,40,33,77,150
685300000,1468000000,346700000,2500000000,40,31,81,152
815680000,702340000,981980000,2500000000,40,38,93,171
394090000,141770000,1926450000,2462310000,42,36,93,171
401230000,245840000,1793260000,2440330000,39,40,90,169
645290000,311460000,1543250000,2500000000,45,42,96,183
31250000,44950000,2150320000,2226520000,32,32,84,148
62400000,10730000,2078470000,2151600000,34,31,70,135
346870000,214930000,1938200000,2500000000,41,40,98,179
770270000,320260000,1409470000,2500000000,41,34,87,162
1066260000,700450000,733290000,2500000000,45,39,93,177
1455440000,590310000,454250000,2500000000,44,39,93,176
281930000,21660000,1928830000,2232420000,42,35,94,171
1347750000,892990000,259260000,2500000000,41,36,85,162
1149560000,1107000000,243440000,2500000000,42,32,83,157
1777700000,190710000,531590000,2500000000,41,30,80,151
1219970000,502050000,777980000,2500000000,41,35,85,161
1482580000,500900000,516520000,2500000000,40,33,83,156
1550290000,387440000,562270000,2500000000,38,31,81,150
1176720000,396110000,927170000,2500000000,43,39,86,168
1445240000,426180000,628580000,2500000000,40,36,81,157
1445040000,18280000,1036680000,2500000000,38,24,72,134
1572100000,18570000,909330000,2500000000,38,24,70,132
1071120000,7470000,1421410000,2500000000,39,21,67,127
794880000,0,1705120000,2500000000,30,28,64,122
1210260000,148130000,1141610000,2500000000,31,28,66,125
404730000,14670000,2080600000,2500000000,25,18,58,101
352140000,21930000,2125930000,2500000000,22,25,65,112
148620000,0,2351380000,2500000000,16,24,49,89
480260000,63220000,1956520000,2500000000,21,29,63,113
127350000,13430000,2359220000,2500000000,10,22,47,79
387090000,65370000,2047540000,2500000000,19,22,54,95
1688360000,10750000,800890000,2500000000,39,24,74,137
1842980000,49960000,607060000,2500000000,38,23,72,133
1861100000,195150000,443750000,2500000000,39,26,77,142
1905540000,155550000,438910000,2500000000,40,30,79,149
1415610000,6080000,1078310000,2500000000,35,23,71,129
1587840000,19350000,892810000,2500000000,38,24,72,134
1802860000,30120000,667020000,2500000000,37,24,73,134
1477590000,470000,1021940000,2500000000,35,22,67,124
1614960000,5420000,879620000,2500000000,36,22,69,127
1708680000,0,791320000,2500000000,36,24,62,122
1675810000,1720000,822470000,2500000000,34,26,67,127
743770000,0,1756230000,2500000000,32,26,67,125
1273920000,490000,1225590000,2500000000,32,23,59,114
1298070000,820000,1201110000,2500000000,34,22,61,117
229370000,0,2270630000,2500000000,25,28,59,112
836070000,7250000,1656680000,2500000000,13,28,53,94
881040000,1990000,1616970000,2500000000,18,25,57,100
459920000,1930000,2038150000,2500000000,10,20,39,69
504560000,53940000,1713010000,2271510000,35,29,78,142
469480000,56170000,1569250000,2094900000,35,30,80,145
472770000,22720000,2004510000,2500000000,34,30,86,150
1521060000,59400000,919540000,2500000000,38,30,79,147
1389370000,2600000,1108030000,2500000000,33,23,61,117
1205530000,7930000,1286540000,2500000000,34,22,63,119
1292880000,3840000,1203280000,2500000000,30,32,67,129
1560310000,1650000,938040000,2500000000,34,26,66,126
451070000,0,2048930000,2500000000,15,26,59,100
428230000,137730000,1737120000,2303080000,40,37,89,166
1486880000,60800000,952320000,2500000000,38,28,78,144
1704540000,17770000,777690000,2500000000,36,25,73,134
1620160000,16400000,863440000,2500000000,39,25,77,141
1302620000,369700000,827680000,2500000000,45,26,80,151
173300000,586690000,1740010000,2500000000,38,39,97,174
1838600000,279560000,381840000,2500000000,37,21,70,128
816020000,1147490000,536490000,2500000000,26,20,66,112
1398640000,534560000,566800000,2500000000,37,25,79,141
904750000,753770000,841480000,2500000000,28,21,72,121
1294550000,432290000,773160000,2500000000,41,21,84,146
92390000,680760000,1625830000,2398980000,38,42,111,191
901460000,794650000,803890000,2500000000,32,24,90,146
179210000,691900000,1607440000,2478550000,28,41,89,158
1627990000,385290000,486720000,2500000000,42,26,89,157
688090000,1071880000,740030000,2500000000,36,29,96,161
1146430000,726910000,626660000,2500000000,38,37,96,171
1424630000,637570000,437800000,2500000000,34,31,91,156
1486310000,391980000,621710000,2500000000,33,19,58,110
625370000,1203680000,670950000,2500000000,37,24,90,151
1318660000,389220000,792120000,2500000000,41,24,77,142
848700000,659260000,992040000,2500000000,38,23,83,144
1452630000,248700000,738030000,2439360000,33,13,56,102
1551030000,360400000,494370000,2405800000,27,11,46,84
1547850000,176790000,775360000,2500000000,30,13,54,97
992550000,865870000,641580000,2500000000,36,25,83,144
452590000,1034510000,1012900000,2500000000,39,45,113,197
109370000,1983990000,406640000,2500000000,19,20,51,90
549160000,1283590000,667250000,2500000000,35,31,90,156
357650000,1614160000,528190000,2500000000,25,27,80,132
136380000,1770960000,592660000,2500000000,24,21,66,111
941140000,1086940000,471920000,2500000000,26,20,70,116
1109650000,867060000,523290000,2500000000,39,34,87,160
861150000,1239830000,399020000,2500000000,32,33,85,150
662030000,1410800000,427170000,2500000000,30,32,90,152
252310000,1857400000,390290000,2500000000,27,26,83,136
442020000,1610620000,447360000,2500000000,39,39,105,183
326310000,1800820000,372870000,2500000000,23,36,92,151
495840000,1683850000,320310000,2500000000,25,27,78,130
257760000,1714880000,527360000,2500000000,18,24,69,111
1029210000,811120000,659670000,2500000000,33,22,73,128
1495470000,378030000,626500000,2500000000,28,12,47,87
1824340000,193370000,482290000,2500000000,34,20,72,126
1501700000,106340000,891960000,2500000000,29,13,56,98
1648410000,144360000,707230000,2500000000,38,19,59,116
499260000,1337270000,663470000,2500000000,21,21,60,102
1244010000,885690000,370300000,2500000000,39,38,107,184
652560000,133510000,1496330000,2282400000,38,33,94,165
745220000,1329390000,425390000,2500000000,36,33,90,159
460940000,1427260000,611800000,2500000000,41,45,117,203
459580000,658700000,1381720000,2500000000,35,39,111,185
296340000,221410000,1732870000,2250620000,26,36,97,159
425240000,1674620000,400140000,2500000000,35,38,93,166
400140000,1825160000,274700000,2500000000,26,28,78,132
195180000,1970670000,334150000,2500000000,20,30,78,128
39400000,2220120000,240480000,2500000000,9,29,63,101
158840000,1516760000,262250000,1937850000,27,38,98,163
581050000,1354180000,564770000,2500000000,16,20,56,92
356240000,1277510000,471310000,2105060000,21,22,66,109
121290000,939920000,455820000,1517030000,29,31,95,155
438050000,1212180000,812180000,2462410000,21,29,79,129
174900000,312850000,209570000,697320000,29,32,87,148
16180000,1028410000,1444280000,2488870000,24,40,91,155
557580000,1380180000,562240000,2500000000,26,37,96,159
58340000,256920000,2184740000,2500000000,22,39,86,147
213990000,443770000,271400000,929160000,20,44,86,150
123200000,358420000,1090570000,1572190000,25,36,86,147
673530000,1314770000,511700000,2500000000,40,38,93,171
1087940000,1054540000,357520000,2500000000,40,32,86,158
758540000,1246680000,494780000,2500000000,37,31,85,153
1055000000,789250000,441200000,2285450000,42,33,87,162
717220000,1501540000,281240000,2500000000,34,25,79,138
725520000,1416470000,358010000,2500000000,36,30,83,149
712850000,1379040000,408110000,2500000000,40,34,84,158
535150000,1619680000,345170000,2500000000,40,31,85,156
333650000,1730000,113960000,449340000,38,12,64,114
241540000,51400000,54660000,347600000,35,14,70,119
0,0,0,0,34,34,88,156
15380000,56840000,20130000,92350000,33,35,94,162
856320000,142160000,261250000,1259730000,42,27,84,153
757790000,383810000,247440000,1389040000,42,32,82,156
0,0,0,0,46,34,89,169
764330000,1324650000,411020000,2500000000,39,30,86,155
1103070000,898010000,498920000,2500000000,41,34,88,163
712690000,629960000,598610000,1941260000,40,36,88,164
298810000,750940000,294270000,1344020000,41,36,84,161
129310000,1410370000,583770000,2123450000,37,24,80,141
237850000,252880000,174920000,665650000,41,37,88,166
8240000,234820000,123500000,366560000,27,31,85,143
1027660000,1044470000,427870000,2500000000,34,27,74,135
347090000,1985300000,167610000,2500000000,33,22,74,129
1281240000,562180000,656580000,2500000000,38,29,81,148
783190000,1351240000,365570000,2500000000,38,30,78,146
856970000,378610000,1264420000,2500000000,40,33,90,163
1148750000,910700000,440550000,2500000000,40,31,79,150
1276280000,752890000,470830000,2500000000,43,30,80,153
1148940000,488510000,862550000,2500000000,47,37,95,179
1285070000,683820000,531110000,2500000000,45,37,94,176
881010000,772600000,846390000,2500000000,49,38,93,180
1284470000,737040000,478490000,2500000000,42,23,78,143
862330000,380120000,1257550000,2500000000,42,39,101,182
1442140000,518640000,539220000,2500000000,45,37,88,170
1392240000,734210000,373550000,2500000000,43,34,87,164
1696610000,184080000,619310000,2500000000,40,30,80,150
1510720000,354850000,634430000,2500000000,44,33,82,159
1738620000,185200000,576180000,2500000000,41,31,80,152
1887840000,75710000,536450000,2500000000,40,27,75,142
1220560000,391930000,887510000,2500000000,39,32,73,144
1307470000,160250000,1032280000,2500000000,40,33,83,156
1101970000,551820000,846210000,2500000000,42,31,82,155
743930000,694280000,1061790000,2500000000,45,37,97,179
1301540000,732100000,466360000,2500000000,44,27,79,150
1224370000,471020000,804610000,2500000000,38,26,75,139
1338000000,585670000,576330000,2500000000,42,28,85,155
1262780000,677800000,559420000,2500000000,46,29,79,154
1045510000,780710000,673780000,2500000000,43,34,85,162
1234080000,801680000,464240000,2500000000,43,29,81,153
923520000,923330000,653150000,2500000000,44,38,93,175
1081290000,988200000,430510000,2500000000,40,29,81,150
1228460000,617130000,654410000,2500000000,47,34,94,175
1136080000,840820000,523100000,2500000000,42,26,77,145
1075970000,732780000,691250000,2500000000,44,29,89,162
1327570000,734910000,437520000,2500000000,42,28,87,157
539490000,206220000,1718080000,2463790000,43,33,94,170
197560000,33470000,1908240000,2139270000,39,35,83,157
142360000,11770000,2014910000,2169040000,34,28,82,144
1297090000,468500000,734410000,2500000000,47,37,92,176
1191370000,936650000,371980000,2500000000,42,30,86,158
1590870000,267620000,641510000,2500000000,39,33,89,161
1322520000,754690000,422790000,2500000000,42,38,94,174
1576860000,201930000,721210000,2500000000,43,33,82,158
1371420000,212050000,916530000,2500000000,39,30,79,148
1740410000,108970000,650620000,2500000000,38,31,81,150
1733680000,113320000,653000000,2500000000,39,25,80,144
1619700000,130280000,750020000,2500000000,43,30,81,154
1658220000,246080000,595700000,2500000000,44,30,83,157
1431050000,175460000,893490000,2500000000,41,33,84,158
1607960000,177360000,714680000,2500000000,45,31,84,160
1711090000,388920000,399990000,2500000000,39,30,76,145
1657020000,151880000,691100000,2500000000,39,32,78,149
1660200000,308140000,531660000,2500000000,39,28,75,142
1716990000,192850000,590160000,2500000000,39,29,77,145
587730000,923280000,988990000,2500000000,35,28,75,138
777370000,858180000,860060000,2495610000,30,26,75,131
309090000,231600000,349370000,890060000,43,33,88,164
884480000,473540000,310330000,1668350000,38,30,81,149
921130000,749460000,656790000,2327380000,35,29,73,137
391580000,235150000,885510000,1512240000,41,31,80,152
842610000,648590000,472510000,1963710000,40,33,89,162
996940000,325600000,1177460000,2500000000,44,31,84,159
329720000,88440000,1187750000,1605910000,41,31,79,151
1776350000,242370000,481280000,2500000000,39,30,82,151
1545230000,343950000,600450000,2489630000,43,38,99,180
998370000,313750000,925560000,2237680000,44,35,91,170
1709700000,189550000,600750000,2500000000,40,29,81,150
1740790000,128680000,630530000,2500000000,39,26,79,144
1430800000,153280000,915920000,2500000000,42,31,79,152
1655820000,60730000,783450000,2500000000,38,30,79,147
1362480000,227770000,909750000,2500000000,41,27,78,146
1734550000,141320000,624130000,2500000000,41,29,80,150
1566770000,201400000,731830000,2500000000,39,26,77,142
1668410000,62180000,769410000,2500000000,41,28,80,149
1505070000,208780000,786150000,2500000000,38,29,74,141
1483760000,423910000,592330000,2500000000,43,35,86,164
1713150000,91820000,695030000,2500000000,38,25,71,134
1692440000,130040000,677520000,2500000000,38,29,76,143
1383760000,134870000,981370000,2500000000,42,30,80,152
1098490000,190390000,461810000,1750690000,47,31,87,165
1541840000,210400000,747760000,2500000000,41,32,82,155
1189920000,280870000,1029210000,2500000000,43,34,86,163
1693160000,47980000,757790000,2498930000,38,27,73,138
1195550000,130370000,1174080000,2500000000,42,29,77,148
775500000,128310000,1586670000,2490480000,45,40,103,188
1473230000,434850000,591920000,2500000000,36,32,81,149
183140000,16460000,2282020000,2481620000,42,32,85,159
1436320000,33410000,1030270000,2500000000,37,27,74,138
1376110000,220690000,903200000,2500000000,39,31,81,151
1126990000,582530000,790480000,2500000000,44,43,93,180
1638420000,296290000,565290000,2500000000,39,32,82,153
1274320000,138170000,1087510000,2500000000,39,30,83,152
1489340000,144800000,865860000,2500000000,38,31,84,153
1009210000,67430000,1423360000,2500000000,42,33,86,161
850680000,131650000,1517670000,2500000000,43,39,95,177
1084960000,40710000,1374330000,2500000000,38,28,78,144
1260970000,51560000,1187470000,2500000000,38,28,78,144
1435510000,22500000,1041990000,2500000000,37,30,76,143
1159940000,68740000,1271320000,2500000000,38,25,72,135
1593830000,20790000,885380000,2500000000,35,25,74,134
1174910000,32720000,1292370000,2500000000,39,25,74,138
1640050000,9450000,850500000,2500000000,30,23,62,115
1704580000,15280000,780140000,2500000000,33,23,70,126
1428450000,26820000,1044730000,2500000000,35,26,68,129
1382660000,6310000,1111030000,2500000000,32,25,67,124
1495670000,620000,1003710000,2500000000,25,21,60,106
1498570000,12200000,989230000,2500000000,34,26,64,124
1616300000,0,883700000,2500000000,33,24,61,118
1297770000,1630000,1200600000,2500000000,35,25,68,128
1677400000,620000,821980000,2500000000,12,19,40,71
1355580000,0,1144420000,2500000000,22,29,62,113
1040960000,0,1459040000,2500000000,28,28,65,121
1728410000,0,771590000,2500000000,33,30,68,131
418550000,13010000,2068440000,2500000000,21,31,71,123
1123080000,2340000,1374580000,2500000000,17,25,57,99
202080000,0,2297920000,2500000000,14,19,51,84
587200000,4880000,1907920000,2500000000,31,29,66,126
1170000,0,2498830000,2500000000,10,28,56,94
181240000,8300000,2310460000,2500000000,12,26,56,94
1457070000,30660000,1012270000,2500000000,37,27,71,135
1539020000,30700000,930280000,2500000000,36,26,71,133
1536780000,89970000,873250000,2500000000,39,26,76,141
1501250000,31940000,966810000,2500000000,40,26,75,141
1159560000,21050000,1319390000,2500000000,41,28,80,149
1255110000,24910000,1219980000,2500000000,34,25,70,129
1547830000,21600000,930570000,2500000000,37,24,69,130
1323090000,18790000,1158120000,2500000000,38,25,74,137
1371980000,27100000,1100830000,2499910000,31,25,66,122
1523230000,7620000,969150000,2500000000,32,25,68,125
1656440000,20660000,822900000,2500000000,37,25,68,130
1689360000,5310000,805330000,2500000000,32,25,65,122
1737250000,0,762750000,2500000000,31,30,67,128
1118800000,650000,1380550000,2500000000,34,27,67,128
1619580000,0,875170000,2494750000,31,22,59,112
1114860000,0,1385140000,2500000000,32,28,67,127
1578720000,4920000,916360000,2500000000,35,32,77,144
802650000,33190000,1664160000,2500000000,21,31,58,110
332060000,0,2167940000,2500000000,28,25,63,116
410600000,22560000,2066840000,2500000000,16,28,58,102
991020000,3080000,1505900000,2500000000,26,28,66,120
304480000,18440000,2177080000,2500000000,12,24,49,85
86550000,7430000,2406020000,2500000000,15,24,50,89
1205580000,22000000,1081960000,2309540000,35,26,69,130
1455100000,34380000,1004730000,2494210000,38,26,71,135
1224550000,11730000,680780000,1917060000,39,28,75,142
972000000,8860000,681390000,1662250000,33,23,67,123
1344420000,57820000,769090000,2171330000,44,31,84,159
602290000,1632990000,264720000,2500000000,39,27,83,149
1672600000,44160000,783240000,2500000000,41,31,81,153
1772720000,99950000,532700000,2405370000,43,31,78,152
1363470000,29410000,660390000,2053270000,42,29,78,149
6740000,685940000,1651860000,2344540000,27,35,87,149
748810000,487220000,1263970000,2500000000,30,38,86,154
0,6450000,2238960000,2245410000,6,24,42,72
2051950000,7390100000,4920180000,14362230000,46,43,107,196
6205350000,1607970000,2917550000,10730870000,44,33,86,163
991170000,6185410000,1939980000,9116560000,25,22,73,120
5499890000,620000,3765790000,9266300000,37,35,101,173
4108580000,3504780000,3327590000,10940950000,51,36,106,193
1417710000,3443010000,825630000,5686350000,34,24,82,140
1191470000,3307380000,734230000,5233080000,34,36,93,163
9507020000,422100000,4271570000,14200690000,32,30,69,131
4109250000,9971000000,5110260000,19190510000,35,34,91,160
2428220000,4036990000,6979670000,13444880000,35,34,96,165
3456650000,5944780000,1055700000,10457130000,37,34,82,153
2194780000,4119730000,2776980000,9091490000,49,37,95,181
889630000,960140000,7281800000,9131570000,39,29,81,149
474140000,6044560000,7751540000,14270240000,37,37,98,172
3886640000,4592190000,1972490000,10451320000,45,33,101,179
5224560000,1482250000,4075390000,10782200000,38,31,71,140
756820000,2777850000,4800370000,8335040000,36,35,108,179
3844030000,3273000000,3568040000,10685070000,32,39,89,160
6100410000,1226020000,12762880000,20089310000,34,40,95,169
3479950000,5377730000,2221380000,11079060000,39,31,81,151
6342990000,564570000,6925250000,13832810000,41,41,94,176
5280740000,3221230000,4395260000,12897230000,46,43,114,203
2074830000,2095860000,4870930000,9041620000,42,33,106,181
4227220000,1693730000,4526610000,10447560000,25,29,68,122
3454200000,4515850000,2123880000,10093930000,16,28,68,112
3549320000,204330000,6328300000,10081950000,38,24,81,143
4611640000,3666990000,1515760000,9794390000,42,32,89,163
3303330000,4698480000,2330040000,10331850000,38,27,83,148
2814710000,3395110000,4568410000,10778230000,38,35,82,155
567080000,2135150000,2903960000,5606190000,36,40,108,184
938170000,8341810000,1166310000,10446290000,39,45,100,184
4749890000,4078940000,1869390000,10698220000,35,28,86,149
3362820000,4840640000,6414700000,14618160000,54,40,115,209
731300000,6574500000,3021540000,10327340000,46,41,93,180
5480610000,2564690000,3022780000,11068080000,44,37,100,181
1336770000,5264500000,5980720000,12581990000,39,39,96,174
417390000,3591580000,720470000,4729440000,34,28,92,154
1078530000,2561420000,1805920000,5445870000,38,23,81,142
1173320000,380100000,6153790000,7707210000,43,46,127,216
2522140000,114360000,9909860000,12546360000,38,30,89,157
6616300000,1466100000,3003270000,11085670000,44,23,85,152
1803340000,6811990000,2370620000,10985950000,43,35,84,162
3328030000,6534040000,3963320000,13825390000,41,33,89,163
6200070000,5851390000,5811510000,17862970000,29,42,94,165
3748310000,2445050000,7638580000,13831940000,49,34,88,171
241990000,4802700000,5036850000,10081540000,44,37,98,179
3215830000,7336360000,1837460000,12389650000,45,28,97,170
2844170000,5767330000,2075370000,10686870000,56,48,127,231
2762970000,3612090000,1954110000,8329170000,32,30,77,139
3977000000,1994930000,4786320000,10758250000,41,28,76,145
3104330000,471740000,6703630000,10279700000,33,26,77,136
2321340000,4395880000,1436120000,8153340000,34,39,97,170
2814200000,7607800000,2385250000,12807250000,47,43,102,192
3493610000,6466250000,2857020000,12816880000,41,40,104,185
2401860000,2289980000,1109530000,5801370000,36,44,96,176
3348580000,31220000,2166260000,5546060000,41,38,98,177
6048940000,178020000,4897000000,11123960000,43,31,82,156
3774600000,3797660000,4724430000,12296690000,43,35,86,164
3702400000,5601280000,1919460000,11223140000,48,39,98,185
3453520000,4431050000,3083620000,10968190000,47,35,99,181
3124450000,7337910000,581040000,11043400000,46,33,91,170
1038700000,3036150000,1090450000,5165300000,32,40,85,157
505900000,5013260000,3276510000,8795670000,42,33,91,166
559440000,8393070000,5587800000,14540310000,47,40,104,191
3623130000,3426400000,1871540000,8921070000,46,25,84,155
1955880000,707610000,4870620000,7534110000,46,27,89,162
577610000,3798350000,769310000,5145270000,33,33,95,161
6134960000,2015240000,6141800000,14292000000,42,38,109,189
3155750000,2892330000,4404540000,10452620000,38,35,84,157
499450000,4348870000,5952910000,10801230000,44,50,115,209
2935760000,4401090000,3089420000,10426270000,47,42,93,182
2226770000,378140000,6747230000,9352140000,48,36,102,186
4257910000,3359930000,1307630000,8925470000,41,43,95,179
1270260000,6720490000,2702360000,10693110000,39,30,75,144
3802890000,2026400000,3370810000,9200100000,25,33,75,133
4962310000,370130000,3879010000,9211450000,39,38,91,168
3761070000,3701780000,1260680000,8723530000,40,43,96,179
2814640000,29620000,2275880000,5120140000,40,31,78,149
4391990000,4554020000,1391360000,10337370000,29,34,88,151
823180000,3257130000,5255770000,9336080000,39,27,91,157
482900000,2440380000,6047200000,8970480000,42,38,85,165
4176130000,7883370000,2038390000,14097890000,36,43,110,189
3872220000,3333490000,5351280000,12556990000,39,37,85,161
2088500000,3770640000,3949270000,9808410000,31,40,94,165
1321610000,3087190000,6339540000,10748340000,46,41,94,181
1651840000,4218870000,1709390000,7580100000,28,26,90,144
4027290000,7425710000,8233860000,19686860000,37,43,90,170
4350020000,3062130000,2876550000,10288700000,24,34,69,127
5324280000,5060000,3762070000,9091410000,46,41,102,189
2790820000,1531810000,1183360000,5505990000,41,26,83,150
3296030000,2962510000,2822510000,9081050000,39,31,89,159
4633180000,4267950000,2019320000,10920450000,43,38,98,179
2529650000,4614820000,2925610000,10070080000,41,29,74,144
4992120000,43880000,3558180000,8594180000,42,42,98,182
10227810000,907860000,5546490000,16682160000,38,38,96,172
6630120000,21120000,4469680000,11120920000,44,33,90,167
5603620000,6635030000,2195690000,14434340000,30,46,96,172
725750000,33250000,7105310000,7864310000,25,26,74,125
5010340000,20010000,7884250000,12914600000,38,28,94,160
5987840000,558110000,2660820000,9206770000,41,30,89,160
4404470000,3522930000,2414570000,10341970000,38,37,89,164
1593800000,2699010000,882520000,5175330000,48,44,110,202
4399030000,300000,6022070000,10421400000,35,36,94,165
2697090000,1034020000,4531340000,8262450000,33,44,97,174
2700320000,1208800000,6138690000,10047810000,48,28,92,168
4980570000,3187770000,2915100000,11083440000,49,30,97,176
3064350000,6124520000,1794840000,10983710000,45,38,95,178
6369980000,3751640000,5537760000,15659380000,36,30,75,141
2793610000,5566570000,1726700000,10086880000,41,32,86,159
3978830000,1295260000,6251810000,11525900000,38,42,107,187
2650510000,677310000,4825990000,8153810000,36,35,109,180
469920000,7320030000,6539010000,14328960000,41,39,88,168
2179470000,7243480000,1289720000,10712670000,36,31,95,162
989800000,5453900000,1788790000,8232490000,43,32,91,166
3014500000,3823190000,2088420000,8926110000,43,27,88,158
4591150000,317590000,6210200000,11118940000,37,31,98,166
7804410000,4857730000,3970060000,16632200000,46,43,109,198
482540000,3749030000,6601760000,10833330000,45,38,99,182
2696980000,435890000,6361670000,9494540000,32,36,90,158
3470280000,5090990000,4123240000,12684510000,51,40,107,198
2469290000,5437390000,1009420000,8916100000,45,42,103,190
10043480000,585890000,3489070000,14118440000,45,37,88,170
3035920000,2376340000,4673410000,10085670000,49,42,99,190
866490000,1435150000,2505210000,4806850000,33,29,90,152
2015840000,6933240000,1758560000,10707640000,37,27,83,147
4141610000,4815300000,4870180000,13827090000,47,42,106,195
7017830000,8061390000,2811920000,17891140000,28,39,96,163
5446320000,105130000,4780450000,10331900000,44,44,108,196
389300000,6124560000,5126210000,11640070000,46,44,103,193
6767580000,1757580000,2558540000,11083700000,50,34,102,186
1834610000,16641380000,2978460000,21454450000,43,37,92,172
6519940000,310970000,2260720000,9091630000,31,38,95,164
7040020000,1443540000,5634960000,14118520000,48,36,99,183
1299710000,5773510000,3588540000,10661760000,40,35,94,169
4143670000,1725590000,7067210000,12936470000,19,33,76,128
807170000,4999370000,7030700000,12837240000,40,37,92,169
7042680000,730640000,3325620000,11098940000,40,34,79,153
3069990000,11348610000,2226760000,16645360000,49,42,104,195
6147090000,2312620000,1877630000,10337340000,44,27,85,156
4802090000,89510000,4364830000,9256430000,29,43,99,171
6080680000,4104790000,3545250000,13730720000,40,35,101,176
4939640000,558840000,6286260000,11784740000,39,42,98,179
682160000,5926250000,6113590000,12722000000,27,35,83,145
760140000,325860000,13396140000,14482140000,21,16,50,87
1157650000,5651630000,3620310000,10429590000,46,35,92,173
7037370000,8037270000,4860760000,19935400000,40,35,94,169
299890000,1253920000,7242180000,8795990000,37,34,96,167
3300130000,4596440000,6668930000,14565500000,32,29,80,141
5308640000,3408830000,1625030000,10342500000,38,40,94,172
4343910000,234800000,5644340000,10223050000,44,32,100,176
450690000,5868990000,3181770000,9501450000,29,19,75,123
6556590000,51490000,4525910000,11133990000,43,40,88,171
3255150000,2507200000,4690400000,10452750000,50,36,106,192
1899370000,145260000,6876780000,8921410000,41,26,75,142
2158110000,7474980000,4619490000,14252580000,48,42,105,195
3446110000,5064110000,3589380000,12099600000,32,44,100,176
2690490000,6381880000,1286590000,10358960000,47,37,92,176
2359380000,290680000,5859580000,8509640000,39,38,88,165
4551890000,9059450000,2455460000,16066800000,40,32,88,160
1344120000,166130000,8279470000,9789720000,38,40,103,181
6556580000,3381670000,2878650000,12816900000,45,36,97,178
2076230000,8281090000,5290610000,15647930000,40,43,100,183
1423090000,2228290000,1829560000,5480940000,34,39,99,172
1227920000,5306830000,6702140000,13236890000,44,36,95,175
7865020000,244150000,3030180000,11139350000,47,36,100,183
6384180000,30840000,4695680000,11110700000,41,34,77,152
10853340000,1929700000,11125300000,23908340000,28,33,82,143
2348500000,5055580000,1762660000,9166740000,39,29,86,154
6315420000,2995990000,2019180000,11330590000,35,27,95,157
2504980000,5883020000,2300090000,10688090000,45,39,101,185
508260000,1772560000,3405530000,5686350000,34,38,92,164
665270000,29870000,7868210000,8563350000,40,26,77,143
2961780000,3826530000,3673820000,10462130000,39,43,100,182
2068700000,5483770000,1418900000,8971370000,33,37,98,168
579930000,1209690000,14904280000,16693900000,50,45,108,203
1704700000,2511800000,8484870000,12701370000,40,37,96,173
190300000,1985790000,8768150000,10944240000,35,45,98,178
4616350000,3307130000,2517890000,10441370000,42,39,95,176
3546230000,2608290000,3031950000,9186470000,42,44,106,192
2291860000,47540000,2820840000,5160240000,40,25,79,144
2843520000,7037340000,2789650000,12670510000,37,35,103,175
653500000,144030000,8129520000,8927050000,35,32,89,156
2662680000,9130490000,4307880000,16101050000,48,34,91,173
1470180000,1486900000,1504730000,4461810000,38,38,81,157
8316840000,119850000,6441340000,14878030000,35,29,95,159
1365260000,5385950000,6811140000,13562350000,38,32,71,141
2111040000,8341350000,6181550000,16633940000,42,39,86,167
5838620000,2636840000,2222200000,10697660000,43,35,90,168
3408110000,6674920000,2409420000,12492450000,46,39,92,177
7190030000,698980000,3209880000,11098890000,46,28,98,172
6686240000,511170000,2884150000,10081560000,46,49,127,222
2058460000,1845830000,5172670000,9076960000,37,19,71,127
9483220000,538210000,5567620000,15589050000,27,40,103,170
3965890000,8990210000,3120730000,16076830000,48,41,95,184
4336930000,6972450000,5874410000,17183790000,45,34,89,168
690550000,11055600000,4894440000,16640590000,48,31,92,171
2846980000,2442510000,3429780000,8719270000,46,43,104,193
6037650000,11553450000,2699010000,20290110000,40,38,99,177
4993250000,381620000,8700210000,14075080000,42,38,94,174
2886360000,6241970000,1867270000,10995600000,45,45,100,190
4771970000,7830240000,1931000000,14533210000,43,44,110,197
167510000,1746610000,4184230000,6098350000,42,20,83,145
7303160000,71910000,5046820000,12421890000,37,36,95,168
1136790000,8465400000,4935300000,14537490000,30,36,84,150
1844070000,186380000,6915520000,8945970000,32,24,78,134
511790000,3744460000,7453230000,11709480000,37,37,100,174
3246570000,6750000,5708890000,8962210000,40,35,81,156
2943060000,11585670000,2948090000,17476820000,39,43,90,172
3846430000,559750000,7125490000,11531670000,38,30,77,145
2311330000,5473110000,1196720000,8981160000,36,40,91,167
587630000,4102840000,5679300000,10369770000,30,30,85,145
1873400000,6828840000,1754880000,10457120000,34,41,89,164
5457280000,993090000,4149210000,10599580000,36,42,99,177
1801580000,5223140000,3431660000,10456380000,49,26,99,174
3767170000,4989920000,1590450000,10347540000,43,31,81,155
223310000,6505040000,5428910000,12157260000,41,29,88,158
3436890000,4922830000,1721220000,10080940000,40,31,85,156
3108300000,5161930000,2077340000,10347570000,35,29,69,133
1098870000,4552470000,4429980000,10081320000,47,41,98,186
2130940000,898100000,9000450000,12029490000,29,32,87,148
8639850000,4920000,6200830000,14845600000,37,38,96,171
163200000,83130000,5056820000,5303150000,40,47,105,192
2919040000,2906710000,3250150000,9075900000,41,27,71,139
302770000,1107620000,14287180000,15697570000,38,29,80,147
4763730000,2912930000,3022730000,10699390000,22,33,74,129
1401130000,4538950000,8295220000,14235300000,23,24,75,122
6124130000,190670000,4051490000,10366290000,42,35,86,163
4125600000,2271290000,3678730000,10075620000,34,29,89,152
6548980000,831740000,3993310000,11374030000,35,36,83,154
430570000,451670000,11963070000,12845310000,42,43,92,177
6514890000,1727720000,2722330000,10964940000,23,22,72,117
4338430000,4390990000,4668750000,13398170000,46,32,87,165
4211050000,3874210000,6098030000,14183290000,38,38,97,173
1379100000,385220000,9078640000,10842960000,46,35,98,179
8309210000,1414680000,4970610000,14694500000,41,45,101,187
3111320000,5644300000,1586270000,10341890000,48,39,102,189
5770430000,1044120000,3186190000,10000740000,39,38,99,176
768360000,3780920000,17120420000,21669700000,51,39,99,189
2652770000,6079390000,1952360000,10684520000,33,38,100,171
4194930000,8540640000,2405380000,15140950000,30,40,84,154
3756840000,531490000,4014600000,8302930000,22,26,70,118
2817370000,4496720000,827530000,8141620000,32,45,97,174
1270940000,5881860000,5318520000,12471320000,37,29,89,155
4566590000,2921600000,1939650000,9427840000,30,33,93,156
1253250000,1349310000,2261130000,4863690000,37,34,86,157
6261560000,558640000,6227610000,13047810000,41,35,92,168
9300740000,1075220000,4270940000,14646900000,38,26,76,140
4257920000,4507320000,3219290000,11984530000,35,43,100,178
2127300000,1477950000,5076580000,8681830000,46,34,99,179
255370000,496420000,8495330000,9247120000,24,34,82,140
754770000,6526420000,3526670000,10807860000,42,37,98,177
3330350000,6454480000,4874500000,14659330000,26,33,81,140
4356590000,1776190000,2823710000,8956490000,45,43,111,199
3509690000,2530610000,3924080000,9964380000,29,40,94,163
2458370000,3833630000,6861730000,13153730000,39,34,85,158
1179340000,6188080000,8863750000,16231170000,42,39,97,178
3110410000,4902860000,1062970000,9076240000,42,30,82,154
2044790000,396510000,7255170000,9696470000,51,30,101,182
1083000000,745180000,12116010000,13944190000,38,43,106,187
707240000,3578560000,6367220000,10653020000,43,40,91,174
5676550000,6517310000,2929400000,15123260000,31,32,79,142
4689640000,4382490000,2504230000,11576360000,38,22,86,146
1910710000,231690000,6648190000,8790590000,37,38,100,175
4023950000,5544050000,4269590000,13837590000,41,39,94,174
3569860000,7191160000,1910910000,12671930000,24,20,63,107
6180740000,1938120000,2739020000,10857880000,38,32,76,146
4764280000,214720000,4733440000,9712440000,48,25,84,157
3686240000,1333180000,7751690000,12771110000,33,48,117,198
2692320000,6006320000,5800390000,14499030000,39,42,101,182
2072800000,2130000,6851500000,8926430000,37,23,72,132
1919830000,9441910000,3738160000,15099900000,40,41,91,172
5404640000,3497680000,2677420000,11579740000,38,34,92,164
1306110000,7900810000,5268840000,14475760000,30,21,79,130
1551600000,6754070000,1775880000,10081550000,45,43,97,185
9569860000,1660290000,2878260000,14108410000,44,35,93,172
4607650000,6165340000,3329940000,14102930000,43,38,96,177
387030000,1892470000,8307180000,10586680000,46,34,89,169
1981520000,497740000,5080330000,7559590000,19,27,72,118
3163160000,5139490000,2033440000,10336090000,36,30,86,152
1745950000,7417980000,1298810000,10462740000,37,35,92,164
3862650000,4308820000,2165890000,10337360000,40,41,98,179
1870070000,5753550000,1582290000,9205910000,41,35,99,175
7882120000,3947070000,2283640000,14112830000,38,39,92,169
1863590000,2461560000,6132580000,10457730000,29,29,89,147
3874460000,83100000,2429530000,6387090000,31,25,72,128
1986260000,7214160000,8084000000,17284420000,41,19,75,135
5127930000,2225250000,5825400000,13178580000,45,31,83,159
3497180000,227780000,1435240000,5160200000,33,32,85,150
5450150000,4652350000,3737900000,13840400000,49,36,101,186
652990000,2057270000,12672300000,15382560000,41,40,92,173
2396610000,2766760000,3537930000,8701300000,46,30,90,166
40370000,1300310000,6323120000,7663800000,44,38,104,186
7297750000,720620000,6424540000,14442910000,25,28,75,128
6578330000,2972760000,7226630000,16777720000,51,41,105,197
6489960000,99550000,3777890000,10367400000,45,35,100,180
4328840000,8225680000,1538940000,14093460000,36,42,94,172
8314690000,2910390000,3193760000,14418840000,42,35,99,176
4097060000,5683750000,2986310000,12767120000,40,23,72,135
5776510000,917120000,11903040000,18596670000,32,33,79,144
540720000,11398650000,2465770000,14405140000,33,36,92,161
314050000,2317950000,2268000000,4900000000,39,35,96,170
1328350000,121870000,7317120000,8767340000,45,28,91,164
5819630000,335410000,6560000000,12715040000,43,44,102,189
5717200000,1349470000,3259440000,10326110000,44,35,91,170
7669540000,124110000,4177290000,11970940000,40,27,77,144
3196150000,2112060000,5074180000,10382390000,45,26,93,164
3445810000,3358420000,3438990000,10243220000,44,39,95,178
905610000,6657810000,2518320000,10081740000,49,37,90,176
114510000,1525730000,3509800000,5150040000,30,38,100,168
3644880000,7867190000,3689660000,15201730000,43,44,98,185
3779930000,2846060000,3617400000,10243390000,32,35,86,153
554140000,6970300000,3267600000,10792040000,39,32,99,170
3650530000,3767290000,3039840000,10457660000,46,37,96,179
1886260000,6203470000,10008690000,18098420000,41,42,102,185
205620000,756590000,3722010000,4684220000,30,33,76,139
727520000,1905870000,11666600000,14299990000,47,31,100,178
6341730000,1808810000,2181770000,10332310000,49,21,86,156
928030000,11053320000,4124410000,16105760000,36,43,109,188
1268710000,9007090000,4929140000,15204940000,41,27,93,161
1876350000,4345390000,5122180000,11343920000,43,28,85,156
1081770000,687590000,3646430000,5415790000,50,29,88,167
1269600000,3128410000,6687670000,11085680000,31,35,75,141
3348350000,6150000,2031230000,5385730000,39,43,93,175
2697150000,3900560000,4154300000,10752010000,45,22,78,145
7372180000,495660000,2494730000,10362570000,40,41,110,191
2342480000,5469720000,1314110000,9126310000,39,36,95,170
1841990000,6522920000,1447670000,9812580000,41,34,75,150
5188670000,9670150000,2736220000,17595040000,43,36,95,174
2937820000,502720000,10392650000,13833190000,47,39,95,181
1624100000,5052250000,4494120000,11170470000,38,29,72,139
1606680000,1866800000,7771190000,11244670000,43,43,97,183
3086070000,862550000,9883960000,13832580000,47,38,105,190
8183220000,8328200000,3583890000,20095310000,41,21,77,139
3138090000,1436210000,595930000,5170230000,45,39,109,193
2021440000,605220000,7256980000,9883640000,35,35,86,156
1226200000,5043750000,4720890000,10990840000,35,36,103,174
2499490000,651130000,11148260000,14298880000,18,29,70,117
7359330000,1205750000,2538650000,11103730000,45,36,94,175
1242000000,2657170000,6762740000,10661910000,28,42,103,173
1881900000,7252520000,1578260000,10712680000,43,26,81,150
1843190000,1268950000,9574180000,12686320000,41,38,96,175
3119650000,5015940000,2642680000,10778270000,43,31,93,167
269510000,977840000,8049740000,9297090000,42,35,100,177
3488590000,4346670000,2927990000,10763250000,51,38,111,200
453120000,7340690000,2673970000,10467780000,50,33,98,181
2780480000,6395470000,1388860000,10564810000,33,36,105,174
3085690000,2419910000,4580010000,10085610000,19,33,68,120
2806970000,63240000,11914550000,14784760000,48,33,106,187
2580340000,6449310000,1753640000,10783290000,30,34,97,161
3379490000,5562440000,1399910000,10341840000,39,27,86,152
1767440000,7658310000,1361290000,10787040000,39,30,76,145
1657140000,681500000,2721440000,5060080000,47,33,88,168
3388660000,4834000000,2745820000,10968480000,36,30,94,160
1129980000,7678290000,1534090000,10342360000,40,31,76,147
3119680000,3126950000,4195880000,10442510000,39,33,94,166
1871540000,399270000,6308240000,8579050000,48,44,107,199
3475130000,3483930000,996210000,7955270000,34,43,93,170
5120550000,97980000,3987860000,9206390000,46,37,108,191
3581240000,5795320000,1346630000,10723190000,31,40,96,167
3867720000,4553920000,2034730000,10456370000,45,36,102,183
6151360000,6630680000,2335910000,15117950000,44,31,86,161
267380000,2823630000,2038860000,5129870000,34,37,93,164
3960070000,10189960000,4517640000,18667670000,39,39,95,173
3138210000,5575320000,1367570000,10081100000,33,32,80,145
673410000,38650000,8830310000,9542370000,43,34,92,169
6943510000,3161510000,2562020000,12667040000,33,35,88,156
2676530000,1673620000,9502930000,13853080000,45,39,100,184
7077150000,798290000,3228630000,11104070000,41,26,82,149
1493290000,3616210000,4062370000,9171870000,40,39,89,168
1569550000,2188380000,1158390000,4916320000,38,35,83,156
2703710000,7027830000,1210750000,10942290000,34,35,95,164
6359650000,3012230000,7524460000,16896340000,23,34,81,138
5186410000,48940000,5137210000,10372560000,40,38,97,175
1966510000,6172650000,832070000,8971230000,42,25,75,142
5521130000,1148530000,3662890000,10332550000,44,33,96,173
3623050000,4707870000,2402320000,10733240000,46,36,97,179
1769890000,4026310000,3159370000,8955570000,46,43,106,195
6700560000,5551940000,1845030000,14097530000,24,36,82,142
3085800000,2858030000,4326050000,10269880000,47,38,93,178
485740000,3933110000,8138010000,12556860000,30,28,79,137
5824920000,1734540000,3193760000,10753220000,42,40,100,182
812780000,7738910000,2131560000,10683250000,50,44,106,200
958960000,5033400000,4223250000,10215610000,40,32,83,155
129110000,3460000,5247440000,5380010000,41,32,87,160
5631910000,5290500000,2914630000,13837040000,42,43,102,187
3522960000,4729560000,8375160000,16627680000,38,33,78,149
1078660000,8048050000,1550880000,10677590000,40,36,92,168
3485190000,180940000,8783550000,12449680000,45,22,74,141
7137010000,2598950000,3186420000,12922380000,31,38,90,159
3281060000,926870000,1313090000,5521020000,20,36,80,136
2455420000,224110000,7135080000,9814610000,47,39,109,195
3472830000,4997220000,1982550000,10452600000,34,35,80,149
3716140000,6359000000,10907340000,20982480000,38,25,84,147
3181630000,7509260000,3136360000,13827250000,41,39,101,181
2864020000,3979790000,7363410000,14207220000,39,29,86,154
4198010000,856760000,987210000,6041980000,36,27,72,135
1378960000,2125100000,1811550000,5315610000,33,36,92,161
807730000,9711540000,2276720000,12795990000,40,31,94,165
2511730000,1047270000,4989910000,8548910000,45,32,89,166
900160000,5775550000,3405750000,10081460000,30,38,76,144
532270000,309650000,9371740000,10213660000,27,36,83,146
1132310000,500530000,7493510000,9126350000,45,30,87,162
6364200000,195020000,3808220000,10367440000,24,38,97,159
3624440000,4258110000,5040390000,12922940000,40,42,111,193
4844460000,2607270000,6534580000,13986310000,45,39,91,175
1761070000,7132990000,4927930000,13821990000,41,30,84,155
4200250000,2297570000,3959280000,10457100000,41,38,83,162
3205540000,1061480000,4553640000,8820660000,49,33,90,172
2970990000,7738450000,2369720000,13079160000,40,30,77,147
80490000,1042910000,4172170000,5295570000,38,36,95,169
2679290000,9993570000,4737300000,17410160000,44,35,100,179
8745060000,2875520000,3914470000,15535050000,25,29,79,133
5182720000,2752330000,1889140000,9824190000,36,32,89,157
5771370000,5147500000,2918520000,13837390000,47,31,104,182
994640000,5904390000,1803210000,8702240000,30,30,75,135
237370000,692500000,11379120000,12308990000,44,31,84,159
3165210000,4237540000,2662360000,10065110000,47,36,102,185
2038000000,58930000,11761450000,13858380000,43,35,98,176
1194120000,2343360000,5498560000,9036040000,44,28,89,161
4408940000,4495740000,1432710000,10337390000,27,29,74,130
1367250000,2437400000,1059410000,4864060000,35,37,93,165
3501910000,4161750000,6265120000,13928780000,33,34,91,158
4465660000,5811480000,3914660000,14191800000,31,42,90,163
774380000,8074470000,1828740000,10677590000,41,29,76,146
825490000,1939660000,1100040000,3865190000,43,46,122,211
7997910000,1005470000,2585440000,11588820000,42,42,102,186
231720000,1241900000,7121890000,8595510000,45,36,90,171
459370000,3773140000,3844940000,8077450000,44,40,96,180
5717140000,63230000,4592110000,10372480000,30,44,85,159
2161380000,0,8627070000,10788450000,46,31,88,165
1070160000,5529070000,2466910000,9066140000,48,39,96,183
3689040000,5804110000,4775440000,14268590000,40,41,106,187
3245170000,3399030000,3932630000,10576830000,40,20,65,125
2400600000,6274850000,5518610000,14194060000,34,20,68,122
5499100000,3276920000,5537960000,14313980000,45,25,88,158
3548370000,4585870000,1387660000,9521900000,33,26,85,144
622570000,1673370000,3260140000,5556080000,29,21,79,129
1741600000,5995150000,1499120000,9235870000,45,33,102,180
2798740000,5481270000,1801380000,10081390000,47,38,108,193
1336590000,8484370000,956020000,10776980000,28,35,92,155
1183940000,4345150000,784250000,6313340000,36,33,77,146
3371390000,5249040000,2087300000,10707730000,51,42,104,197
190080000,8784000000,4461770000,13435850000,38,46,98,182
1863390000,1562660000,4766750000,8192800000,39,37,103,179
409610000,1800690000,3080260000,5290560000,24,35,71,130
338740000,430840000,1729150000,2498730000,29,39,96,164
2762240000,4841160000,1297550000,8900950000,44,31,93,168
5066580000,6020420000,2750870000,13837870000,31,32,82,145
56480000,571860000,5130210000,5758550000,44,36,93,173
253230000,4167830000,1044840000,5465900000,46,38,109,193
4135070000,35680000,6206850000,10377600000,46,29,90,165
14362130000,29068600000,8233900000,51664630000,53,53,141,247
12893490000,18250230000,12445690000,43589410000,52,43,111,206
18508170000,23976390000,9302190000,51786750000,48,47,116,211
12486170000,166780000,41974550000,54627500000,56,43,118,217
14495800000,37181790000,8477020000,60154610000,51,46,114,211
17440680000,10875100000,12052720000,40368500000,49,46,104,199
14986420000,24430130000,7892260000,47308810000,47,44,105,196
17998770000,2805860000,22702980000,43507610000,41,42,104,187
6602570000,21023910000,21067030000,48693510000,37,44,114,195
1427560000,5270020000,54707530000,61405110000,35,39,103,177
5797840000,23579680000,28422800000,57800320000,45,41,97,183
13454970000,28505910000,7656230000,49617110000,53,53,132,238
14180330000,1217270000,22571550000,37969150000,46,53,118,217
7608770000,19744860000,14900830000,42254460000,48,48,116,212
12757610000,11619410000,14011230000,38388250000,49,36,100,185
4335980000,2687420000,34354840000,41378240000,37,42,104,183
2818120000,1008370000,36721940000,40548430000,53,43,108,204
1793120000,3021720000,33992720000,38807560000,54,39,106,199
12571360000,28879440000,35752040000,77202840000,52,44,106,202
33890790000,12159710000,35390310000,81440810000,46,52,114,212
14906270000,24013920000,14161520000,53081710000,37,41,106,184
15685660000,26411670000,9881300000,51978630000,35,40,97,172
11585240000,30908320000,14868980000,57362540000,53,47,107,207
27887740000,700240000,14406200000,42994180000,57,47,131,235
19479150000,17318050000,12590440000,49387640000,55,53,126,234
23893620000,9134500000,14139720000,47167840000,40,48,109,197
8288610000,1617210000,32595230000,42501050000,55,47,120,222
27081500000,9743630000,21944460000,58769590000,44,38,90,172
7484420000,33431460000,24324030000,65239910000,53,45,112,210
6600660000,27381840000,19515010000,53497510000,38,40,112,190
36291020000,2223040000,34320590000,72834650000,44,44,106,194
15503300000,20073860000,21416960000,56994120000,51,38,103,192
11270360000,26271630000,8673510000,46215500000,50,38,105,193
18832660000,18301470000,10858020000,47992150000,50,38,116,204
11291370000,1478830000,29153710000,41923910000,39,44,106,189
13118430000,15250430000,11733000000,40101860000,44,36,90,170
32228530000,959770000,21172540000,54360840000,47,45,108,200
32461120000,557090000,21433520000,54451730000,47,39,103,189
5118510000,25162330000,23244310000,53525150000,48,48,118,214
30524690000,7585780000,20751030000,58861500000,30,42,108,180
9376380000,18698440000,11532060000,39606880000,38,50,102,190
1561160000,12132710000,6265790000,19959660000,49,41,123,213
20435060000,12290050000,33381380000,66106490000,45,45,94,184
11548140000,445640000,40140970000,52134750000,46,47,109,202
19155760000,32463510000,11666170000,63285440000,43,47,105,195
13903580000,23112550000,17415610000,54431740000,46,36,94,176
13232190000,23917590000,11707730000,48857510000,40,43,114,197
6633990000,31772860000,15198520000,53605370000,43,44,111,198
28301720000,10774050000,16980640000,56056410000,43,43,111,197
27049500000,5362770000,16651600000,49063870000,44,48,111,203
28029820000,1187320000,23186620000,52403760000,47,50,121,218
9772790000,4492840000,18459560000,32725190000,53,44,121,218
39884290000,4038010000,20848980000,64771280000,35,40,103,178
16681030000,20060470000,18628660000,55370160000,53,44,118,215
26743420000,14208690000,15405390000,56357500000,51,40,103,194
11867950000,12074520000,14662690000,38605160000,49,43,116,208
15916580000,18335670000,7122120000,41374370000,52,45,112,209
10927560000,20080530000,8740080000,39748170000,50,43,113,206
16390600000,2348420000,33583850000,52322870000,42,46,106,194
1577090000,4426110000,41213180000,47216380000,50,43,121,214
13687840000,16040940000,24542290000,54271070000,46,41,101,188
12997430000,10273020000,12023940000,35294390000,47,39,111,197
21012090000,5027780000,16197350000,42237220000,36,39,98,173
27206890000,1438760000,17905040000,46550690000,46,44,97,187
12833500000,21808160000,9237050000,43878710000,20,37,87,144
2698430000,12334510000,25328490000,40361430000,49,46,115,210
11649610000,19240630000,28545890000,59436130000,48,43,103,194
14050990000,13979080000,11033380000,39063450000,49,37,103,189
19374840000,3277420000,16333960000,38986220000,49,50,111,210
16977450000,22328170000,17145780000,56451400000,51,45,115,211
2668330000,24477730000,27625330000,54771390000,47,43,114,204
16500660000,33123230000,8000490000,57624380000,33,46,103,182
17173290000,21115110000,8976660000,47265060000,51,45,112,208
11470120000,25159040000,14336070000,50965230000,48,39,99,186
10868090000,24722040000,6432090000,42022220000,44,35,85,164
6895110000,21688680000,22167530000,50751320000,38,43,114,195
14792850000,672430000,38530810000,53996090000,55,47,117,219
12816720000,28225220000,7610360000,48652300000,39,33,100,172
18110020000,27910000000,9780540000,55800560000,46,44,105,195
11264770000,23252920000,19064580000,53582270000,43,42,94,179
3491550000,5593840000,35633810000,44719200000,36,42,113,191
23447340000,33859560000,13187160000,70494060000,50,43,106,199
6116740000,34129130000,18624810000,58870680000,37,49,119,205
1522460000,22267710000,21697640000,45487810000,42,42,104,188
2829370000,18772050000,23264930000,44866350000,58,51,132,241
11328240000,22057810000,9236760000,42622810000,38,43,105,186
5862320000,19020850000,15232380000,40115550000,47,47,123,217
23975560000,15281010000,13601460000,52858030000,48,40,103,191
5420050000,38439780000,9946910000,53806740000,54,42,110,206
12851800000,7160790000,17471650000,37484240000,47,46,115,208
9995680000,10897040000,12200290000,33093010000,30,41,97,168
13951560000,11935830000,16800490000,42687880000,43,41,107,191
2401850000,20757480000,25154880000,48314210000,23,40,88,151
8373790000,30299370000,26367550000,65040710000,38,45,103,186
16321420000,26370110000,15159770000,57851300000,41,35,103,179
2629180000,17832220000,24624960000,45086360000,48,46,118,212
5031790000,13585590000,38929230000,57546610000,47,40,93,180
17305780000,35292590000,12731120000,65329490000,45,45,107,197
11971950000,642510000,41336880000,53951340000,42,37,100,179
18422300000,20416870000,7946620000,46785790000,51,47,118,216
10320420000,16439360000,10571990000,37331770000,52,37,97,186
6172320000,20648640000,15835500000,42656460000,45,37,96,178
31045730000,119920000,20208210000,51373860000,42,46,105,193
9914140000,15214080000,29717420000,54845640000,53,47,121,221
7130600000,1867440000,29916420000,38914460000,42,39,110,191
12392970000,8246160000,19475510000,40114640000,36,44,97,177
14455810000,7856110000,20339850000,42651770000,47,46,110,203
21957690000,27617400000,20423570000,69998660000,31,40,102,173
10809220000,12535130000,18038290000,41382640000,52,40,108,200
1331070000,3324640000,29302270000,33957980000,43,44,102,189
21410720000,17200010000,13757040000,52367770000,36,49,104,189
22578470000,9952940000,31587330000,64118740000,40,37,103,180
30196190000,58114640000,107043590000,195354420000,59,50,127,236
79753870000,24717870000,67042800000,171514540000,60,57,137,254
68253530000,125882870000,113428280000,307564680000,51,50,126,227
12299880000,18916080000,196502260000,227718220000,58,53,125,236
67906240000,12693670000,135588640000,216188550000,50,59,138,247
46948630000,92147190000,50240280000,189336100000,54,49,125,228
52137480000,56208250000,51066030000,159411760000,61,52,140,253
98370820000,21097140000,68236300000,187704260000,28,43,98,169
78271100000,63512890000,47260280000,189044270000,41,51,110,202
20283920000,39757650000,85694610000,145736180000,51,64,134,249
90187010000,1469210000,162352720000,254008940000,53,53,130,236
36627820000,75009890000,29240570000,140878280000,56,56,135,247
67996610000,193855810000,156457290000,418309710000,51,47,118,216
100075440000,11967110000,83196410000,195238960000,56,59,139,254
27685040000,95923370000,89269610000,212878020000,52,51,123,226
41360310000,88636000000,76196590000,206192900000,61,60,154,275
52855370000,78682980000,38426430000,169964780000,54,48,123,225
59491900000,90720280000,30883150000,181095330000,40,46,133,219
38781190000,49650620000,35471880000,123903690000,55,54,134,243
70582050000,60042790000,68737290000,199362130000,46,50,122,218
45380860000,68892910000,60903840000,175177610000,46,53,126,225
108304510000,5830870000,146331130000,260466510000,42,53,121,216
37582700000,99744130000,68793230000,206120060000,58,48,118,224
56008950000,91288970000,30762720000,178060640000,35,46,114,195
10359710000,66614730000,162786950000,239761390000,52,52,120,224
46364220000,57079910000,105796620000,209240750000,55,54,127,236
72366540000,67682930000,101595690000,241645160000,53,54,128,235
62668670000,115944790000,43244680000,221858140000,55,47,126,228
224359170000,86572970000,339396730000,650328870000,67,69,161,297
361810540000,43721750000,442202460000,847734750000,59,62,149,270
313679780000,375699680000,338915730000,1028295190000,65,66,166,297
42126650000,189050020000,494359850000,725536520000,64,62,146,272
153536900000,352526530000,311933750000,817997180000,59,59,146,264
225839980000,359510390000,206081470000,791431840000,53,67,159,279
269984690000,438648030000,442250150000,1150882870000,63,59,147,269
1547170170000,1789055420000,2665756380000,6001981970000,89,92,236,417
