"cellID","Forest_t0","Agriculture_t0","Urban_t0","Grassland_t0","Other_t0","Area_Total_t0","forest_sp_t0","agriculture_sp_t0","generalist_sp_t0","Sp_Total_t0","Forest_t1","Agriculture_t1","Urban_t1","Grassland_t1","Other_t1","Area_Total_t1","forest_sp_t1","agriculture_sp_t1","generalist_sp_t1","Sp_Total_t1","deltaT","deltaS_F","deltaS_A","deltaS_O"
"size_1_001",124760000,247110000,482870000,31740000,1603660000,2490140000,29,22,60,111,124760000,247110000,482870000,31740000,1603660000,2490140000,24,13,61,98,0.5,-5,-9,1
"size_1_002",145150000,388660000,58290000,3180000,1602760000,2198040000,24,23,58,105,145150000,388660000,58290000,3180000,1602760000,2198040000,17,14,51,82,0.5,-7,-9,-7
"size_1_003",181440000,1195730000,162710000,39290000,920830000,2.5e+09,31,28,61,120,181440000,1195730000,162710000,39290000,920830000,2.5e+09,19,13,57,89,0.5,-12,-15,-4
"size_1_004",477670000,685220000,10270000,72720000,1254120000,2.5e+09,29,23,52,104,477670000,685220000,10270000,72720000,1254120000,2.5e+09,20,14,57,91,0.5,-9,-9,5
"size_1_005",346850000,449720000,70750000,50290000,1582390000,2.5e+09,33,29,61,123,346850000,449720000,70750000,50290000,1582390000,2.5e+09,24,15,65,104,0.5,-9,-14,4
"size_1_006",167350000,1758200000,10530000,122360000,441560000,2.5e+09,30,21,57,108,167350000,1758200000,10530000,122360000,441560000,2.5e+09,21,17,62,100,0.5,-9,-4,5
"size_1_007",696300000,498280000,40750000,46400000,1218270000,2.5e+09,27,22,62,111,696300000,498280000,40750000,46400000,1218270000,2.5e+09,20,13,46,79,0.5,-7,-9,-16
"size_1_008",200940000,1827710000,27910000,304620000,138820000,2.5e+09,30,25,62,117,200940000,1827710000,27910000,304620000,138820000,2.5e+09,20,17,62,99,0.5,-10,-8,0
"size_1_009",309660000,1837590000,28830000,141160000,182760000,2.5e+09,30,21,64,115,309660000,1837590000,28830000,141160000,182760000,2.5e+09,24,19,67,110,0.5,-6,-2,3
"size_1_010",507050000,1229450000,158270000,25780000,579450000,2.5e+09,26,26,60,112,507050000,1229450000,158270000,25780000,579450000,2.5e+09,22,17,63,102,0.5,-4,-9,3
"size_1_011",610450000,1457110000,87300000,48260000,296880000,2.5e+09,30,24,66,120,610450000,1457110000,87300000,48260000,296880000,2.5e+09,25,16,65,106,0.5,-5,-8,-1
"size_1_012",690250000,557200000,47570000,8320000,1196660000,2.5e+09,26,17,56,99,690250000,557200000,47570000,8320000,1196660000,2.5e+09,18,12,49,79,0.5,-8,-5,-7
"size_1_013",1195260000,1019350000,10850000,29500000,245040000,2.5e+09,30,25,63,118,1195260000,1019350000,10850000,29500000,245040000,2.5e+09,19,18,52,89,0.5,-11,-7,-11
"size_1_014",867320000,811630000,143720000,24960000,652370000,2.5e+09,27,24,58,109,867320000,811630000,143720000,24960000,652370000,2.5e+09,18,14,52,84,0.5,-9,-10,-6
"size_1_015",727390000,344930000,25010000,5970000,1396700000,2.5e+09,29,22,50,101,727390000,344930000,25010000,5970000,1396700000,2.5e+09,15,12,40,67,0.5,-14,-10,-10
"size_1_016",122960000,800110000,38120000,52260000,1486550000,2.5e+09,29,25,73,127,122960000,800110000,38120000,52260000,1486550000,2.5e+09,22,20,63,105,0.5,-7,-5,-10
"size_1_017",428910000,710430000,11440000,174900000,1174320000,2.5e+09,30,29,64,123,428910000,710430000,11440000,174900000,1174320000,2.5e+09,16,13,53,82,0.5,-14,-16,-11
"size_1_018",268670000,836450000,80530000,47660000,1266690000,2.5e+09,29,27,72,128,268670000,836450000,80530000,47660000,1266690000,2.5e+09,29,19,70,118,0.5,0,-8,-2
"size_1_019",247410000,1806490000,18310000,165970000,261820000,2.5e+09,31,21,61,113,247410000,1806490000,18310000,165970000,261820000,2.5e+09,23,17,62,102,0.5,-8,-4,1
"size_1_020",380690000,1471040000,13210000,100790000,534270000,2.5e+09,35,27,66,128,380690000,1471040000,13210000,100790000,534270000,2.5e+09,22,14,65,101,0.5,-13,-13,-1
"size_1_021",168510000,1698900000,17780000,476480000,138330000,2.5e+09,29,22,58,109,168510000,1698900000,17780000,476480000,138330000,2.5e+09,19,16,55,90,0.5,-10,-6,-3
"size_1_022",123410000,1844420000,55760000,274740000,201670000,2.5e+09,35,31,74,140,123410000,1844420000,55760000,274740000,201670000,2.5e+09,31,20,73,124,0.5,-4,-11,-1
"size_1_023",367440000,968540000,27860000,57290000,1078870000,2.5e+09,31,22,63,116,367440000,968540000,27860000,57290000,1078870000,2.5e+09,20,15,56,91,0.5,-11,-7,-7
"size_1_024",267670000,1074310000,8220000,328670000,821130000,2.5e+09,35,33,76,144,267670000,1074310000,8220000,328670000,821130000,2.5e+09,23,16,67,106,0.5,-12,-17,-9
"size_1_025",39860000,768310000,119400000,15700000,1556730000,2.5e+09,39,28,87,154,39860000,768310000,119400000,15700000,1556730000,2.5e+09,33,25,88,146,0.5,-6,-3,1
"size_1_026",15690000,31970000,80750000,5970000,1604950000,1739330000,34,28,66,128,15690000,31970000,80750000,5970000,1604950000,1739330000,27,14,61,102,0.5,-7,-14,-5
"size_1_027",572660000,767310000,23970000,88810000,1047250000,2.5e+09,33,31,66,130,572660000,767310000,23970000,88810000,1047250000,2.5e+09,21,16,67,104,0.5,-12,-15,1
"size_1_028",902670000,960240000,17260000,17980000,601850000,2.5e+09,25,20,37,82,902670000,960240000,17260000,17980000,601850000,2.5e+09,12,11,39,62,0.5,-13,-9,2
"size_1_029",306960000,1560060000,13940000,284610000,334430000,2.5e+09,31,26,57,114,306960000,1560060000,13940000,284610000,334430000,2.5e+09,22,15,60,97,0.5,-9,-11,3
"size_1_030",83550000,927110000,34210000,969640000,485490000,2.5e+09,34,28,72,134,83550000,927110000,34210000,969640000,485490000,2.5e+09,26,20,66,112,0.5,-8,-8,-6
"size_1_031",106360000,1936770000,33960000,207110000,215800000,2.5e+09,35,29,71,135,106360000,1936770000,33960000,207110000,215800000,2.5e+09,31,20,76,127,0.5,-4,-9,5
"size_1_032",105550000,1452780000,24520000,464250000,452900000,2.5e+09,31,32,74,137,105550000,1452780000,24520000,464250000,452900000,2.5e+09,28,19,74,121,0.5,-3,-13,0
"size_1_033",221930000,150110000,7170000,6100000,1884600000,2269910000,21,17,31,69,221930000,150110000,7170000,6100000,1884600000,2269910000,12,6,33,51,0.5,-9,-11,2
"size_1_034",378310000,291380000,266270000,9250000,1439510000,2384720000,23,18,49,90,378310000,291380000,266270000,9250000,1439510000,2384720000,21,13,51,85,0.5,-2,-5,2
"size_1_035",393800000,1022140000,190390000,11680000,881990000,2.5e+09,26,18,39,83,393800000,1022140000,190390000,11680000,881990000,2.5e+09,18,10,44,72,0.5,-8,-8,5
"size_1_036",717870000,615100000,41010000,10140000,1115880000,2.5e+09,23,22,47,92,717870000,615100000,41010000,10140000,1115880000,2.5e+09,15,10,38,63,0.5,-8,-12,-9
"size_1_037",790910000,449450000,187420000,14520000,1057700000,2.5e+09,28,21,56,105,790910000,449450000,187420000,14520000,1057700000,2.5e+09,19,16,54,89,0.5,-9,-5,-2
"size_1_038",395660000,676390000,137760000,9750000,1280440000,2.5e+09,28,23,57,108,395660000,676390000,137760000,9750000,1280440000,2.5e+09,15,12,46,73,0.5,-13,-11,-11
"size_1_039",939720000,490910000,44930000,28870000,995570000,2.5e+09,30,27,56,113,939720000,490910000,44930000,28870000,995570000,2.5e+09,15,15,55,85,0.5,-15,-12,-1
"size_1_040",368620000,461670000,23690000,84030000,1561990000,2.5e+09,31,28,66,125,368620000,461670000,23690000,84030000,1561990000,2.5e+09,17,12,49,78,0.5,-14,-16,-17
"size_1_041",880200000,904580000,32810000,15950000,666460000,2.5e+09,27,23,48,98,880200000,904580000,32810000,15950000,666460000,2.5e+09,16,14,48,78,0.5,-11,-9,0
"size_1_042",1020590000,641400000,104260000,20620000,713130000,2.5e+09,29,24,50,103,1020590000,641400000,104260000,20620000,713130000,2.5e+09,21,14,58,93,0.5,-8,-10,8
"size_1_043",959760000,1026110000,34220000,25420000,454490000,2.5e+09,27,19,42,88,959760000,1026110000,34220000,25420000,454490000,2.5e+09,15,15,43,73,0.5,-12,-4,1
"size_1_044",330930000,781840000,37160000,28190000,1321880000,2.5e+09,26,24,53,103,330930000,781840000,37160000,28190000,1321880000,2.5e+09,19,12,53,84,0.5,-7,-12,0
"size_1_045",426730000,772570000,23930000,208170000,1068600000,2.5e+09,35,32,75,142,426730000,772570000,23930000,208170000,1068600000,2.5e+09,20,15,53,88,0.5,-15,-17,-22
"size_1_046",231880000,1226180000,21870000,34830000,985240000,2.5e+09,27,23,48,98,231880000,1226180000,21870000,34830000,985240000,2.5e+09,17,14,52,83,0.5,-10,-9,4
"size_1_047",300270000,1008810000,24740000,16590000,1149590000,2.5e+09,30,22,51,103,300270000,1008810000,24740000,16590000,1149590000,2.5e+09,17,14,49,80,0.5,-13,-8,-2
"size_1_048",136740000,1328340000,16320000,81200000,937400000,2.5e+09,32,26,70,128,136740000,1328340000,16320000,81200000,937400000,2.5e+09,22,15,62,99,0.5,-10,-11,-8
"size_1_049",97310000,1087810000,11430000,191340000,1112110000,2.5e+09,36,30,79,145,97310000,1087810000,11430000,191340000,1112110000,2.5e+09,20,16,65,101,0.5,-16,-14,-14
"size_1_050",658310000,631120000,18430000,38520000,1153620000,2.5e+09,32,28,62,122,658310000,631120000,18430000,38520000,1153620000,2.5e+09,23,14,62,99,0.5,-9,-14,0
"size_1_051",289820000,1128300000,32400000,58280000,991200000,2.5e+09,35,31,65,131,289820000,1128300000,32400000,58280000,991200000,2.5e+09,21,13,53,87,0.5,-14,-18,-12
"size_1_052",278760000,1309910000,14390000,53810000,843130000,2.5e+09,31,30,69,130,278760000,1309910000,14390000,53810000,843130000,2.5e+09,18,12,56,86,0.5,-13,-18,-13
"size_1_053",936380000,973730000,14660000,6470000,568760000,2.5e+09,30,26,47,103,936380000,973730000,14660000,6470000,568760000,2.5e+09,15,12,44,71,0.5,-15,-14,-3
"size_1_054",932320000,351770000,40870000,172930000,1002110000,2.5e+09,31,29,62,122,932320000,351770000,40870000,172930000,1002110000,2.5e+09,17,13,53,83,0.5,-14,-16,-9
"size_1_055",962640000,422910000,17520000,50010000,1046920000,2.5e+09,25,21,42,88,962640000,422910000,17520000,50010000,1046920000,2.5e+09,12,7,41,60,0.5,-13,-14,-1
"size_1_056",593010000,669810000,8110000,273350000,955720000,2.5e+09,32,34,77,143,593010000,669810000,8110000,273350000,955720000,2.5e+09,24,18,71,113,0.5,-8,-16,-6
"size_1_057",86650000,1243240000,9950000,464260000,695900000,2.5e+09,31,31,68,130,86650000,1243240000,9950000,464260000,695900000,2.5e+09,24,19,68,111,0.5,-7,-12,0
"size_1_058",138430000,1375380000,11360000,691490000,283340000,2.5e+09,36,36,84,156,138430000,1375380000,11360000,691490000,283340000,2.5e+09,21,18,62,101,0.5,-15,-18,-22
"size_1_059",324290000,883140000,7590000,252620000,1032360000,2.5e+09,31,32,64,127,324290000,883140000,7590000,252620000,1032360000,2.5e+09,22,15,66,103,0.5,-9,-17,2
"size_1_060",663010000,186100000,4540000,337870000,1308480000,2.5e+09,23,28,55,106,663010000,186100000,4540000,337870000,1308480000,2.5e+09,14,13,54,81,0.5,-9,-15,-1
"size_1_061",887670000,241270000,21550000,295890000,1053620000,2.5e+09,28,28,61,117,887670000,241270000,21550000,295890000,1053620000,2.5e+09,19,15,54,88,0.5,-9,-13,-7
"size_1_062",9570000,28480000,3e+06,78790000,1720200000,1840040000,34,19,50,103,9570000,28480000,3e+06,78790000,1720200000,1840040000,10,18,34,62,0.5,-24,-1,-16
"size_1_063",88650000,24020000,2800000,257130000,1964550000,2337150000,35,16,49,100,88650000,24020000,2800000,257130000,1964550000,2337150000,8,13,32,53,0.5,-27,-3,-17
"size_1_064",40170000,64350000,8810000,545610000,1841060000,2.5e+09,39,19,53,111,40170000,64350000,8810000,545610000,1841060000,2.5e+09,10,14,37,61,0.5,-29,-5,-16
"size_1_065",32590000,143050000,3040000,109030000,2212290000,2.5e+09,26,17,38,81,32590000,143050000,3040000,109030000,2212290000,2.5e+09,9,16,40,65,0.5,-17,-1,2
"size_1_066",168700000,319410000,11830000,836180000,1163880000,2.5e+09,25,14,33,72,168700000,319410000,11830000,836180000,1163880000,2.5e+09,7,17,41,65,0.5,-18,3,8
"size_1_067",85680000,250090000,16430000,477660000,1670140000,2.5e+09,34,18,50,102,85680000,250090000,16430000,477660000,1670140000,2.5e+09,10,12,38,60,0.5,-24,-6,-12
"size_1_068",27190000,115700000,2390000,23680000,2324250000,2493210000,33,16,44,93,27190000,115700000,2390000,23680000,2324250000,2493210000,11,19,41,71,0.5,-22,3,-3
"size_1_069",125210000,176200000,11700000,698600000,1488290000,2.5e+09,34,17,47,98,125210000,176200000,11700000,698600000,1488290000,2.5e+09,6,21,44,71,0.5,-28,4,-3
"size_1_070",59540000,148750000,7580000,97180000,2122760000,2435810000,35,19,58,112,59540000,148750000,7580000,97180000,2122760000,2435810000,11,13,34,58,0.5,-24,-6,-24
"size_1_071",83130000,213150000,20830000,458070000,1724820000,2.5e+09,35,18,47,100,83130000,213150000,20830000,458070000,1724820000,2.5e+09,9,15,44,68,0.5,-26,-3,-3
"size_1_072",249280000,174700000,42650000,946390000,1086980000,2.5e+09,32,19,47,98,249280000,174700000,42650000,946390000,1086980000,2.5e+09,6,12,39,57,0.5,-26,-7,-8
"size_1_073",186730000,371930000,30640000,1065320000,845380000,2.5e+09,33,20,50,103,186730000,371930000,30640000,1065320000,845380000,2.5e+09,6,18,47,71,0.5,-27,-2,-3
"size_1_074",11450000,79630000,11290000,77760000,2157940000,2338070000,36,20,58,114,11450000,79630000,11290000,77760000,2157940000,2338070000,11,21,48,80,0.5,-25,1,-10
"size_1_075",185020000,222810000,29250000,1902980000,159940000,2.5e+09,32,17,44,93,185020000,222810000,29250000,1902980000,159940000,2.5e+09,5,12,34,51,0.5,-27,-5,-10
"size_1_076",33070000,204340000,93150000,1099260000,1070180000,2.5e+09,23,15,39,77,33070000,204340000,93150000,1099260000,1070180000,2.5e+09,7,10,42,59,0.5,-16,-5,3
"size_1_077",96250000,261300000,24860000,832230000,1264960000,2479600000,31,17,43,91,96250000,261300000,24860000,832230000,1264960000,2479600000,9,13,42,64,0.5,-22,-4,-1
"size_1_078",111540000,91740000,74050000,2004100000,218570000,2.5e+09,32,18,36,86,111540000,91740000,74050000,2004100000,218570000,2.5e+09,5,14,42,61,0.5,-27,-4,6
"size_1_079",194690000,186900000,20960000,1751400000,346050000,2.5e+09,31,16,35,82,194690000,186900000,20960000,1751400000,346050000,2.5e+09,6,16,39,61,0.5,-25,0,4
"size_1_080",225980000,165120000,22430000,1852520000,233950000,2.5e+09,30,17,39,86,225980000,165120000,22430000,1852520000,233950000,2.5e+09,4,10,39,53,0.5,-26,-7,0
"size_1_081",66160000,70720000,33350000,1826770000,5.03e+08,2.5e+09,31,19,46,96,66160000,70720000,33350000,1826770000,5.03e+08,2.5e+09,6,16,43,65,0.5,-25,-3,-3
"size_1_082",93020000,103460000,38200000,2055300000,210020000,2.5e+09,29,16,39,84,93020000,103460000,38200000,2055300000,210020000,2.5e+09,5,10,39,54,0.5,-24,-6,0
"size_1_083",39980000,175990000,129700000,1931310000,223020000,2.5e+09,36,19,45,100,39980000,175990000,129700000,1931310000,223020000,2.5e+09,6,16,43,65,0.5,-30,-3,-2
"size_1_084",66270000,129390000,70730000,481710000,1701630000,2449730000,34,20,54,108,66270000,129390000,70730000,481710000,1701630000,2449730000,11,19,47,77,0.5,-23,-1,-7
"size_1_085",57760000,83090000,35880000,618560000,1704710000,2.5e+09,34,20,52,106,57760000,83090000,35880000,618560000,1704710000,2.5e+09,9,14,38,61,0.5,-25,-6,-14
"size_1_086",427510000,1482570000,22830000,64480000,502610000,2.5e+09,32,31,75,138,427510000,1482570000,22830000,64480000,502610000,2.5e+09,29,16,79,124,0.5,-3,-15,4
"size_1_087",331760000,278140000,73720000,1108090000,708290000,2.5e+09,32,20,56,108,331760000,278140000,73720000,1108090000,708290000,2.5e+09,11,19,49,79,0.5,-21,-1,-7
"size_1_088",94130000,438020000,47510000,1095650000,824690000,2.5e+09,32,18,50,100,94130000,438020000,47510000,1095650000,824690000,2.5e+09,8,12,39,59,0.5,-24,-6,-11
"size_1_089",117750000,243400000,40320000,1722590000,375940000,2.5e+09,30,17,45,92,117750000,243400000,40320000,1722590000,375940000,2.5e+09,6,14,37,57,0.5,-24,-3,-8
"size_1_090",32940000,533740000,444530000,943570000,545220000,2.5e+09,32,18,55,105,32940000,533740000,444530000,943570000,545220000,2.5e+09,14,14,46,74,0.5,-18,-4,-9
"size_1_091",147650000,0,2210000,279380000,2070760000,2.5e+09,32,24,54,110,147650000,0,2210000,279380000,2070760000,2.5e+09,12,20,43,75,0.5,-20,-4,-11
"size_1_092",577890000,1255140000,34650000,355410000,276910000,2.5e+09,36,38,77,151,577890000,1255140000,34650000,355410000,276910000,2.5e+09,30,21,73,124,0.5,-6,-17,-4
"size_1_093",159010000,1779690000,9710000,2.83e+08,268590000,2.5e+09,29,24,59,112,159010000,1779690000,9710000,2.83e+08,268590000,2.5e+09,19,13,62,94,0.5,-10,-11,3
"size_1_094",308990000,990360000,13390000,500240000,687020000,2.5e+09,33,29,70,132,308990000,990360000,13390000,500240000,687020000,2.5e+09,28,21,74,123,0.5,-5,-8,4
"size_1_095",49430000,1677780000,40800000,525660000,206330000,2.5e+09,33,31,77,141,49430000,1677780000,40800000,525660000,206330000,2.5e+09,30,20,73,123,0.5,-3,-11,-4
"size_1_096",347420000,1258790000,26480000,263550000,603760000,2.5e+09,35,35,79,149,347420000,1258790000,26480000,263550000,603760000,2.5e+09,34,22,84,140,0.5,-1,-13,5
"size_1_097",386470000,1199360000,29100000,83130000,801940000,2.5e+09,28,32,65,125,386470000,1199360000,29100000,83130000,801940000,2.5e+09,25,16,70,111,0.5,-3,-16,5
"size_1_098",132320000,42870000,117060000,39200000,1742840000,2074290000,26,21,49,96,132320000,42870000,117060000,39200000,1742840000,2074290000,21,9,52,82,0.5,-5,-12,3
"size_1_099",117970000,1122780000,149450000,65290000,1044510000,2.5e+09,32,31,74,137,117970000,1122780000,149450000,65290000,1044510000,2.5e+09,31,22,81,134,0.5,-1,-9,7
"size_1_100",14980000,2381280000,28180000,38270000,37290000,2.5e+09,35,27,59,121,14980000,2381280000,28180000,38270000,37290000,2.5e+09,16,14,54,84,0.5,-19,-13,-5
"size_1_101",79960000,1949090000,4.5e+07,85190000,340760000,2.5e+09,32,29,70,131,79960000,1949090000,4.5e+07,85190000,340760000,2.5e+09,25,19,68,112,0.5,-7,-10,-2
"size_1_102",597340000,1217810000,20650000,54580000,609620000,2.5e+09,25,24,52,101,597340000,1217810000,20650000,54580000,609620000,2.5e+09,17,11,59,87,0.5,-8,-13,7
"size_1_103",495730000,836660000,7380000,314860000,845370000,2.5e+09,30,26,64,120,495730000,836660000,7380000,314860000,845370000,2.5e+09,23,18,68,109,0.5,-7,-8,4
"size_1_104",391010000,1080370000,10690000,416740000,601190000,2.5e+09,32,28,73,133,391010000,1080370000,10690000,416740000,601190000,2.5e+09,23,15,61,99,0.5,-9,-13,-12
"size_1_105",270240000,1802550000,59350000,180440000,187420000,2.5e+09,34,33,67,134,270240000,1802550000,59350000,180440000,187420000,2.5e+09,28,23,73,124,0.5,-6,-10,6
"size_1_106",218760000,663520000,44120000,43240000,1530360000,2.5e+09,34,27,68,129,218760000,663520000,44120000,43240000,1530360000,2.5e+09,25,17,68,110,0.5,-9,-10,0
"size_1_107",162640000,583640000,19030000,100140000,1634550000,2.5e+09,31,29,61,121,162640000,583640000,19030000,100140000,1634550000,2.5e+09,25,16,62,103,0.5,-6,-13,1
"size_1_108",206750000,1913800000,44800000,100800000,233850000,2.5e+09,30,24,48,102,206750000,1913800000,44800000,100800000,233850000,2.5e+09,19,15,54,88,0.5,-11,-9,6
"size_1_109",144930000,1989240000,126550000,64400000,174880000,2.5e+09,30,24,68,122,144930000,1989240000,126550000,64400000,174880000,2.5e+09,25,17,68,110,0.5,-5,-7,0
"size_1_110",204330000,1515170000,10260000,303550000,466690000,2.5e+09,33,28,64,125,204330000,1515170000,10260000,303550000,466690000,2.5e+09,21,17,62,100,0.5,-12,-11,-2
"size_1_111",446810000,900080000,24050000,249420000,879640000,2.5e+09,32,30,57,119,446810000,900080000,24050000,249420000,879640000,2.5e+09,21,12,57,90,0.5,-11,-18,0
"size_1_112",2.46e+08,1700290000,19960000,147990000,385760000,2.5e+09,32,28,61,121,2.46e+08,1700290000,19960000,147990000,385760000,2.5e+09,18,18,59,95,0.5,-14,-10,-2
"size_1_113",74790000,1985290000,56490000,93270000,290160000,2.5e+09,30,27,63,120,74790000,1985290000,56490000,93270000,290160000,2.5e+09,27,19,69,115,0.5,-3,-8,6
"size_1_114",95100000,428510000,59720000,139280000,1777390000,2.5e+09,36,27,69,132,95100000,428510000,59720000,139280000,1777390000,2.5e+09,22,19,63,104,0.5,-14,-8,-6
"size_1_115",479700000,1153680000,13330000,347260000,506030000,2.5e+09,32,28,61,121,479700000,1153680000,13330000,347260000,506030000,2.5e+09,24,12,58,94,0.5,-8,-16,-3
"size_1_116",6.43e+08,684390000,5900000,225160000,941550000,2.5e+09,28,24,50,102,6.43e+08,684390000,5900000,225160000,941550000,2.5e+09,17,8,54,79,0.5,-11,-16,4
"size_1_117",366020000,1394490000,5110000,253870000,480510000,2.5e+09,24,23,52,99,366020000,1394490000,5110000,253870000,480510000,2.5e+09,16,9,47,72,0.5,-8,-14,-5
"size_1_118",587690000,1228040000,10820000,315010000,358440000,2.5e+09,33,27,53,113,587690000,1228040000,10820000,315010000,358440000,2.5e+09,21,13,61,95,0.5,-12,-14,8
"size_1_119",798820000,199300000,33920000,320520000,1147440000,2.5e+09,27,32,57,116,798820000,199300000,33920000,320520000,1147440000,2.5e+09,15,12,50,77,0.5,-12,-20,-7
"size_1_120",125380000,1131410000,156770000,189490000,896950000,2.5e+09,35,26,67,128,125380000,1131410000,156770000,189490000,896950000,2.5e+09,27,18,73,118,0.5,-8,-8,6
"size_1_121",424860000,1273470000,33810000,507930000,259930000,2.5e+09,25,23,54,102,424860000,1273470000,33810000,507930000,259930000,2.5e+09,24,13,60,97,0.5,-1,-10,6
"size_1_122",169180000,1389290000,219390000,516570000,205570000,2.5e+09,36,32,79,147,169180000,1389290000,219390000,516570000,205570000,2.5e+09,30,22,76,128,0.5,-6,-10,-3
"size_1_123",732110000,1314550000,11180000,134040000,308120000,2.5e+09,30,22,57,109,732110000,1314550000,11180000,134040000,308120000,2.5e+09,18,10,52,80,0.5,-12,-12,-5
"size_1_124",475490000,881890000,32260000,269110000,841250000,2.5e+09,29,23,63,115,475490000,881890000,32260000,269110000,841250000,2.5e+09,20,12,57,89,0.5,-9,-11,-6
"size_1_125",637290000,661610000,16600000,320530000,863970000,2.5e+09,29,23,56,108,637290000,661610000,16600000,320530000,863970000,2.5e+09,22,14,64,100,0.5,-7,-9,8
"size_1_126",1009100000,289830000,3670000,618530000,578870000,2.5e+09,31,23,52,106,1009100000,289830000,3670000,618530000,578870000,2.5e+09,18,15,58,91,0.5,-13,-8,6
"size_1_127",1031050000,465970000,4690000,273160000,725130000,2.5e+09,31,27,67,125,1031050000,465970000,4690000,273160000,725130000,2.5e+09,19,16,59,94,0.5,-12,-11,-8
"size_1_128",404490000,583170000,170520000,503700000,838120000,2.5e+09,30,26,60,116,404490000,583170000,170520000,503700000,838120000,2.5e+09,24,14,70,108,0.5,-6,-12,10
"size_1_129",64350000,830940000,324200000,114450000,1166060000,2.5e+09,32,30,81,143,64350000,830940000,324200000,114450000,1166060000,2.5e+09,29,24,81,134,0.5,-3,-6,0
"size_1_130",80850000,1113790000,143980000,181250000,980130000,2.5e+09,34,27,72,133,80850000,1113790000,143980000,181250000,980130000,2.5e+09,26,16,69,111,0.5,-8,-11,-3
"size_1_131",536490000,688490000,104810000,309140000,861070000,2.5e+09,35,30,77,142,536490000,688490000,104810000,309140000,861070000,2.5e+09,25,18,68,111,0.5,-10,-12,-9
"size_1_132",463330000,428390000,18300000,717750000,872230000,2.5e+09,32,36,78,146,463330000,428390000,18300000,717750000,872230000,2.5e+09,23,17,66,106,0.5,-9,-19,-12
"size_1_133",103080000,1743410000,74820000,485700000,92990000,2.5e+09,39,36,80,155,103080000,1743410000,74820000,485700000,92990000,2.5e+09,26,21,68,115,0.5,-13,-15,-12
"size_1_134",579300000,880160000,94440000,378750000,567350000,2.5e+09,37,35,73,145,579300000,880160000,94440000,378750000,567350000,2.5e+09,24,18,71,113,0.5,-13,-17,-2
"size_1_135",449190000,340460000,15920000,318750000,1375680000,2.5e+09,35,34,76,145,449190000,340460000,15920000,318750000,1375680000,2.5e+09,25,17,65,107,0.5,-10,-17,-11
"size_1_136",915490000,273480000,61770000,531530000,717730000,2.5e+09,37,34,75,146,915490000,273480000,61770000,531530000,717730000,2.5e+09,23,15,64,102,0.5,-14,-19,-11
"size_1_137",159370000,2185960000,28820000,61870000,63980000,2.5e+09,34,30,69,133,159370000,2185960000,28820000,61870000,63980000,2.5e+09,26,18,65,109,0.5,-8,-12,-4
"size_1_138",142120000,1847340000,25440000,247590000,237510000,2.5e+09,36,28,73,137,142120000,1847340000,25440000,247590000,237510000,2.5e+09,24,19,68,111,0.5,-12,-9,-5
"size_1_139",977820000,1298490000,47690000,69670000,106330000,2.5e+09,35,26,62,123,977820000,1298490000,47690000,69670000,106330000,2.5e+09,25,19,67,111,0.5,-10,-7,5
"size_1_140",434690000,1393530000,62050000,415730000,1.94e+08,2.5e+09,38,29,76,143,434690000,1393530000,62050000,415730000,1.94e+08,2.5e+09,27,18,71,116,0.5,-11,-11,-5
"size_1_141",55150000,2375850000,17830000,26020000,25150000,2.5e+09,34,28,57,119,55150000,2375850000,17830000,26020000,25150000,2.5e+09,21,17,61,99,0.5,-13,-11,4
"size_1_142",133050000,2230510000,41790000,30940000,63710000,2.5e+09,32,29,68,129,133050000,2230510000,41790000,30940000,63710000,2.5e+09,20,16,67,103,0.5,-12,-13,-1
"size_1_143",143210000,2192690000,41730000,30480000,91890000,2.5e+09,36,30,71,137,143210000,2192690000,41730000,30480000,91890000,2.5e+09,18,21,70,109,0.5,-18,-9,-1
"size_1_144",383530000,1736940000,112600000,89790000,177140000,2.5e+09,34,28,72,134,383530000,1736940000,112600000,89790000,177140000,2.5e+09,24,18,66,108,0.5,-10,-10,-6
"size_1_145",839510000,96120000,4320000,200740000,1359310000,2.5e+09,30,33,62,125,839510000,96120000,4320000,200740000,1359310000,2.5e+09,18,13,60,91,0.5,-12,-20,-2
"size_1_146",956870000,975960000,14180000,205340000,347650000,2.5e+09,36,35,70,141,956870000,975960000,14180000,205340000,347650000,2.5e+09,22,18,68,108,0.5,-14,-17,-2
"size_1_147",820760000,115610000,3220000,437800000,1122610000,2.5e+09,31,34,66,131,820760000,115610000,3220000,437800000,1122610000,2.5e+09,21,14,56,91,0.5,-10,-20,-10
"size_1_148",696900000,1343060000,14700000,206460000,238880000,2.5e+09,36,34,75,145,696900000,1343060000,14700000,206460000,238880000,2.5e+09,21,17,72,110,0.5,-15,-17,-3
"size_1_149",280640000,283700000,16870000,67010000,1591580000,2239800000,28,23,49,100,280640000,283700000,16870000,67010000,1591580000,2239800000,14,9,57,80,0.5,-14,-14,8
"size_1_150",58320000,47850000,13300000,70660000,1.49e+09,1680130000,28,28,55,111,58320000,47850000,13300000,70660000,1.49e+09,1680130000,18,11,57,86,0.5,-10,-17,2
"size_1_151",437510000,776500000,655860000,324240000,305890000,2.5e+09,36,33,78,147,437510000,776500000,655860000,324240000,305890000,2.5e+09,28,23,75,126,0.5,-8,-10,-3
"size_1_152",622660000,1291730000,14930000,356120000,214560000,2.5e+09,34,30,65,129,622660000,1291730000,14930000,356120000,214560000,2.5e+09,24,19,67,110,0.5,-10,-11,2
"size_1_153",868580000,287810000,110100000,710050000,523460000,2.5e+09,36,36,78,150,868580000,287810000,110100000,710050000,523460000,2.5e+09,27,20,71,118,0.5,-9,-16,-7
"size_1_154",703900000,725510000,7590000,464510000,598490000,2.5e+09,32,30,70,132,703900000,725510000,7590000,464510000,598490000,2.5e+09,22,17,65,104,0.5,-10,-13,-5
"size_1_155",501120000,1002970000,48320000,318990000,628600000,2.5e+09,38,35,73,146,501120000,1002970000,48320000,318990000,628600000,2.5e+09,26,20,70,116,0.5,-12,-15,-3
"size_1_156",150420000,2086200000,55060000,122130000,86190000,2.5e+09,34,30,69,133,150420000,2086200000,55060000,122130000,86190000,2.5e+09,22,18,63,103,0.5,-12,-12,-6
"size_1_157",303870000,1960750000,26090000,38830000,170460000,2.5e+09,33,33,65,131,303870000,1960750000,26090000,38830000,170460000,2.5e+09,25,18,63,106,0.5,-8,-15,-2
"size_1_158",1168880000,554840000,11140000,196370000,568770000,2.5e+09,32,32,79,143,1168880000,554840000,11140000,196370000,568770000,2.5e+09,22,20,68,110,0.5,-10,-12,-11
"size_1_159",1049210000,999090000,11860000,101510000,338330000,2.5e+09,36,34,75,145,1049210000,999090000,11860000,101510000,338330000,2.5e+09,20,15,60,95,0.5,-16,-19,-15
"size_1_160",709120000,229390000,36320000,639190000,885980000,2.5e+09,33,29,66,128,709120000,229390000,36320000,639190000,885980000,2.5e+09,22,17,68,107,0.5,-11,-12,2
"size_1_161",593520000,1011830000,6450000,405280000,482920000,2.5e+09,35,30,73,138,593520000,1011830000,6450000,405280000,482920000,2.5e+09,23,15,67,105,0.5,-12,-15,-6
"size_1_162",1027430000,489380000,44520000,431330000,507340000,2.5e+09,31,33,64,128,1027430000,489380000,44520000,431330000,507340000,2.5e+09,21,18,67,106,0.5,-10,-15,3
"size_1_163",686820000,1247940000,7900000,109560000,447780000,2.5e+09,36,33,75,144,686820000,1247940000,7900000,109560000,447780000,2.5e+09,23,15,66,104,0.5,-13,-18,-9
"size_1_164",15250000,89270000,34640000,4660000,1854180000,1.998e+09,34,24,51,109,15250000,89270000,34640000,4660000,1854180000,1.998e+09,14,15,49,78,0.5,-20,-9,-2
"size_1_165",174950000,495480000,153630000,63890000,1606980000,2494930000,36,27,70,133,174950000,495480000,153630000,63890000,1606980000,2494930000,18,19,67,104,0.5,-18,-8,-3
"size_1_166",536750000,1318270000,16620000,201940000,426420000,2.5e+09,34,27,64,125,536750000,1318270000,16620000,201940000,426420000,2.5e+09,24,18,71,113,0.5,-10,-9,7
"size_1_167",1394690000,463320000,3330000,364200000,274460000,2.5e+09,33,28,65,126,1394690000,463320000,3330000,364200000,274460000,2.5e+09,18,13,58,89,0.5,-15,-15,-7
"size_1_168",527850000,1092820000,4710000,486960000,387660000,2.5e+09,30,27,63,120,527850000,1092820000,4710000,486960000,387660000,2.5e+09,21,17,63,101,0.5,-9,-10,0
"size_1_169",868980000,894100000,8420000,408060000,320440000,2.5e+09,32,30,64,126,868980000,894100000,8420000,408060000,320440000,2.5e+09,19,16,68,103,0.5,-13,-14,4
"size_1_170",1156540000,439770000,2490000,423140000,478060000,2.5e+09,31,24,54,109,1156540000,439770000,2490000,423140000,478060000,2.5e+09,18,12,53,83,0.5,-13,-12,-1
"size_1_171",1122100000,428440000,30750000,298040000,620670000,2.5e+09,33,32,81,146,1122100000,428440000,30750000,298040000,620670000,2.5e+09,23,16,68,107,0.5,-10,-16,-13
"size_1_172",1368200000,537980000,15610000,213960000,364250000,2.5e+09,35,32,73,140,1368200000,537980000,15610000,213960000,364250000,2.5e+09,20,18,64,102,0.5,-15,-14,-9
"size_1_173",394660000,1167240000,39190000,142700000,756210000,2.5e+09,39,37,86,162,394660000,1167240000,39190000,142700000,756210000,2.5e+09,25,19,69,113,0.5,-14,-18,-17
"size_1_174",483180000,1254650000,5540000,270420000,486210000,2.5e+09,34,30,68,132,483180000,1254650000,5540000,270420000,486210000,2.5e+09,21,19,65,105,0.5,-13,-11,-3
"size_1_175",1521090000,202060000,139530000,305950000,331370000,2.5e+09,30,32,66,128,1521090000,202060000,139530000,305950000,331370000,2.5e+09,22,17,67,106,0.5,-8,-15,1
"size_1_176",703080000,1359370000,91110000,52190000,294250000,2.5e+09,37,35,82,154,703080000,1359370000,91110000,52190000,294250000,2.5e+09,29,21,81,131,0.5,-8,-14,-1
"size_1_177",1461240000,61680000,98480000,553440000,325160000,2.5e+09,35,33,70,138,1461240000,61680000,98480000,553440000,325160000,2.5e+09,22,16,64,102,0.5,-13,-17,-6
"size_1_178",785680000,1205050000,33270000,141460000,334540000,2.5e+09,37,40,83,160,785680000,1205050000,33270000,141460000,334540000,2.5e+09,26,20,70,116,0.5,-11,-20,-13
"size_1_179",45480000,611760000,132320000,323010000,1387430000,2.5e+09,41,26,69,136,45480000,611760000,132320000,323010000,1387430000,2.5e+09,22,22,67,111,0.5,-19,-4,-2
"size_1_180",297240000,1115780000,176730000,237570000,672680000,2.5e+09,39,27,80,146,297240000,1115780000,176730000,237570000,672680000,2.5e+09,21,21,68,110,0.5,-18,-6,-12
"size_1_181",6830000,83910000,43910000,11300000,1970100000,2116050000,34,23,61,118,6830000,83910000,43910000,11300000,1970100000,2116050000,20,18,57,95,0.5,-14,-5,-4
"size_1_182",283020000,1612810000,129110000,381580000,93480000,2.5e+09,39,28,70,137,283020000,1612810000,129110000,381580000,93480000,2.5e+09,18,17,58,93,0.5,-21,-11,-12
"size_1_183",48540000,905470000,227950000,500810000,817230000,2.5e+09,38,29,71,138,48540000,905470000,227950000,500810000,817230000,2.5e+09,29,27,72,128,0.5,-9,-2,1
"size_1_184",645630000,832900000,19860000,224560000,777050000,2.5e+09,28,24,53,105,645630000,832900000,19860000,224560000,777050000,2.5e+09,18,12,57,87,0.5,-10,-12,4
"size_1_185",260690000,1646900000,11310000,14030000,567070000,2.5e+09,36,27,64,127,260690000,1646900000,11310000,14030000,567070000,2.5e+09,23,16,66,105,0.5,-13,-11,2
"size_1_186",171150000,1840960000,49430000,36150000,402310000,2.5e+09,39,33,81,153,171150000,1840960000,49430000,36150000,402310000,2.5e+09,27,23,82,132,0.5,-12,-10,1
"size_1_187",222340000,1590760000,33010000,83740000,570150000,2.5e+09,37,30,74,141,222340000,1590760000,33010000,83740000,570150000,2.5e+09,26,21,73,120,0.5,-11,-9,-1
"size_1_188",639090000,1333590000,11990000,31630000,483700000,2.5e+09,36,33,77,146,639090000,1333590000,11990000,31630000,483700000,2.5e+09,26,19,79,124,0.5,-10,-14,2
"size_1_189",1273600000,181390000,20680000,877910000,146420000,2.5e+09,37,34,80,151,1273600000,181390000,20680000,877910000,146420000,2.5e+09,20,13,61,94,0.5,-17,-21,-19
"size_1_190",759080000,1106920000,78730000,33650000,521620000,2.5e+09,38,40,78,156,759080000,1106920000,78730000,33650000,521620000,2.5e+09,27,21,79,127,0.5,-11,-19,1
"size_1_191",1066360000,449310000,31930000,814450000,137950000,2.5e+09,34,37,71,142,1066360000,449310000,31930000,814450000,137950000,2.5e+09,19,15,62,96,0.5,-15,-22,-9
"size_1_192",1437220000,305300000,4220000,173180000,580080000,2.5e+09,34,36,69,139,1437220000,305300000,4220000,173180000,580080000,2.5e+09,22,18,68,108,0.5,-12,-18,-1
"size_1_193",474780000,64510000,44660000,650000,1606300000,2190900000,32,25,42,99,474780000,64510000,44660000,650000,1606300000,2190900000,19,14,53,86,0.5,-13,-11,11
"size_1_194",536810000,499490000,220540000,207060000,1002840000,2466740000,31,29,67,127,536810000,499490000,220540000,207060000,1002840000,2466740000,23,22,71,116,0.5,-8,-7,4
"size_1_195",626940000,497610000,74340000,9480000,1291630000,2.5e+09,30,22,47,99,626940000,497610000,74340000,9480000,1291630000,2.5e+09,18,16,53,87,0.5,-12,-6,6
"size_1_196",556690000,1587300000,120800000,179790000,55420000,2.5e+09,33,26,65,124,556690000,1587300000,120800000,179790000,55420000,2.5e+09,17,21,61,99,0.5,-16,-5,-4
"size_1_197",263280000,1740000,39770000,660000,1439250000,1744700000,33,26,45,104,263280000,1740000,39770000,660000,1439250000,1744700000,18,17,55,90,0.5,-15,-9,10
"size_1_198",249130000,11390000,64390000,330000,1562220000,1887460000,28,24,50,102,249130000,11390000,64390000,330000,1562220000,1887460000,16,16,45,77,0.5,-12,-8,-5
"size_1_199",868560000,469190000,427030000,106200000,629020000,2.5e+09,39,29,66,134,868560000,469190000,427030000,106200000,629020000,2.5e+09,22,20,65,107,0.5,-17,-9,-1
"size_1_200",124150000,118150000,79590000,38090000,1815700000,2175680000,40,28,65,133,124150000,118150000,79590000,38090000,1815700000,2175680000,23,22,63,108,0.5,-17,-6,-2
"size_1_201",134070000,10370000,18450000,4170000,1420390000,1587450000,31,25,45,101,134070000,10370000,18450000,4170000,1420390000,1587450000,15,14,45,74,0.5,-16,-11,0
"size_1_202",292300000,1659970000,144230000,297550000,105950000,2.5e+09,43,31,66,140,292300000,1659970000,144230000,297550000,105950000,2.5e+09,25,25,72,122,0.5,-18,-6,6
"size_1_203",484060000,1109660000,69340000,239710000,597230000,2.5e+09,37,28,58,123,484060000,1109660000,69340000,239710000,597230000,2.5e+09,22,23,67,112,0.5,-15,-5,9
"size_1_204",107100000,1830190000,157870000,387630000,17210000,2.5e+09,39,28,69,136,107100000,1830190000,157870000,387630000,17210000,2.5e+09,17,16,58,91,0.5,-22,-12,-11
"size_1_205",41810000,608100000,150890000,226200000,1.473e+09,2.5e+09,44,30,79,153,41810000,608100000,150890000,226200000,1.473e+09,2.5e+09,25,25,69,119,0.5,-19,-5,-10
"size_1_206",146690000,1710800000,108380000,524960000,9170000,2.5e+09,38,29,59,126,146690000,1710800000,108380000,524960000,9170000,2.5e+09,18,15,67,100,0.5,-20,-14,8
"size_1_207",122810000,1940420000,155920000,269170000,11680000,2.5e+09,41,28,62,131,122810000,1940420000,155920000,269170000,11680000,2.5e+09,21,19,62,102,0.5,-20,-9,0
"size_1_208",179490000,1739370000,87590000,4.66e+08,27550000,2.5e+09,37,29,67,133,179490000,1739370000,87590000,4.66e+08,27550000,2.5e+09,18,17,57,92,0.5,-19,-12,-10
"size_1_209",91760000,1554270000,344830000,441150000,67990000,2.5e+09,40,32,72,144,91760000,1554270000,344830000,441150000,67990000,2.5e+09,24,24,77,125,0.5,-16,-8,5
"size_1_210",141850000,1340220000,197460000,777910000,42560000,2.5e+09,39,29,68,136,141850000,1340220000,197460000,777910000,42560000,2.5e+09,19,22,73,114,0.5,-20,-7,5
"size_1_211",131340000,1655790000,142580000,551810000,18480000,2.5e+09,34,28,63,125,131340000,1655790000,142580000,551810000,18480000,2.5e+09,19,20,69,108,0.5,-15,-8,6
"size_1_212",1048150000,311990000,3830000,554740000,581290000,2.5e+09,30,29,62,121,1048150000,311990000,3830000,554740000,581290000,2.5e+09,21,12,56,89,0.5,-9,-17,-6
"size_1_213",130440000,1971240000,21030000,26530000,350760000,2.5e+09,31,27,62,120,130440000,1971240000,21030000,26530000,350760000,2.5e+09,23,18,72,113,0.5,-8,-9,10
"size_1_214",548870000,1245710000,14010000,28330000,663080000,2.5e+09,40,42,92,174,548870000,1245710000,14010000,28330000,663080000,2.5e+09,29,18,71,118,0.5,-11,-24,-21
"size_1_215",181450000,1915610000,12800000,20690000,369450000,2.5e+09,34,33,72,139,181450000,1915610000,12800000,20690000,369450000,2.5e+09,21,15,70,106,0.5,-13,-18,-2
"size_1_216",838190000,567890000,114010000,717360000,262550000,2.5e+09,35,37,71,143,838190000,567890000,114010000,717360000,262550000,2.5e+09,20,15,67,102,0.5,-15,-22,-4
"size_1_217",1027320000,141850000,14600000,478780000,837450000,2.5e+09,34,36,78,148,1027320000,141850000,14600000,478780000,837450000,2.5e+09,23,17,68,108,0.5,-11,-19,-10
"size_1_218",477980000,1449260000,242070000,233380000,97310000,2.5e+09,28,26,51,105,477980000,1449260000,242070000,233380000,97310000,2.5e+09,20,16,55,91,0.5,-8,-10,4
"size_1_219",1215910000,737520000,66420000,104830000,375320000,2.5e+09,29,23,50,102,1215910000,737520000,66420000,104830000,375320000,2.5e+09,17,15,52,84,0.5,-12,-8,2
"size_1_220",258990000,2033450000,139510000,56450000,11600000,2.5e+09,39,32,58,129,258990000,2033450000,139510000,56450000,11600000,2.5e+09,19,17,61,97,0.5,-20,-15,3
"size_1_221",668630000,1570250000,52890000,107780000,100450000,2.5e+09,35,26,54,115,668630000,1570250000,52890000,107780000,100450000,2.5e+09,18,14,52,84,0.5,-17,-12,-2
"size_1_222",276380000,1748040000,117550000,335600000,22430000,2.5e+09,35,28,56,119,276380000,1748040000,117550000,335600000,22430000,2.5e+09,20,19,67,106,0.5,-15,-9,11
"size_1_223",590890000,1233970000,102590000,542970000,29580000,2.5e+09,38,30,71,139,590890000,1233970000,102590000,542970000,29580000,2.5e+09,22,20,70,112,0.5,-16,-10,-1
"size_1_224",517110000,1589080000,145190000,189900000,58720000,2.5e+09,44,29,69,142,517110000,1589080000,145190000,189900000,58720000,2.5e+09,21,22,74,117,0.5,-23,-7,5
"size_1_225",24740000,397660000,49300000,164700000,1863600000,2.5e+09,33,21,48,102,24740000,397660000,49300000,164700000,1863600000,2.5e+09,12,16,58,86,0.5,-21,-5,10
"size_1_226",122420000,681520000,83560000,382530000,1229970000,2.5e+09,38,24,58,120,122420000,681520000,83560000,382530000,1229970000,2.5e+09,13,15,53,81,0.5,-25,-9,-5
"size_1_227",32180000,339550000,23850000,413090000,1431860000,2240530000,33,20,54,107,32180000,339550000,23850000,413090000,1431860000,2240530000,10,12,47,69,0.5,-23,-8,-7
"size_1_228",15360000,65020000,7170000,213030000,1484860000,1785440000,30,18,48,96,15360000,65020000,7170000,213030000,1484860000,1785440000,9,12,54,75,0.5,-21,-6,6
"size_1_229",19470000,137360000,42730000,308490000,1836600000,2344650000,37,25,62,124,19470000,137360000,42730000,308490000,1836600000,2344650000,11,17,63,91,0.5,-26,-8,1
"size_1_230",39010000,86620000,197480000,594250000,1582640000,2.5e+09,33,16,44,93,39010000,86620000,197480000,594250000,1582640000,2.5e+09,10,19,46,75,0.5,-23,3,2
"size_1_231",28440000,199220000,66490000,887320000,1318200000,2499670000,32,16,43,91,28440000,199220000,66490000,887320000,1318200000,2499670000,9,15,44,68,0.5,-23,-1,1
"size_1_232",343600000,1770000,9070000,133160000,2012400000,2.5e+09,32,22,43,97,343600000,1770000,9070000,133160000,2012400000,2.5e+09,12,11,35,58,0.5,-20,-11,-8
"size_1_233",205810000,70210000,112730000,415200000,1696050000,2.5e+09,35,21,55,111,205810000,70210000,112730000,415200000,1696050000,2.5e+09,12,25,62,99,0.5,-23,4,7
"size_1_234",251290000,47160000,26380000,362150000,1813020000,2.5e+09,40,26,67,133,251290000,47160000,26380000,362150000,1813020000,2.5e+09,15,16,54,85,0.5,-25,-10,-13
"size_1_235",35330000,632450000,159170000,51590000,1621460000,2.5e+09,36,24,60,120,35330000,632450000,159170000,51590000,1621460000,2.5e+09,14,15,58,87,0.5,-22,-9,-2
"size_1_236",25450000,312910000,43600000,21090000,2094600000,2497650000,34,26,62,122,25450000,312910000,43600000,21090000,2094600000,2497650000,19,17,57,93,0.5,-15,-9,-5
"size_1_237",80320000,481030000,108150000,410380000,1419100000,2498980000,37,23,68,128,80320000,481030000,108150000,410380000,1419100000,2498980000,14,17,62,93,0.5,-23,-6,-6
"size_1_238",61820000,166480000,43940000,633900000,1593860000,2.5e+09,30,21,38,89,61820000,166480000,43940000,633900000,1593860000,2.5e+09,10,11,54,75,0.5,-20,-10,16
"size_1_239",196740000,828050000,36920000,1206750000,231540000,2.5e+09,35,19,57,111,196740000,828050000,36920000,1206750000,231540000,2.5e+09,8,15,52,75,0.5,-27,-4,-5
"size_1_240",121820000,368040000,99610000,670330000,1240200000,2.5e+09,32,23,58,113,121820000,368040000,99610000,670330000,1240200000,2.5e+09,12,15,64,91,0.5,-20,-8,6
"size_1_241",168850000,839830000,163110000,871350000,456860000,2.5e+09,35,25,60,120,168850000,839830000,163110000,871350000,456860000,2.5e+09,10,19,65,94,0.5,-25,-6,5
"size_1_242",256290000,12520000,15090000,1764150000,451950000,2.5e+09,41,26,59,126,256290000,12520000,15090000,1764150000,451950000,2.5e+09,9,16,56,81,0.5,-32,-10,-3
"size_1_243",135240000,68570000,222140000,1043860000,1030190000,2.5e+09,39,24,58,121,135240000,68570000,222140000,1043860000,1030190000,2.5e+09,10,22,69,101,0.5,-29,-2,11
"size_1_244",190250000,236680000,19540000,1619080000,434450000,2.5e+09,36,21,55,112,190250000,236680000,19540000,1619080000,434450000,2.5e+09,9,21,60,90,0.5,-27,0,5
"size_1_245",346070000,146770000,403740000,1112960000,490460000,2.5e+09,38,22,58,118,346070000,146770000,403740000,1112960000,490460000,2.5e+09,10,20,62,92,0.5,-28,-2,4
"size_1_246",31830000,17750000,53760000,742320000,1654340000,2.5e+09,41,27,68,136,31830000,17750000,53760000,742320000,1654340000,2.5e+09,16,27,75,118,0.5,-25,0,7
"size_1_247",217060000,20470000,21240000,697360000,1542840000,2498970000,39,25,57,121,217060000,20470000,21240000,697360000,1542840000,2498970000,8,17,59,84,0.5,-31,-8,2
"size_1_248",196220000,142730000,88450000,1583940000,488660000,2.5e+09,35,22,55,112,196220000,142730000,88450000,1583940000,488660000,2.5e+09,13,24,61,98,0.5,-22,2,6
"size_1_249",232460000,149730000,26760000,1847580000,243470000,2.5e+09,36,23,56,115,232460000,149730000,26760000,1847580000,243470000,2.5e+09,11,18,57,86,0.5,-25,-5,1
"size_1_250",22290000,128890000,195230000,205090000,1.706e+09,2257500000,33,20,57,110,22290000,128890000,195230000,205090000,1.706e+09,2257500000,13,23,64,100,0.5,-20,3,7
"size_1_251",249730000,189050000,16900000,631880000,1412440000,2.5e+09,41,29,68,138,249730000,189050000,16900000,631880000,1412440000,2.5e+09,12,27,59,98,0.5,-29,-2,-9
"size_1_252",118950000,275020000,59430000,1025010000,1021590000,2.5e+09,36,23,61,120,118950000,275020000,59430000,1025010000,1021590000,2.5e+09,9,25,62,96,0.5,-27,2,1
"size_1_253",165070000,53390000,40360000,845600000,1395580000,2.5e+09,46,32,77,155,165070000,53390000,40360000,845600000,1395580000,2.5e+09,11,25,65,101,0.5,-35,-7,-12
"size_1_254",231640000,1.57e+08,545880000,1117570000,447910000,2.5e+09,35,21,48,104,231640000,1.57e+08,545880000,1117570000,447910000,2.5e+09,11,23,58,92,0.5,-24,2,10
"size_1_255",529380000,59880000,39280000,739360000,1132100000,2.5e+09,30,20,45,95,529380000,59880000,39280000,739360000,1132100000,2.5e+09,8,20,50,78,0.5,-22,0,5
"size_1_256",272820000,255550000,247330000,931650000,792650000,2.5e+09,39,25,67,131,272820000,255550000,247330000,931650000,792650000,2.5e+09,10,20,56,86,0.5,-29,-5,-11
"size_1_257",480800000,180150000,59490000,1114660000,664900000,2.5e+09,39,25,56,120,480800000,180150000,59490000,1114660000,664900000,2.5e+09,10,20,53,83,0.5,-29,-5,-3
"size_1_258",241410000,1437030000,145850000,158180000,517530000,2.5e+09,36,24,63,123,241410000,1437030000,145850000,158180000,517530000,2.5e+09,15,18,61,94,0.5,-21,-6,-2
"size_1_259",189500000,1743080000,173640000,201560000,192220000,2.5e+09,33,24,52,109,189500000,1743080000,173640000,201560000,192220000,2.5e+09,16,17,58,91,0.5,-17,-7,6
"size_1_260",289190000,1883750000,100990000,149870000,76200000,2.5e+09,34,24,57,115,289190000,1883750000,100990000,149870000,76200000,2.5e+09,13,14,54,81,0.5,-21,-10,-3
"size_1_261",443590000,1708900000,78400000,220880000,48230000,2.5e+09,32,22,42,96,443590000,1708900000,78400000,220880000,48230000,2.5e+09,11,14,50,75,0.5,-21,-8,8
"size_1_262",20690000,234060000,66230000,10380000,1674930000,2006290000,32,21,50,103,20690000,234060000,66230000,10380000,1674930000,2006290000,13,17,53,83,0.5,-19,-4,3
"size_1_263",81020000,807190000,108420000,867630000,635740000,2.5e+09,40,25,70,135,81020000,807190000,108420000,867630000,635740000,2.5e+09,12,19,62,93,0.5,-28,-6,-8
"size_1_264",148310000,1259370000,159300000,927900000,5120000,2.5e+09,33,21,60,114,148310000,1259370000,159300000,927900000,5120000,2.5e+09,9,18,61,88,0.5,-24,-3,1
"size_1_265",468300000,397840000,753430000,804410000,76020000,2.5e+09,33,21,55,109,468300000,397840000,753430000,804410000,76020000,2.5e+09,12,21,62,95,0.5,-21,0,7
"size_1_266",270150000,616090000,231940000,488930000,892890000,2.5e+09,38,25,71,134,270150000,616090000,231940000,488930000,892890000,2.5e+09,16,25,71,112,0.5,-22,0,0
"size_1_267",192330000,1451660000,88320000,759110000,8580000,2.5e+09,33,22,53,108,192330000,1451660000,88320000,759110000,8580000,2.5e+09,8,20,58,86,0.5,-25,-2,5
"size_1_268",287400000,780810000,288860000,824800000,318130000,2.5e+09,36,24,60,120,287400000,780810000,288860000,824800000,318130000,2.5e+09,12,24,67,103,0.5,-24,0,7
"size_1_269",74350000,1360080000,253520000,798840000,13210000,2.5e+09,33,20,53,106,74350000,1360080000,253520000,798840000,13210000,2.5e+09,9,19,59,87,0.5,-24,-1,6
"size_1_270",112670000,1322400000,254180000,780070000,30680000,2.5e+09,35,22,52,109,112670000,1322400000,254180000,780070000,30680000,2.5e+09,12,23,65,100,0.5,-23,1,13
"size_1_271",69230000,876870000,227700000,1304690000,21510000,2.5e+09,35,20,57,112,69230000,876870000,227700000,1304690000,21510000,2.5e+09,9,20,58,87,0.5,-26,0,1
"size_1_272",174820000,1234590000,164490000,876410000,49690000,2.5e+09,36,22,59,117,174820000,1234590000,164490000,876410000,49690000,2.5e+09,10,21,61,92,0.5,-26,-1,2
"size_1_273",107270000,356310000,291310000,1647940000,97170000,2.5e+09,39,26,62,127,107270000,356310000,291310000,1647940000,97170000,2.5e+09,11,26,67,104,0.5,-28,0,5
"size_1_274",81590000,969300000,917360000,466750000,6.5e+07,2.5e+09,35,23,58,116,81590000,969300000,917360000,466750000,6.5e+07,2.5e+09,15,23,65,103,0.5,-20,0,7
"size_1_275",22920000,93830000,213070000,680750000,1489430000,2.5e+09,38,27,61,126,22920000,93830000,213070000,680750000,1489430000,2.5e+09,17,28,72,117,0.5,-21,1,11
"size_1_276",94700000,111290000,450570000,1346490000,496950000,2.5e+09,35,21,59,115,94700000,111290000,450570000,1346490000,496950000,2.5e+09,11,23,66,100,0.5,-24,2,7
"size_1_277",130090000,145910000,6.25e+08,1035550000,563450000,2.5e+09,38,22,58,118,130090000,145910000,6.25e+08,1035550000,563450000,2.5e+09,14,23,61,98,0.5,-24,1,3
"size_1_278",138670000,226980000,65010000,1367630000,701710000,2.5e+09,35,26,56,117,138670000,226980000,65010000,1367630000,701710000,2.5e+09,11,19,58,88,0.5,-24,-7,2
"size_1_279",137380000,17590000,41900000,1419560000,883570000,2.5e+09,38,25,56,119,137380000,17590000,41900000,1419560000,883570000,2.5e+09,16,24,67,107,0.5,-22,-1,11
"size_1_280",72880000,695710000,507090000,406720000,817600000,2.5e+09,36,23,67,126,72880000,695710000,507090000,406720000,817600000,2.5e+09,20,25,70,115,0.5,-16,2,3
"size_1_281",96550000,1159340000,48940000,500800000,694370000,2.5e+09,37,21,66,124,96550000,1159340000,48940000,500800000,694370000,2.5e+09,14,25,69,108,0.5,-23,4,3
"size_1_282",544490000,176450000,13140000,1046420000,719500000,2.5e+09,35,26,56,117,544490000,176450000,13140000,1046420000,719500000,2.5e+09,11,15,51,77,0.5,-24,-11,-5
"size_1_283",43220000,440410000,116730000,251520000,1381990000,2233870000,40,22,68,130,43220000,440410000,116730000,251520000,1381990000,2233870000,15,28,71,114,0.5,-25,6,3
"size_1_284",160210000,1328430000,146280000,131290000,733790000,2.5e+09,37,23,65,125,160210000,1328430000,146280000,131290000,733790000,2.5e+09,15,17,58,90,0.5,-22,-6,-7
"size_1_285",246360000,1866660000,104420000,263650000,18910000,2.5e+09,32,21,49,102,246360000,1866660000,104420000,263650000,18910000,2.5e+09,14,13,48,75,0.5,-18,-8,-1
"size_1_286",136910000,1342230000,154390000,207710000,658760000,2.5e+09,33,27,71,131,136910000,1342230000,154390000,207710000,658760000,2.5e+09,17,18,68,103,0.5,-16,-9,-3
"size_1_287",308600000,1679690000,184300000,278310000,49100000,2.5e+09,31,23,54,108,308600000,1679690000,184300000,278310000,49100000,2.5e+09,16,18,59,93,0.5,-15,-5,5
"size_1_288",19360000,215980000,49750000,218460000,1996450000,2.5e+09,37,32,69,138,19360000,215980000,49750000,218460000,1996450000,2.5e+09,15,19,59,93,0.5,-22,-13,-10
"size_1_289",195660000,362290000,348940000,464360000,1128750000,2.5e+09,43,25,66,134,195660000,362290000,348940000,464360000,1128750000,2.5e+09,13,26,70,109,0.5,-30,1,4
"size_1_290",89230000,360970000,183190000,304120000,1369620000,2307130000,36,21,54,111,89230000,360970000,183190000,304120000,1369620000,2307130000,13,23,68,104,0.5,-23,2,14
"size_1_291",47670000,1393130000,276240000,772330000,10630000,2.5e+09,34,21,51,106,47670000,1393130000,276240000,772330000,10630000,2.5e+09,9,19,57,85,0.5,-25,-2,6
"size_1_292",179710000,1260380000,276860000,753490000,29560000,2.5e+09,33,19,52,104,179710000,1260380000,276860000,753490000,29560000,2.5e+09,13,22,64,99,0.5,-20,3,12
"size_1_293",172180000,582850000,1186620000,509930000,48420000,2.5e+09,34,23,61,118,172180000,582850000,1186620000,509930000,48420000,2.5e+09,13,21,68,102,0.5,-21,-2,7
"size_1_294",114010000,1372130000,499110000,473970000,40780000,2.5e+09,37,23,59,119,114010000,1372130000,499110000,473970000,40780000,2.5e+09,13,23,63,99,0.5,-24,0,4
"size_1_295",39740000,1257560000,412760000,761640000,28300000,2.5e+09,34,22,52,108,39740000,1257560000,412760000,761640000,28300000,2.5e+09,12,19,62,93,0.5,-22,-3,10
"size_1_296",54380000,2177850000,151290000,94640000,21840000,2.5e+09,34,21,46,101,54380000,2177850000,151290000,94640000,21840000,2.5e+09,10,23,59,92,0.5,-24,2,13
"size_1_297",88160000,1851680000,267850000,227660000,64650000,2.5e+09,34,23,57,114,88160000,1851680000,267850000,227660000,64650000,2.5e+09,13,26,62,101,0.5,-21,3,5
"size_1_298",57410000,1848760000,238690000,319840000,35300000,2.5e+09,38,21,53,112,57410000,1848760000,238690000,319840000,35300000,2.5e+09,13,26,67,106,0.5,-25,5,14
"size_1_299",116670000,1632300000,492980000,175140000,82910000,2.5e+09,37,29,62,128,116670000,1632300000,492980000,175140000,82910000,2.5e+09,15,24,68,107,0.5,-22,-5,6
"size_1_300",78720000,1990880000,211960000,116100000,102340000,2.5e+09,33,15,45,93,78720000,1990880000,211960000,116100000,102340000,2.5e+09,11,22,56,89,0.5,-22,7,11
"size_1_301",239850000,816940000,64670000,500310000,878230000,2.5e+09,38,23,64,125,239850000,816940000,64670000,500310000,878230000,2.5e+09,14,25,64,103,0.5,-24,2,0
"size_1_302",107510000,1338480000,93440000,776390000,184180000,2.5e+09,39,30,78,147,107510000,1338480000,93440000,776390000,184180000,2.5e+09,16,18,65,99,0.5,-23,-12,-13
"size_1_303",160740000,1683170000,158340000,472950000,24800000,2.5e+09,37,27,61,125,160740000,1683170000,158340000,472950000,24800000,2.5e+09,16,16,56,88,0.5,-21,-11,-5
"size_1_304",164850000,1023110000,69400000,1226840000,15800000,2.5e+09,35,28,61,124,164850000,1023110000,69400000,1226840000,15800000,2.5e+09,16,19,60,95,0.5,-19,-9,-1
"size_1_305",146360000,1229350000,109150000,1000330000,14810000,2.5e+09,36,28,64,128,146360000,1229350000,109150000,1000330000,14810000,2.5e+09,17,20,61,98,0.5,-19,-8,-3
"size_1_306",42400000,303720000,47650000,365090000,1709180000,2468040000,38,29,73,140,42400000,303720000,47650000,365090000,1709180000,2468040000,20,22,72,114,0.5,-18,-7,-1
"size_1_307",75480000,822390000,116380000,1267680000,218070000,2.5e+09,36,29,66,131,75480000,822390000,116380000,1267680000,218070000,2.5e+09,15,16,62,93,0.5,-21,-13,-4
"size_1_308",17900000,480040000,125630000,186570000,1470900000,2281040000,38,32,71,141,17900000,480040000,125630000,186570000,1470900000,2281040000,21,19,69,109,0.5,-17,-13,-2
"size_1_309",199450000,1215700000,150660000,923870000,10320000,2.5e+09,33,30,61,124,199450000,1215700000,150660000,923870000,10320000,2.5e+09,11,14,57,82,0.5,-22,-16,-4
"size_1_310",367630000,1047260000,70300000,999580000,15230000,2.5e+09,35,28,65,128,367630000,1047260000,70300000,999580000,15230000,2.5e+09,14,15,57,86,0.5,-21,-13,-8
"size_1_311",335340000,1117900000,162510000,865280000,18970000,2.5e+09,36,28,57,121,335340000,1117900000,162510000,865280000,18970000,2.5e+09,16,17,59,92,0.5,-20,-11,2
"size_1_312",386850000,1830000,11390000,494370000,1605560000,2.5e+09,36,21,56,113,386850000,1830000,11390000,494370000,1605560000,2.5e+09,11,21,46,78,0.5,-25,0,-10
"size_1_313",319150000,1600000,4600000,223350000,1951300000,2.5e+09,37,23,62,122,319150000,1600000,4600000,223350000,1951300000,2.5e+09,10,15,43,68,0.5,-27,-8,-19
"size_1_314",306480000,1920000,6440000,615340000,1569820000,2.5e+09,36,22,57,115,306480000,1920000,6440000,615340000,1569820000,2.5e+09,12,20,46,78,0.5,-24,-2,-11
"size_1_315",91360000,2880000,3510000,186050000,2216200000,2.5e+09,30,18,44,92,91360000,2880000,3510000,186050000,2216200000,2.5e+09,13,21,46,80,0.5,-17,3,2
"size_1_316",133030000,3450000,7320000,269450000,2086750000,2.5e+09,34,24,51,109,133030000,3450000,7320000,269450000,2086750000,2.5e+09,13,17,44,74,0.5,-21,-7,-7
"size_1_317",389670000,2990000,17350000,375530000,1714460000,2.5e+09,39,23,53,115,389670000,2990000,17350000,375530000,1714460000,2.5e+09,13,16,44,73,0.5,-26,-7,-9
"size_1_318",20100000,1990000,1800000,60390000,2371770000,2456050000,31,17,49,97,20100000,1990000,1800000,60390000,2371770000,2456050000,14,28,47,89,0.5,-17,11,-2
"size_1_319",87980000,2620000,1780000,136250000,2271370000,2.5e+09,31,19,48,98,87980000,2620000,1780000,136250000,2271370000,2.5e+09,15,19,51,85,0.5,-16,0,3
"size_1_320",334490000,4900000,7100000,579030000,1574480000,2.5e+09,39,23,60,122,334490000,4900000,7100000,579030000,1574480000,2.5e+09,11,23,55,89,0.5,-28,0,-5
"size_1_321",413290000,218660000,139600000,958100000,770350000,2.5e+09,40,24,57,121,413290000,218660000,139600000,958100000,770350000,2.5e+09,12,25,61,98,0.5,-28,1,4
"size_1_322",369780000,587390000,92120000,648640000,802070000,2.5e+09,38,25,56,119,369780000,587390000,92120000,648640000,802070000,2.5e+09,13,27,62,102,0.5,-25,2,6
"size_1_323",522470000,327900000,71790000,408600000,1169240000,2.5e+09,42,25,70,137,522470000,327900000,71790000,408600000,1169240000,2.5e+09,18,24,65,107,0.5,-24,-1,-5
"size_1_324",213540000,10140000,13560000,255330000,2007430000,2.5e+09,40,24,64,128,213540000,10140000,13560000,255330000,2007430000,2.5e+09,13,22,60,95,0.5,-27,-2,-4
"size_1_325",616180000,285580000,55510000,443400000,1099330000,2.5e+09,36,21,65,122,616180000,285580000,55510000,443400000,1099330000,2.5e+09,16,23,62,101,0.5,-20,2,-3
"size_1_326",291150000,2840000,9720000,252740000,1943550000,2.5e+09,35,22,53,110,291150000,2840000,9720000,252740000,1943550000,2.5e+09,14,22,61,97,0.5,-21,0,8
"size_1_327",131490000,0,3490000,151890000,2213130000,2.5e+09,36,23,60,119,131490000,0,3490000,151890000,2213130000,2.5e+09,11,24,48,83,0.5,-25,1,-12
"size_1_328",359220000,83220000,20500000,270890000,1766170000,2.5e+09,34,22,53,109,359220000,83220000,20500000,270890000,1766170000,2.5e+09,15,22,58,95,0.5,-19,0,5
"size_1_329",145390000,34300000,22210000,548360000,1749740000,2.5e+09,37,20,53,110,145390000,34300000,22210000,548360000,1749740000,2.5e+09,15,30,55,100,0.5,-22,10,2
"size_1_330",7750000,3280000,2230000,33920000,2248260000,2295440000,32,21,52,105,7750000,3280000,2230000,33920000,2248260000,2295440000,9,10,41,60,0.5,-23,-11,-11
"size_1_331",0,38070000,3070000,2.2e+08,2161480000,2422620000,32,20,50,102,0,38070000,3070000,2.2e+08,2161480000,2422620000,8,25,44,77,0.5,-24,5,-6
"size_1_332",711110000,1279340000,33400000,4710000,471440000,2.5e+09,34,27,67,128,711110000,1279340000,33400000,4710000,471440000,2.5e+09,19,16,62,97,0.5,-15,-11,-5
"size_1_333",129530000,739350000,41840000,185650000,1399890000,2496260000,35,31,71,137,129530000,739350000,41840000,185650000,1399890000,2496260000,24,19,71,114,0.5,-11,-12,0
"size_1_334",493660000,1299530000,13120000,23510000,670180000,2.5e+09,36,30,72,138,493660000,1299530000,13120000,23510000,670180000,2.5e+09,26,16,76,118,0.5,-10,-14,4
"size_1_335",807600000,1062060000,23650000,71580000,535110000,2.5e+09,32,29,73,134,807600000,1062060000,23650000,71580000,535110000,2.5e+09,24,18,67,109,0.5,-8,-11,-6
"size_1_336",994020000,711370000,11200000,26800000,756610000,2.5e+09,34,35,74,143,994020000,711370000,11200000,26800000,756610000,2.5e+09,26,16,69,111,0.5,-8,-19,-5
"size_1_337",131970000,2088700000,48830000,30870000,199630000,2.5e+09,38,33,78,149,131970000,2088700000,48830000,30870000,199630000,2.5e+09,29,19,82,130,0.5,-9,-14,4
"size_1_338",865650000,793500000,114710000,538730000,187410000,2.5e+09,31,35,62,128,865650000,793500000,114710000,538730000,187410000,2.5e+09,21,16,67,104,0.5,-10,-19,5
"size_1_339",949140000,55470000,12930000,607540000,874920000,2.5e+09,31,35,71,137,949140000,55470000,12930000,607540000,874920000,2.5e+09,18,16,54,88,0.5,-13,-19,-17
"size_1_340",531340000,1722430000,37100000,82560000,126570000,2.5e+09,28,23,49,100,531340000,1722430000,37100000,82560000,126570000,2.5e+09,20,13,48,81,0.5,-8,-10,-1
"size_1_341",336210000,1866370000,44430000,241010000,11980000,2.5e+09,26,22,42,90,336210000,1866370000,44430000,241010000,11980000,2.5e+09,18,12,50,80,0.5,-8,-10,8
"size_1_342",764230000,1392840000,112940000,184720000,45270000,2.5e+09,31,24,54,109,764230000,1392840000,112940000,184720000,45270000,2.5e+09,20,14,52,86,0.5,-11,-10,-2
"size_1_343",470920000,1731240000,90780000,113880000,93180000,2.5e+09,27,20,49,96,470920000,1731240000,90780000,113880000,93180000,2.5e+09,19,17,49,85,0.5,-8,-3,0
"size_1_344",517270000,1550340000,170310000,236090000,25990000,2.5e+09,40,31,65,136,517270000,1550340000,170310000,236090000,25990000,2.5e+09,19,17,65,101,0.5,-21,-14,0
"size_1_345",789830000,1481470000,36500000,154450000,37750000,2.5e+09,33,25,52,110,789830000,1481470000,36500000,154450000,37750000,2.5e+09,19,14,53,86,0.5,-14,-11,1
"size_1_346",681520000,1301950000,65870000,16070000,434590000,2.5e+09,35,29,69,133,681520000,1301950000,65870000,16070000,434590000,2.5e+09,22,20,66,108,0.5,-13,-9,-3
"size_1_347",1840000,266140000,12480000,3240000,1761500000,2045200000,40,30,85,155,1840000,266140000,12480000,3240000,1761500000,2045200000,28,22,76,126,0.5,-12,-8,-9
"size_1_348",563220000,986670000,171650000,8070000,770390000,2.5e+09,33,26,60,119,563220000,986670000,171650000,8070000,770390000,2.5e+09,22,13,62,97,0.5,-11,-13,2
"size_1_349",1126160000,349890000,4110000,132750000,887090000,2.5e+09,37,35,76,148,1126160000,349890000,4110000,132750000,887090000,2.5e+09,22,18,65,105,0.5,-15,-17,-11
"size_1_350",2.44e+08,1854860000,55290000,10920000,334930000,2.5e+09,38,32,69,139,2.44e+08,1854860000,55290000,10920000,334930000,2.5e+09,25,23,79,127,0.5,-13,-9,10
"size_1_351",1721220000,197960000,11780000,130530000,438510000,2.5e+09,32,36,69,137,1721220000,197960000,11780000,130530000,438510000,2.5e+09,20,16,63,99,0.5,-12,-20,-6
"size_1_352",957550000,948090000,80160000,477100000,37100000,2.5e+09,33,35,68,136,957550000,948090000,80160000,477100000,37100000,2.5e+09,22,14,68,104,0.5,-11,-21,0
"size_1_353",931620000,26290000,11960000,707870000,822260000,2.5e+09,33,35,69,137,931620000,26290000,11960000,707870000,822260000,2.5e+09,15,12,56,83,0.5,-18,-23,-13
"size_1_354",732680000,1200480000,69520000,435950000,61370000,2.5e+09,34,35,67,136,732680000,1200480000,69520000,435950000,61370000,2.5e+09,20,18,66,104,0.5,-14,-17,-1
"size_1_355",884480000,51110000,12670000,435330000,1116410000,2.5e+09,31,33,67,131,884480000,51110000,12670000,435330000,1116410000,2.5e+09,18,12,57,87,0.5,-13,-21,-10
"size_1_356",153900000,2138810000,98740000,77080000,31470000,2.5e+09,33,26,56,115,153900000,2138810000,98740000,77080000,31470000,2.5e+09,21,16,54,91,0.5,-12,-10,-2
"size_1_357",167320000,2098450000,51010000,164630000,18590000,2.5e+09,28,24,49,101,167320000,2098450000,51010000,164630000,18590000,2.5e+09,19,13,53,85,0.5,-9,-11,4
"size_1_358",421940000,1754020000,144530000,127700000,51810000,2.5e+09,32,32,64,128,421940000,1754020000,144530000,127700000,51810000,2.5e+09,20,16,63,99,0.5,-12,-16,-1
"size_1_359",157450000,1767660000,496650000,27670000,50570000,2.5e+09,32,29,51,112,157450000,1767660000,496650000,27670000,50570000,2.5e+09,23,17,64,104,0.5,-9,-12,13
"size_1_360",1137430000,977240000,55320000,289190000,40820000,2.5e+09,32,25,58,115,1137430000,977240000,55320000,289190000,40820000,2.5e+09,17,15,61,93,0.5,-15,-10,3
"size_1_361",484850000,1692100000,80640000,215260000,27150000,2.5e+09,30,22,48,100,484850000,1692100000,80640000,215260000,27150000,2.5e+09,19,13,54,86,0.5,-11,-9,6
"size_1_362",1105730000,789050000,73710000,439220000,92290000,2.5e+09,36,27,66,129,1105730000,789050000,73710000,439220000,92290000,2.5e+09,17,15,58,90,0.5,-19,-12,-8
"size_1_363",1036870000,868640000,44720000,337870000,211900000,2.5e+09,30,27,58,115,1036870000,868640000,44720000,337870000,211900000,2.5e+09,18,13,50,81,0.5,-12,-14,-8
"size_1_364",716470000,815380000,68290000,870900000,28960000,2.5e+09,39,27,66,132,716470000,815380000,68290000,870900000,28960000,2.5e+09,19,15,57,91,0.5,-20,-12,-9
"size_1_365",1114930000,1010740000,89400000,236140000,48790000,2.5e+09,32,24,53,109,1114930000,1010740000,89400000,236140000,48790000,2.5e+09,17,13,50,80,0.5,-15,-11,-3
"size_1_366",793600000,599960000,155520000,905490000,45430000,2.5e+09,35,26,64,125,793600000,599960000,155520000,905490000,45430000,2.5e+09,17,16,60,93,0.5,-18,-10,-4
"size_1_367",654540000,1005430000,89090000,732270000,18670000,2.5e+09,35,24,62,121,654540000,1005430000,89090000,732270000,18670000,2.5e+09,19,14,60,93,0.5,-16,-10,-2
"size_1_368",565280000,1669170000,96820000,135630000,33100000,2.5e+09,38,29,67,134,565280000,1669170000,96820000,135630000,33100000,2.5e+09,21,20,69,110,0.5,-17,-9,2
"size_1_369",277820000,1228390000,4.1e+07,916120000,36670000,2.5e+09,37,27,60,124,277820000,1228390000,4.1e+07,916120000,36670000,2.5e+09,22,19,73,114,0.5,-15,-8,13
"size_1_370",548580000,1160240000,49630000,627010000,114540000,2.5e+09,43,33,79,155,548580000,1160240000,49630000,627010000,114540000,2.5e+09,21,24,76,121,0.5,-22,-9,-3
"size_1_371",361210000,931060000,37930000,1148710000,21090000,2.5e+09,38,28,64,130,361210000,931060000,37930000,1148710000,21090000,2.5e+09,18,17,59,94,0.5,-20,-11,-5
"size_1_372",520100000,1472350000,149730000,314330000,43490000,2.5e+09,38,30,70,138,520100000,1472350000,149730000,314330000,43490000,2.5e+09,19,20,65,104,0.5,-19,-10,-5
"size_1_373",491950000,1589620000,163760000,190850000,63820000,2.5e+09,38,28,63,129,491950000,1589620000,163760000,190850000,63820000,2.5e+09,22,21,66,109,0.5,-16,-7,3
"size_1_374",649440000,1607040000,145300000,55390000,42830000,2.5e+09,39,31,71,141,649440000,1607040000,145300000,55390000,42830000,2.5e+09,22,21,72,115,0.5,-17,-10,1
"size_1_375",564230000,1668670000,57140000,193710000,16250000,2.5e+09,40,30,69,139,564230000,1668670000,57140000,193710000,16250000,2.5e+09,21,19,73,113,0.5,-19,-11,4
"size_1_376",340400000,171910000,420840000,16590000,1523120000,2472860000,36,30,73,139,340400000,171910000,420840000,16590000,1523120000,2472860000,26,19,67,112,0.5,-10,-11,-6
"size_1_377",1495910000,280100000,39950000,214640000,469400000,2.5e+09,35,40,73,148,1495910000,280100000,39950000,214640000,469400000,2.5e+09,25,14,68,107,0.5,-10,-26,-5
"size_1_378",1034420000,410180000,28620000,693170000,333610000,2.5e+09,36,36,81,153,1034420000,410180000,28620000,693170000,333610000,2.5e+09,20,15,64,99,0.5,-16,-21,-17
"size_1_379",1328510000,614660000,238020000,16290000,302520000,2.5e+09,33,31,65,129,1328510000,614660000,238020000,16290000,302520000,2.5e+09,22,14,59,95,0.5,-11,-17,-6
"size_1_380",1674820000,557190000,57490000,41580000,168920000,2.5e+09,37,34,82,153,1674820000,557190000,57490000,41580000,168920000,2.5e+09,24,17,64,105,0.5,-13,-17,-18
"size_1_381",1425120000,315340000,181100000,9180000,569260000,2.5e+09,35,31,70,136,1425120000,315340000,181100000,9180000,569260000,2.5e+09,23,14,60,97,0.5,-12,-17,-10
"size_1_382",699210000,1373170000,84180000,204180000,139260000,2.5e+09,33,30,68,131,699210000,1373170000,84180000,204180000,139260000,2.5e+09,22,17,64,103,0.5,-11,-13,-4
"size_1_383",1284700000,154460000,29740000,529610000,501490000,2.5e+09,33,37,67,137,1284700000,154460000,29740000,529610000,501490000,2.5e+09,21,15,62,98,0.5,-12,-22,-5
"size_1_384",515710000,1155830000,84150000,71530000,672780000,2.5e+09,36,36,75,147,515710000,1155830000,84150000,71530000,672780000,2.5e+09,31,20,76,127,0.5,-5,-16,1
"size_1_385",682640000,898420000,157970000,105470000,655500000,2.5e+09,40,43,92,175,682640000,898420000,157970000,105470000,655500000,2.5e+09,31,23,78,132,0.5,-9,-20,-14
"size_1_386",564530000,1500100000,89600000,310650000,35120000,2.5e+09,34,28,63,125,564530000,1500100000,89600000,310650000,35120000,2.5e+09,18,15,61,94,0.5,-16,-13,-2
"size_1_387",541690000,1599820000,114280000,210490000,33720000,2.5e+09,33,31,62,126,541690000,1599820000,114280000,210490000,33720000,2.5e+09,20,18,64,102,0.5,-13,-13,2
"size_1_388",731760000,1259680000,22700000,408540000,77320000,2.5e+09,33,29,64,126,731760000,1259680000,22700000,408540000,77320000,2.5e+09,21,15,60,96,0.5,-12,-14,-4
"size_1_389",1481660000,350130000,23840000,417770000,226600000,2.5e+09,33,31,66,130,1481660000,350130000,23840000,417770000,226600000,2.5e+09,19,13,55,87,0.5,-14,-18,-11
"size_1_390",1013620000,537770000,43130000,866940000,38540000,2.5e+09,32,23,57,112,1013620000,537770000,43130000,866940000,38540000,2.5e+09,17,15,53,85,0.5,-15,-8,-4
"size_1_391",700850000,1025500000,57090000,632500000,84060000,2.5e+09,32,26,62,120,700850000,1025500000,57090000,632500000,84060000,2.5e+09,19,15,59,93,0.5,-13,-11,-3
"size_1_392",639070000,467750000,47960000,1270700000,74520000,2.5e+09,33,27,64,124,639070000,467750000,47960000,1270700000,74520000,2.5e+09,17,15,62,94,0.5,-16,-12,-2
"size_1_393",7.03e+08,737600000,65240000,939280000,54880000,2.5e+09,34,29,58,121,7.03e+08,737600000,65240000,939280000,54880000,2.5e+09,19,13,56,88,0.5,-15,-16,-2
"size_1_394",1211450000,313360000,23840000,766950000,184400000,2.5e+09,36,28,66,130,1211450000,313360000,23840000,766950000,184400000,2.5e+09,16,18,55,89,0.5,-20,-10,-11
"size_1_395",1410360000,250770000,49860000,686980000,102030000,2.5e+09,33,29,60,122,1410360000,250770000,49860000,686980000,102030000,2.5e+09,16,16,58,90,0.5,-17,-13,-2
"size_1_396",804090000,519320000,40240000,1087760000,48590000,2.5e+09,33,29,62,124,804090000,519320000,40240000,1087760000,48590000,2.5e+09,18,18,57,93,0.5,-15,-11,-5
"size_1_397",670770000,223410000,32170000,1.508e+09,65650000,2.5e+09,33,30,57,120,670770000,223410000,32170000,1.508e+09,65650000,2.5e+09,16,19,61,96,0.5,-17,-11,4
"size_1_398",339740000,1327600000,75360000,734590000,22710000,2.5e+09,39,29,67,135,339740000,1327600000,75360000,734590000,22710000,2.5e+09,21,19,67,107,0.5,-18,-10,0
"size_1_399",458270000,8.59e+08,43740000,1125620000,13370000,2.5e+09,40,32,73,145,458270000,8.59e+08,43740000,1125620000,13370000,2.5e+09,18,20,70,108,0.5,-22,-12,-3
"size_1_400",472460000,935810000,4.9e+07,1008310000,34420000,2.5e+09,37,30,69,136,472460000,935810000,4.9e+07,1008310000,34420000,2.5e+09,19,20,70,109,0.5,-18,-10,1
"size_1_401",353230000,697750000,88560000,1340760000,19700000,2.5e+09,39,34,70,143,353230000,697750000,88560000,1340760000,19700000,2.5e+09,17,18,64,99,0.5,-22,-16,-6
"size_1_402",1450670000,812020000,84340000,96840000,56130000,2.5e+09,40,31,78,149,1450670000,812020000,84340000,96840000,56130000,2.5e+09,22,22,70,114,0.5,-18,-9,-8
"size_1_403",772680000,1444500000,104580000,137210000,41030000,2.5e+09,39,29,62,130,772680000,1444500000,104580000,137210000,41030000,2.5e+09,18,19,72,109,0.5,-21,-10,10
"size_1_404",715870000,1274080000,82440000,375020000,52590000,2.5e+09,40,32,74,146,715870000,1274080000,82440000,375020000,52590000,2.5e+09,23,21,71,115,0.5,-17,-11,-3
"size_1_405",433540000,1533630000,111800000,382070000,38960000,2.5e+09,37,27,62,126,433540000,1533630000,111800000,382070000,38960000,2.5e+09,24,21,69,114,0.5,-13,-6,7
"size_1_406",43270000,382630000,49220000,5180000,1882080000,2362380000,37,34,83,154,43270000,382630000,49220000,5180000,1882080000,2362380000,27,17,72,116,0.5,-10,-17,-11
"size_1_407",18990000,461990000,106260000,18850000,1615370000,2221460000,36,32,74,142,18990000,461990000,106260000,18850000,1615370000,2221460000,29,23,72,124,0.5,-7,-9,-2
"size_1_408",748800000,1132880000,119810000,93290000,405220000,2.5e+09,39,37,80,156,748800000,1132880000,119810000,93290000,405220000,2.5e+09,27,20,73,120,0.5,-12,-17,-7
"size_1_409",1215140000,620990000,119360000,134390000,410120000,2.5e+09,37,34,76,147,1215140000,620990000,119360000,134390000,410120000,2.5e+09,21,14,62,97,0.5,-16,-20,-14
"size_1_410",181810000,675690000,273260000,58870000,1310370000,2.5e+09,43,33,82,158,181810000,675690000,273260000,58870000,1310370000,2.5e+09,31,21,78,130,0.5,-12,-12,-4
"size_1_411",911590000,516830000,26780000,872370000,172430000,2.5e+09,37,31,67,135,911590000,516830000,26780000,872370000,172430000,2.5e+09,18,18,60,96,0.5,-19,-13,-7
"size_1_412",961840000,449860000,29640000,817270000,241390000,2.5e+09,39,34,72,145,961840000,449860000,29640000,817270000,241390000,2.5e+09,20,17,70,107,0.5,-19,-17,-2
"size_1_413",827450000,493930000,57540000,965210000,155870000,2.5e+09,38,30,70,138,827450000,493930000,57540000,965210000,155870000,2.5e+09,19,22,62,103,0.5,-19,-8,-8
"size_1_414",1486890000,184370000,27660000,297190000,503890000,2.5e+09,38,33,69,140,1486890000,184370000,27660000,297190000,503890000,2.5e+09,19,14,58,91,0.5,-19,-19,-11
"size_1_415",609670000,1065450000,244060000,529690000,51130000,2.5e+09,40,32,71,143,609670000,1065450000,244060000,529690000,51130000,2.5e+09,20,20,68,108,0.5,-20,-12,-3
"size_1_416",1054540000,604890000,57780000,686470000,96320000,2.5e+09,40,33,67,140,1054540000,604890000,57780000,686470000,96320000,2.5e+09,21,19,63,103,0.5,-19,-14,-4
"size_1_417",858520000,401040000,116290000,1027980000,96170000,2.5e+09,38,35,80,153,858520000,401040000,116290000,1027980000,96170000,2.5e+09,24,24,82,130,0.5,-14,-11,2
"size_1_418",1132360000,562260000,100530000,642580000,62270000,2.5e+09,37,29,69,135,1132360000,562260000,100530000,642580000,62270000,2.5e+09,24,22,72,118,0.5,-13,-7,3
"size_1_419",527640000,643190000,75970000,1193210000,59990000,2.5e+09,36,32,73,141,527640000,643190000,75970000,1193210000,59990000,2.5e+09,19,21,70,110,0.5,-17,-11,-3
"size_1_420",342880000,953820000,104120000,1061340000,37840000,2.5e+09,39,33,69,141,342880000,953820000,104120000,1061340000,37840000,2.5e+09,19,18,66,103,0.5,-20,-15,-3
"size_1_421",546480000,417540000,60400000,1448290000,27290000,2.5e+09,37,30,73,140,546480000,417540000,60400000,1448290000,27290000,2.5e+09,17,19,66,102,0.5,-20,-11,-7
"size_1_422",372200000,387170000,88670000,1627100000,24860000,2.5e+09,34,26,62,122,372200000,387170000,88670000,1627100000,24860000,2.5e+09,19,20,75,114,0.5,-15,-6,13
"size_1_423",767680000,1359990000,74110000,286410000,11810000,2.5e+09,40,29,73,142,767680000,1359990000,74110000,286410000,11810000,2.5e+09,19,16,62,97,0.5,-21,-13,-11
"size_1_424",830650000,802460000,72450000,743930000,50510000,2.5e+09,38,29,69,136,830650000,802460000,72450000,743930000,50510000,2.5e+09,20,21,69,110,0.5,-18,-8,0
"size_1_425",824530000,1164690000,47270000,439550000,23960000,2.5e+09,36,27,62,125,824530000,1164690000,47270000,439550000,23960000,2.5e+09,18,18,62,98,0.5,-18,-9,0
"size_1_426",1133620000,216710000,25750000,1083790000,40130000,2.5e+09,36,25,68,129,1133620000,216710000,25750000,1083790000,40130000,2.5e+09,15,18,59,92,0.5,-21,-7,-9
"size_1_427",685490000,1198510000,279240000,31020000,305740000,2.5e+09,34,32,74,140,685490000,1198510000,279240000,31020000,305740000,2.5e+09,23,18,61,102,0.5,-11,-14,-13
"size_1_428",74270000,993400000,97180000,188850000,1146300000,2.5e+09,39,35,89,163,74270000,993400000,97180000,188850000,1146300000,2.5e+09,32,25,83,140,0.5,-7,-10,-6
"size_1_429",835800000,1209310000,168580000,47690000,238620000,2.5e+09,38,37,85,160,835800000,1209310000,168580000,47690000,238620000,2.5e+09,24,19,62,105,0.5,-14,-18,-23
"size_1_430",330160000,666530000,420650000,208060000,874600000,2.5e+09,38,31,77,146,330160000,666530000,420650000,208060000,874600000,2.5e+09,31,23,79,133,0.5,-7,-8,2
"size_1_431",1241600000,546590000,115960000,455220000,140630000,2.5e+09,39,32,73,144,1241600000,546590000,115960000,455220000,140630000,2.5e+09,22,20,63,105,0.5,-17,-12,-10
"size_1_432",998590000,845720000,159300000,210790000,285600000,2.5e+09,38,32,75,145,998590000,845720000,159300000,210790000,285600000,2.5e+09,23,18,65,106,0.5,-15,-14,-10
"size_1_433",1133300000,848930000,99860000,243320000,174590000,2.5e+09,35,40,82,157,1133300000,848930000,99860000,243320000,174590000,2.5e+09,25,20,74,119,0.5,-10,-20,-8
"size_1_434",1144530000,867030000,32360000,113580000,342500000,2.5e+09,35,35,74,144,1144530000,867030000,32360000,113580000,342500000,2.5e+09,23,18,63,104,0.5,-12,-17,-11
"size_1_435",414870000,871720000,472680000,689460000,51270000,2.5e+09,39,35,72,146,414870000,871720000,472680000,689460000,51270000,2.5e+09,22,23,79,124,0.5,-17,-12,7
"size_1_436",849420000,788760000,301210000,475610000,8.5e+07,2.5e+09,35,31,65,131,849420000,788760000,301210000,475610000,8.5e+07,2.5e+09,20,19,65,104,0.5,-15,-12,0
"size_1_437",612710000,1217910000,329110000,187590000,152680000,2.5e+09,42,41,85,168,612710000,1217910000,329110000,187590000,152680000,2.5e+09,26,25,90,141,0.5,-16,-16,5
"size_1_438",691430000,1321580000,158210000,300820000,27960000,2.5e+09,37,34,71,142,691430000,1321580000,158210000,300820000,27960000,2.5e+09,22,19,73,114,0.5,-15,-15,2
"size_1_439",593710000,706560000,182470000,963130000,54130000,2.5e+09,39,32,74,145,593710000,706560000,182470000,963130000,54130000,2.5e+09,21,23,75,119,0.5,-18,-9,1
"size_1_440",668950000,804020000,142250000,849070000,35710000,2.5e+09,37,31,64,132,668950000,804020000,142250000,849070000,35710000,2.5e+09,21,23,77,121,0.5,-16,-8,13
"size_1_441",583440000,1240690000,122670000,512350000,40850000,2.5e+09,39,34,78,151,583440000,1240690000,122670000,512350000,40850000,2.5e+09,22,20,73,115,0.5,-17,-14,-5
"size_1_442",693850000,1020110000,133240000,554020000,98780000,2.5e+09,38,37,79,154,693850000,1020110000,133240000,554020000,98780000,2.5e+09,25,25,86,136,0.5,-13,-12,7
"size_1_443",1069750000,1034570000,34500000,341980000,19200000,2.5e+09,35,29,64,128,1069750000,1034570000,34500000,341980000,19200000,2.5e+09,15,16,58,89,0.5,-20,-13,-6
"size_1_444",790170000,780640000,79390000,810400000,39400000,2.5e+09,36,30,66,132,790170000,780640000,79390000,810400000,39400000,2.5e+09,18,18,66,102,0.5,-18,-12,0
"size_1_445",873390000,1148750000,75230000,374210000,28420000,2.5e+09,37,29,64,130,873390000,1148750000,75230000,374210000,28420000,2.5e+09,19,19,64,102,0.5,-18,-10,0
"size_1_446",712680000,1262280000,228100000,206680000,90260000,2.5e+09,37,30,68,135,712680000,1262280000,228100000,206680000,90260000,2.5e+09,21,24,78,123,0.5,-16,-6,10
"size_1_447",94730000,35600000,161550000,1330000,1879030000,2172240000,31,25,64,120,94730000,35600000,161550000,1330000,1879030000,2172240000,21,13,54,88,0.5,-10,-12,-10
"size_1_448",1120260000,799420000,69410000,131350000,379560000,2.5e+09,37,42,83,162,1120260000,799420000,69410000,131350000,379560000,2.5e+09,25,18,64,107,0.5,-12,-24,-19
"size_1_449",1151500000,661670000,224980000,13800000,448050000,2.5e+09,35,33,82,150,1151500000,661670000,224980000,13800000,448050000,2.5e+09,24,19,70,113,0.5,-11,-14,-12
"size_1_450",1195970000,261440000,51140000,544690000,446760000,2.5e+09,35,40,74,149,1195970000,261440000,51140000,544690000,446760000,2.5e+09,23,18,63,104,0.5,-12,-22,-11
"size_1_451",1156930000,546160000,22260000,216690000,557960000,2.5e+09,33,40,76,149,1156930000,546160000,22260000,216690000,557960000,2.5e+09,25,19,63,107,0.5,-8,-21,-13
"size_1_452",1087380000,762680000,182130000,344700000,123110000,2.5e+09,40,39,78,157,1087380000,762680000,182130000,344700000,123110000,2.5e+09,21,23,75,119,0.5,-19,-16,-3
"size_1_453",1126870000,563680000,261680000,367010000,180760000,2.5e+09,38,40,75,153,1126870000,563680000,261680000,367010000,180760000,2.5e+09,24,17,65,106,0.5,-14,-23,-10
"size_1_454",1324310000,398270000,77300000,594570000,105550000,2.5e+09,39,36,76,151,1324310000,398270000,77300000,594570000,105550000,2.5e+09,21,22,74,117,0.5,-18,-14,-2
"size_1_455",1097080000,576280000,288350000,396830000,141460000,2.5e+09,38,32,78,148,1097080000,576280000,288350000,396830000,141460000,2.5e+09,24,22,74,120,0.5,-14,-10,-4
"size_1_456",973480000,914980000,83370000,478040000,50130000,2.5e+09,38,29,69,136,973480000,914980000,83370000,478040000,50130000,2.5e+09,20,18,69,107,0.5,-18,-11,0
"size_1_457",1092550000,743160000,164050000,464870000,35370000,2.5e+09,37,32,68,137,1092550000,743160000,164050000,464870000,35370000,2.5e+09,22,22,74,118,0.5,-15,-10,6
"size_1_458",418530000,1222930000,52240000,795260000,11040000,2.5e+09,37,29,62,128,418530000,1222930000,52240000,795260000,11040000,2.5e+09,14,17,58,89,0.5,-23,-12,-4
"size_1_459",403310000,1364070000,75570000,647620000,9430000,2.5e+09,37,30,60,127,403310000,1364070000,75570000,647620000,9430000,2.5e+09,19,18,62,99,0.5,-18,-12,2
"size_1_460",345260000,1926680000,149140000,64620000,14300000,2.5e+09,37,30,59,126,345260000,1926680000,149140000,64620000,14300000,2.5e+09,17,18,57,92,0.5,-20,-12,-2
"size_1_461",252770000,2112530000,57450000,61410000,15840000,2.5e+09,34,28,59,121,252770000,2112530000,57450000,61410000,15840000,2.5e+09,17,20,58,95,0.5,-17,-8,-1
"size_1_462",357620000,1020320000,222460000,752980000,146620000,2.5e+09,43,32,80,155,357620000,1020320000,222460000,752980000,146620000,2.5e+09,20,23,73,116,0.5,-23,-9,-7
"size_1_463",431130000,980800000,73890000,1004750000,9430000,2.5e+09,34,29,57,120,431130000,980800000,73890000,1004750000,9430000,2.5e+09,14,16,53,83,0.5,-20,-13,-4
"size_1_464",584670000,1194500000,301440000,348670000,70720000,2.5e+09,37,31,65,133,584670000,1194500000,301440000,348670000,70720000,2.5e+09,18,23,67,108,0.5,-19,-8,2
"size_1_465",527480000,1634260000,225940000,86990000,25330000,2.5e+09,34,28,56,118,527480000,1634260000,225940000,86990000,25330000,2.5e+09,14,17,59,90,0.5,-20,-11,3
"size_1_466",63180000,705630000,69390000,118430000,1342250000,2298880000,32,20,52,104,63180000,705630000,69390000,118430000,1342250000,2298880000,13,13,54,80,0.5,-19,-7,2
"size_1_467",296090000,1129620000,121410000,467270000,485610000,2.5e+09,39,31,65,135,296090000,1129620000,121410000,467270000,485610000,2.5e+09,15,18,59,92,0.5,-24,-13,-6
"size_1_468",278910000,839480000,328920000,953930000,98760000,2.5e+09,40,26,70,136,278910000,839480000,328920000,953930000,98760000,2.5e+09,14,26,66,106,0.5,-26,0,-4
"size_1_469",88480000,202570000,104480000,443510000,1401870000,2240910000,41,28,70,139,88480000,202570000,104480000,443510000,1401870000,2240910000,13,19,64,96,0.5,-28,-9,-6
"size_1_470",99760000,787050000,194610000,233350000,1185230000,2.5e+09,41,27,70,138,99760000,787050000,194610000,233350000,1185230000,2.5e+09,15,23,66,104,0.5,-26,-4,-4
"size_1_471",60450000,1960910000,223660000,246460000,8520000,2.5e+09,40,27,66,133,60450000,1960910000,223660000,246460000,8520000,2.5e+09,12,26,67,105,0.5,-28,-1,1
"size_1_472",64570000,1210400000,603050000,351470000,270510000,2.5e+09,36,26,66,128,64570000,1210400000,603050000,351470000,270510000,2.5e+09,18,22,68,108,0.5,-18,-4,2
"size_1_473",61970000,782360000,93820000,146590000,1377970000,2462710000,44,32,73,149,61970000,782360000,93820000,146590000,1377970000,2462710000,17,28,69,114,0.5,-27,-4,-4
"size_1_474",9980000,298230000,50790000,54180000,2047130000,2460310000,32,18,50,100,9980000,298230000,50790000,54180000,2047130000,2460310000,12,20,57,89,0.5,-20,2,7
"size_1_475",191190000,1912840000,151360000,184050000,60560000,2.5e+09,43,31,74,148,191190000,1912840000,151360000,184050000,60560000,2.5e+09,20,28,73,121,0.5,-23,-3,-1
"size_1_476",60010000,615100000,48270000,85640000,1440740000,2249760000,40,27,71,138,60010000,615100000,48270000,85640000,1440740000,2249760000,16,29,62,107,0.5,-24,2,-9
"size_1_477",115500000,1807610000,182160000,358250000,36480000,2.5e+09,44,30,77,151,115500000,1807610000,182160000,358250000,36480000,2.5e+09,15,24,64,103,0.5,-29,-6,-13
"size_1_478",582400000,1559040000,297910000,43070000,17580000,2.5e+09,36,31,56,123,582400000,1559040000,297910000,43070000,17580000,2.5e+09,24,21,64,109,0.5,-12,-10,8
"size_1_479",426660000,1762880000,206660000,51250000,52550000,2.5e+09,37,29,65,131,426660000,1762880000,206660000,51250000,52550000,2.5e+09,18,21,69,108,0.5,-19,-8,4
"size_1_480",795090000,1102670000,501170000,22570000,78500000,2.5e+09,39,32,65,136,795090000,1102670000,501170000,22570000,78500000,2.5e+09,23,23,72,118,0.5,-16,-9,7
"size_1_481",437150000,1800920000,132030000,100340000,29560000,2.5e+09,39,29,66,134,437150000,1800920000,132030000,100340000,29560000,2.5e+09,18,21,66,105,0.5,-21,-8,0
"size_1_482",349980000,1591790000,153390000,389160000,15680000,2.5e+09,35,28,55,118,349980000,1591790000,153390000,389160000,15680000,2.5e+09,17,20,50,87,0.5,-18,-8,-5
"size_1_483",641890000,1501060000,250300000,46530000,60220000,2.5e+09,39,30,69,138,641890000,1501060000,250300000,46530000,60220000,2.5e+09,20,19,69,108,0.5,-19,-11,0
"size_1_484",137940000,831840000,114180000,214490000,1197640000,2496090000,45,34,86,165,137940000,831840000,114180000,214490000,1197640000,2496090000,25,24,78,127,0.5,-20,-10,-8
"size_1_485",300600000,1767600000,136370000,262550000,32880000,2.5e+09,38,29,68,135,300600000,1767600000,136370000,262550000,32880000,2.5e+09,15,17,61,93,0.5,-23,-12,-7
"size_1_486",109600000,1778680000,394730000,178820000,38170000,2.5e+09,35,28,60,123,109600000,1778680000,394730000,178820000,38170000,2.5e+09,16,17,61,94,0.5,-19,-11,1
"size_1_487",145330000,2086380000,170160000,30730000,67400000,2.5e+09,38,29,61,128,145330000,2086380000,170160000,30730000,67400000,2.5e+09,19,19,67,105,0.5,-19,-10,6
"size_1_488",58510000,793100000,122480000,102120000,1409740000,2485950000,41,33,75,149,58510000,793100000,122480000,102120000,1409740000,2485950000,23,23,72,118,0.5,-18,-10,-3
"size_1_489",64990000,2020230000,250500000,150850000,13430000,2.5e+09,38,31,65,134,64990000,2020230000,250500000,150850000,13430000,2.5e+09,25,24,71,120,0.5,-13,-7,6
"size_1_490",24440000,345990000,77900000,167070000,1370400000,1985800000,34,23,62,119,24440000,345990000,77900000,167070000,1370400000,1985800000,14,24,61,99,0.5,-20,1,-1
"size_1_491",406470000,1901560000,95170000,21530000,75270000,2.5e+09,38,29,61,128,406470000,1901560000,95170000,21530000,75270000,2.5e+09,21,23,69,113,0.5,-17,-6,8
"size_1_492",649260000,1655660000,117780000,35440000,41860000,2.5e+09,42,30,76,148,649260000,1655660000,117780000,35440000,41860000,2.5e+09,19,22,65,106,0.5,-23,-8,-11
"size_1_493",217830000,2061840000,113840000,23440000,83050000,2.5e+09,40,30,61,131,217830000,2061840000,113840000,23440000,83050000,2.5e+09,21,20,61,102,0.5,-19,-10,0
"size_1_494",788380000,1402180000,101930000,170120000,37390000,2.5e+09,38,29,64,131,788380000,1402180000,101930000,170120000,37390000,2.5e+09,20,22,66,108,0.5,-18,-7,2
"size_1_495",743540000,1417980000,171080000,119040000,48360000,2.5e+09,42,30,74,146,743540000,1417980000,171080000,119040000,48360000,2.5e+09,20,23,69,112,0.5,-22,-7,-5
"size_1_496",552540000,1692020000,109960000,126930000,18550000,2.5e+09,33,23,55,111,552540000,1692020000,109960000,126930000,18550000,2.5e+09,15,20,58,93,0.5,-18,-3,3
"size_1_497",324070000,1895270000,145500000,86890000,48270000,2.5e+09,43,32,70,145,324070000,1895270000,145500000,86890000,48270000,2.5e+09,21,21,62,104,0.5,-22,-11,-8
"size_1_498",504120000,1791320000,110050000,41860000,52650000,2.5e+09,41,32,65,138,504120000,1791320000,110050000,41860000,52650000,2.5e+09,18,20,61,99,0.5,-23,-12,-4
"size_1_499",216930000,1508320000,482570000,227120000,65060000,2.5e+09,41,30,67,138,216930000,1508320000,482570000,227120000,65060000,2.5e+09,24,22,69,115,0.5,-17,-8,2
"size_1_500",142190000,2024170000,173970000,140250000,19420000,2.5e+09,36,29,61,126,142190000,2024170000,173970000,140250000,19420000,2.5e+09,19,20,65,104,0.5,-17,-9,4
"size_1_501",388770000,1069500000,437660000,548740000,55330000,2.5e+09,38,25,63,126,388770000,1069500000,437660000,548740000,55330000,2.5e+09,18,21,69,108,0.5,-20,-4,6
"size_1_502",478330000,952950000,119250000,934730000,14740000,2.5e+09,40,28,66,134,478330000,952950000,119250000,934730000,14740000,2.5e+09,18,21,71,110,0.5,-22,-7,5
"size_1_503",61750000,1315680000,375150000,207590000,539830000,2.5e+09,43,26,76,145,61750000,1315680000,375150000,207590000,539830000,2.5e+09,26,29,77,132,0.5,-17,3,1
"size_1_504",51660000,1524720000,744210000,155830000,23580000,2.5e+09,35,25,60,120,51660000,1524720000,744210000,155830000,23580000,2.5e+09,20,22,67,109,0.5,-15,-3,7
"size_1_505",97840000,1262810000,587530000,123480000,428340000,2.5e+09,44,26,79,149,97840000,1262810000,587530000,123480000,428340000,2.5e+09,26,29,85,140,0.5,-18,3,6
"size_1_506",26330000,102840000,329390000,1.42e+08,1593690000,2194250000,44,27,70,141,26330000,102840000,329390000,1.42e+08,1593690000,2194250000,21,24,73,118,0.5,-23,-3,3
"size_1_507",49590000,1145740000,236940000,105950000,961780000,2.5e+09,45,29,76,150,49590000,1145740000,236940000,105950000,961780000,2.5e+09,23,33,86,142,0.5,-22,4,10
"size_1_508",701700000,1348660000,93470000,201250000,154920000,2.5e+09,41,32,72,145,701700000,1348660000,93470000,201250000,154920000,2.5e+09,21,26,74,121,0.5,-20,-6,2
"size_1_509",1110530000,1166090000,56740000,135010000,31630000,2.5e+09,39,29,58,126,1110530000,1166090000,56740000,135010000,31630000,2.5e+09,17,18,65,100,0.5,-22,-11,7
"size_1_510",1038580000,1035250000,54560000,316690000,54920000,2.5e+09,37,29,68,134,1038580000,1035250000,54560000,316690000,54920000,2.5e+09,19,16,61,96,0.5,-18,-13,-7
"size_1_511",884940000,840260000,74870000,674940000,24990000,2.5e+09,34,25,54,113,884940000,840260000,74870000,674940000,24990000,2.5e+09,15,15,56,86,0.5,-19,-10,2
"size_1_512",536950000,1263930000,46020000,590270000,62830000,2.5e+09,42,34,74,150,536950000,1263930000,46020000,590270000,62830000,2.5e+09,22,24,70,116,0.5,-20,-10,-4
"size_1_513",464810000,1630430000,76420000,195640000,132700000,2.5e+09,39,34,73,146,464810000,1630430000,76420000,195640000,132700000,2.5e+09,24,23,74,121,0.5,-15,-11,1
"size_1_514",743180000,1054930000,126090000,537940000,37860000,2.5e+09,41,29,76,146,743180000,1054930000,126090000,537940000,37860000,2.5e+09,20,24,69,113,0.5,-21,-5,-7
"size_1_515",885510000,1119740000,64180000,383510000,47060000,2.5e+09,40,32,74,146,885510000,1119740000,64180000,383510000,47060000,2.5e+09,21,24,72,117,0.5,-19,-8,-2
"size_1_516",629750000,1170110000,458800000,198600000,42740000,2.5e+09,33,23,58,114,629750000,1170110000,458800000,198600000,42740000,2.5e+09,15,20,64,99,0.5,-18,-3,6
"size_1_517",1359770000,402180000,152650000,524580000,60820000,2.5e+09,38,31,74,143,1359770000,402180000,152650000,524580000,60820000,2.5e+09,17,21,67,105,0.5,-21,-10,-7
"size_1_518",1115020000,673160000,193530000,463360000,54930000,2.5e+09,32,24,64,120,1115020000,673160000,193530000,463360000,54930000,2.5e+09,17,16,56,89,0.5,-15,-8,-8
"size_1_519",1155170000,692010000,123740000,479170000,49910000,2.5e+09,35,26,68,129,1155170000,692010000,123740000,479170000,49910000,2.5e+09,18,18,61,97,0.5,-17,-8,-7
"size_1_520",358030000,924580000,750240000,401400000,65750000,2.5e+09,40,24,68,132,358030000,924580000,750240000,401400000,65750000,2.5e+09,21,28,71,120,0.5,-19,4,3
"size_1_521",487090000,1186940000,478300000,144780000,202890000,2.5e+09,43,27,80,150,487090000,1186940000,478300000,144780000,202890000,2.5e+09,23,29,82,134,0.5,-20,2,2
"size_1_522",240360000,1247180000,765920000,169080000,77460000,2.5e+09,41,28,74,143,240360000,1247180000,765920000,169080000,77460000,2.5e+09,22,26,79,127,0.5,-19,-2,5
"size_1_523",40010000,337890000,654130000,1219840000,248130000,2.5e+09,44,29,78,151,40010000,337890000,654130000,1219840000,248130000,2.5e+09,27,34,82,143,0.5,-17,5,4
"size_1_524",210600000,1143490000,487180000,455170000,203560000,2.5e+09,43,33,82,158,210600000,1143490000,487180000,455170000,203560000,2.5e+09,24,31,84,139,0.5,-19,-2,2
"size_1_525",7e+08,525300000,385500000,660820000,228380000,2.5e+09,42,33,80,155,7e+08,525300000,385500000,660820000,228380000,2.5e+09,25,32,83,140,0.5,-17,-1,3
"size_1_526",282880000,1295390000,462510000,361410000,97810000,2.5e+09,45,28,78,151,282880000,1295390000,462510000,361410000,97810000,2.5e+09,21,34,81,136,0.5,-24,6,3
"size_1_527",14670000,355860000,55010000,117150000,1957310000,2.5e+09,40,25,75,140,14670000,355860000,55010000,117150000,1957310000,2.5e+09,21,26,72,119,0.5,-19,1,-3
"size_1_528",72780000,407990000,474650000,698610000,845970000,2.5e+09,43,31,77,151,72780000,407990000,474650000,698610000,845970000,2.5e+09,23,30,75,128,0.5,-20,-1,-2
"size_1_529",36720000,134710000,145610000,1339520000,843440000,2.5e+09,40,29,77,146,36720000,134710000,145610000,1339520000,843440000,2.5e+09,21,33,78,132,0.5,-19,4,1
"size_1_530",241260000,917970000,193010000,248650000,899110000,2.5e+09,45,38,89,172,241260000,917970000,193010000,248650000,899110000,2.5e+09,26,35,87,148,0.5,-19,-3,-2
"size_1_531",4460000,178220000,30180000,321230000,1964230000,2498320000,39,29,67,135,4460000,178220000,30180000,321230000,1964230000,2498320000,21,31,74,126,0.5,-18,2,7
"size_1_532",729790000,810290000,200180000,655390000,104350000,2.5e+09,41,30,68,139,729790000,810290000,200180000,655390000,104350000,2.5e+09,18,20,65,103,0.5,-23,-10,-3
"size_1_533",975380000,623670000,82780000,793140000,25030000,2.5e+09,37,26,64,127,975380000,623670000,82780000,793140000,25030000,2.5e+09,20,19,61,100,0.5,-17,-7,-3
"size_1_534",108100000,282300000,11920000,15120000,1965040000,2382480000,42,33,78,153,108100000,282300000,11920000,15120000,1965040000,2382480000,11,26,55,92,0.5,-31,-7,-23
"size_1_535",32610000,129250000,46130000,28900000,2191060000,2427950000,42,31,79,152,32610000,129250000,46130000,28900000,2191060000,2427950000,15,25,57,97,0.5,-27,-6,-22
"size_1_536",0,15670000,0,0,1463900000,1479570000,26,20,49,95,0,15670000,0,0,1463900000,1479570000,10,20,41,71,0.5,-16,0,-8
"size_1_537",759080000,261390000,8320000,37570000,1433640000,2.5e+09,38,31,79,148,759080000,261390000,8320000,37570000,1433640000,2.5e+09,13,28,60,101,0.5,-25,-3,-19
"size_1_538",349430000,587950000,130200000,95820000,1336600000,2.5e+09,41,39,90,170,349430000,587950000,130200000,95820000,1336600000,2.5e+09,18,35,71,124,0.5,-23,-4,-19
"size_1_539",660700000,138190000,105210000,2220000,1593680000,2.5e+09,39,27,68,134,660700000,138190000,105210000,2220000,1593680000,2.5e+09,14,27,57,98,0.5,-25,0,-11
"size_1_540",513630000,215760000,31280000,8910000,1730420000,2.5e+09,39,31,73,143,513630000,215760000,31280000,8910000,1730420000,2.5e+09,13,28,60,101,0.5,-26,-3,-13
"size_1_541",609610000,86340000,1100000,9690000,1793260000,2.5e+09,37,25,69,131,609610000,86340000,1100000,9690000,1793260000,2.5e+09,14,29,50,93,0.5,-23,4,-19
"size_1_542",1168520000,416040000,206470000,497780000,211190000,2.5e+09,36,34,73,143,1168520000,416040000,206470000,497780000,211190000,2.5e+09,24,19,60,103,0.5,-12,-15,-13
"size_1_543",695800000,269280000,79280000,4360000,1451280000,2.5e+09,35,27,68,130,695800000,269280000,79280000,4360000,1451280000,2.5e+09,12,29,62,103,0.5,-23,2,-6
"size_1_544",193230000,88850000,5670000,4240000,2208010000,2.5e+09,43,32,77,152,193230000,88850000,5670000,4240000,2208010000,2.5e+09,12,21,51,84,0.5,-31,-11,-26
"size_1_545",553710000,127030000,9510000,440000,1809310000,2.5e+09,38,27,73,138,553710000,127030000,9510000,440000,1809310000,2.5e+09,9,28,55,92,0.5,-29,1,-18
"size_1_546",640000,19720000,550000,2260000,1739640000,1762810000,42,33,78,153,640000,19720000,550000,2260000,1739640000,1762810000,13,24,49,86,0.5,-29,-9,-29
"size_1_547",414420000,238640000,149250000,4740000,1692950000,2.5e+09,32,26,63,121,414420000,238640000,149250000,4740000,1692950000,2.5e+09,23,19,62,104,0.5,-9,-7,-1
"size_1_548",1040180000,493340000,39320000,238870000,688290000,2.5e+09,39,39,80,158,1040180000,493340000,39320000,238870000,688290000,2.5e+09,29,17,67,113,0.5,-10,-22,-13
"size_1_549",1238490000,549960000,141510000,109440000,460600000,2.5e+09,37,29,74,140,1238490000,549960000,141510000,109440000,460600000,2.5e+09,23,16,58,97,0.5,-14,-13,-16
"size_1_550",425610000,90270000,14990000,576050000,1393080000,2.5e+09,31,37,66,134,425610000,90270000,14990000,576050000,1393080000,2.5e+09,17,14,51,82,0.5,-14,-23,-15
"size_1_551",907330000,440130000,42190000,414850000,695500000,2.5e+09,32,38,71,141,907330000,440130000,42190000,414850000,695500000,2.5e+09,25,19,59,103,0.5,-7,-19,-12
"size_1_552",1014620000,225930000,87220000,623310000,548920000,2.5e+09,29,32,62,123,1014620000,225930000,87220000,623310000,548920000,2.5e+09,24,17,61,102,0.5,-5,-15,-1
"size_1_553",1310080000,64310000,6170000,523360000,596080000,2.5e+09,34,35,69,138,1310080000,64310000,6170000,523360000,596080000,2.5e+09,20,19,52,91,0.5,-14,-16,-17
"size_1_554",751150000,186960000,352150000,154500000,1055240000,2.5e+09,34,35,72,141,751150000,186960000,352150000,154500000,1055240000,2.5e+09,23,17,62,102,0.5,-11,-18,-10
"size_1_555",1155640000,124580000,44390000,324250000,851140000,2.5e+09,32,36,68,136,1155640000,124580000,44390000,324250000,851140000,2.5e+09,18,17,53,88,0.5,-14,-19,-15
"size_1_556",69600000,25090000,147830000,11300000,1.646e+09,1899820000,30,21,49,100,69600000,25090000,147830000,11300000,1.646e+09,1899820000,21,16,52,89,0.5,-9,-5,3
"size_1_557",832480000,39240000,34400000,451850000,1142030000,2.5e+09,35,33,66,134,832480000,39240000,34400000,451850000,1142030000,2.5e+09,15,15,51,81,0.5,-20,-18,-15
"size_1_558",636190000,58860000,18780000,492570000,1293600000,2.5e+09,33,32,66,131,636190000,58860000,18780000,492570000,1293600000,2.5e+09,17,15,46,78,0.5,-16,-17,-20
"size_1_559",660220000,1211800000,305020000,63510000,259450000,2.5e+09,36,38,79,153,660220000,1211800000,305020000,63510000,259450000,2.5e+09,23,19,63,105,0.5,-13,-19,-16
"size_1_560",913430000,998440000,89230000,81010000,417890000,2.5e+09,33,34,63,130,913430000,998440000,89230000,81010000,417890000,2.5e+09,23,18,58,99,0.5,-10,-16,-5
"size_1_561",679890000,72440000,77770000,555090000,1114810000,2.5e+09,34,35,68,137,679890000,72440000,77770000,555090000,1114810000,2.5e+09,21,16,56,93,0.5,-13,-19,-12
"size_1_562",573650000,56500000,40870000,718080000,1110900000,2.5e+09,29,33,61,123,573650000,56500000,40870000,718080000,1110900000,2.5e+09,18,14,52,84,0.5,-11,-19,-9
"size_1_563",560470000,129780000,37640000,241310000,1530800000,2.5e+09,31,33,66,130,560470000,129780000,37640000,241310000,1530800000,2.5e+09,20,15,51,86,0.5,-11,-18,-15
"size_1_564",641600000,281420000,70710000,210930000,1295340000,2.5e+09,36,39,72,147,641600000,281420000,70710000,210930000,1295340000,2.5e+09,20,13,52,85,0.5,-16,-26,-20
"size_1_565",640210000,1210870000,210020000,209350000,229550000,2.5e+09,46,40,86,172,640210000,1210870000,210020000,209350000,229550000,2.5e+09,28,23,76,127,0.5,-18,-17,-10
"size_1_566",980110000,217910000,182550000,478370000,641060000,2.5e+09,41,39,85,165,980110000,217910000,182550000,478370000,641060000,2.5e+09,26,21,71,118,0.5,-15,-18,-14
"size_1_567",646080000,670430000,177910000,711180000,294400000,2.5e+09,38,36,77,151,646080000,670430000,177910000,711180000,294400000,2.5e+09,22,19,68,109,0.5,-16,-17,-9
"size_1_568",595110000,174580000,117290000,602870000,1010150000,2.5e+09,38,38,79,155,595110000,174580000,117290000,602870000,1010150000,2.5e+09,25,17,56,98,0.5,-13,-21,-23
"size_1_569",1209080000,606010000,236980000,396160000,51770000,2.5e+09,37,37,77,151,1209080000,606010000,236980000,396160000,51770000,2.5e+09,20,21,66,107,0.5,-17,-16,-11
"size_1_570",983190000,579200000,100330000,747040000,90240000,2.5e+09,42,36,76,154,983190000,579200000,100330000,747040000,90240000,2.5e+09,22,17,60,99,0.5,-20,-19,-16
"size_1_571",846320000,1118110000,377750000,104030000,53790000,2.5e+09,42,35,77,154,846320000,1118110000,377750000,104030000,53790000,2.5e+09,22,26,78,126,0.5,-20,-9,1
"size_1_572",933110000,992900000,249030000,240080000,84880000,2.5e+09,41,35,80,156,933110000,992900000,249030000,240080000,84880000,2.5e+09,24,24,72,120,0.5,-17,-11,-8
"size_1_573",944110000,269240000,55180000,101930000,1129540000,2.5e+09,34,31,64,129,944110000,269240000,55180000,101930000,1129540000,2.5e+09,19,16,52,87,0.5,-15,-15,-12
"size_1_574",517880000,1795080000,130910000,41300000,14830000,2.5e+09,30,26,60,116,517880000,1795080000,130910000,41300000,14830000,2.5e+09,22,15,53,90,0.5,-8,-11,-7
"size_1_575",1064310000,1190360000,69110000,94390000,81830000,2.5e+09,34,26,63,123,1064310000,1190360000,69110000,94390000,81830000,2.5e+09,18,13,50,81,0.5,-16,-13,-13
"size_1_576",190850000,2074520000,133470000,5330000,95830000,2.5e+09,32,30,70,132,190850000,2074520000,133470000,5330000,95830000,2.5e+09,23,20,61,104,0.5,-9,-10,-9
"size_1_577",935320000,478700000,118770000,63370000,903840000,2.5e+09,32,24,58,114,935320000,478700000,118770000,63370000,903840000,2.5e+09,16,11,50,77,0.5,-16,-13,-8
"size_1_578",1041540000,82170000,60100000,180050000,1136140000,2.5e+09,31,34,68,133,1041540000,82170000,60100000,180050000,1136140000,2.5e+09,19,15,46,80,0.5,-12,-19,-22
"size_1_579",396060000,1708930000,174090000,59150000,161770000,2.5e+09,36,38,80,154,396060000,1708930000,174090000,59150000,161770000,2.5e+09,24,21,72,117,0.5,-12,-17,-8
"size_1_580",1110260000,485770000,545500000,30970000,327500000,2.5e+09,34,34,75,143,1110260000,485770000,545500000,30970000,327500000,2.5e+09,27,21,66,114,0.5,-7,-13,-9
"size_1_581",183600000,1961030000,272590000,4360000,78420000,2.5e+09,32,27,64,123,183600000,1961030000,272590000,4360000,78420000,2.5e+09,25,20,64,109,0.5,-7,-7,0
"size_1_582",724880000,182280000,47990000,650160000,894690000,2.5e+09,33,31,66,130,724880000,182280000,47990000,650160000,894690000,2.5e+09,20,20,57,97,0.5,-13,-11,-9
"size_1_583",594390000,61630000,58730000,362350000,1422900000,2.5e+09,32,36,69,137,594390000,61630000,58730000,362350000,1422900000,2.5e+09,21,16,51,88,0.5,-11,-20,-18
"size_1_584",402410000,27610000,25530000,707570000,1336880000,2.5e+09,29,31,63,123,402410000,27610000,25530000,707570000,1336880000,2.5e+09,19,15,55,89,0.5,-10,-16,-8
"size_1_585",1270130000,78660000,71810000,2.03e+08,876400000,2.5e+09,33,35,70,138,1270130000,78660000,71810000,2.03e+08,876400000,2.5e+09,21,20,62,103,0.5,-12,-15,-8
"size_1_586",1301920000,503400000,236430000,413480000,44770000,2.5e+09,41,28,76,145,1301920000,503400000,236430000,413480000,44770000,2.5e+09,20,20,68,108,0.5,-21,-8,-8
"size_1_587",794460000,1120330000,297100000,207770000,80340000,2.5e+09,41,31,76,148,794460000,1120330000,297100000,207770000,80340000,2.5e+09,22,19,67,108,0.5,-19,-12,-9
"size_1_588",842490000,1061330000,324970000,223770000,47440000,2.5e+09,42,26,73,141,842490000,1061330000,324970000,223770000,47440000,2.5e+09,20,22,70,112,0.5,-22,-4,-3
"size_1_589",714450000,680780000,325300000,409320000,370150000,2.5e+09,44,36,85,165,714450000,680780000,325300000,409320000,370150000,2.5e+09,26,22,73,121,0.5,-18,-14,-12
"size_1_590",6.29e+08,238150000,142810000,13610000,1433430000,2.457e+09,31,27,50,108,6.29e+08,238150000,142810000,13610000,1433430000,2.457e+09,25,15,57,97,0.5,-6,-12,7
"size_1_591",597670000,1616530000,86150000,19730000,179920000,2.5e+09,34,34,75,143,597670000,1616530000,86150000,19730000,179920000,2.5e+09,26,22,69,117,0.5,-8,-12,-6
"size_1_592",1550980000,281200000,42230000,90970000,534620000,2.5e+09,29,28,65,122,1550980000,281200000,42230000,90970000,534620000,2.5e+09,16,12,49,77,0.5,-13,-16,-16
"size_1_593",243830000,1966070000,144260000,5060000,140780000,2.5e+09,31,28,55,114,243830000,1966070000,144260000,5060000,140780000,2.5e+09,25,20,64,109,0.5,-6,-8,9
"size_1_594",1606910000,654120000,22760000,58620000,157590000,2.5e+09,29,28,56,113,1606910000,654120000,22760000,58620000,157590000,2.5e+09,14,12,50,76,0.5,-15,-16,-6
"size_1_595",1024410000,578300000,506500000,111330000,279460000,2.5e+09,40,40,78,158,1024410000,578300000,506500000,111330000,279460000,2.5e+09,25,21,68,114,0.5,-15,-19,-10
"size_1_596",34550000,1713660000,627560000,67520000,56710000,2.5e+09,35,26,59,120,34550000,1713660000,627560000,67520000,56710000,2.5e+09,24,15,62,101,0.5,-11,-11,3
"size_1_597",1239530000,447660000,231950000,208350000,372510000,2.5e+09,38,36,74,148,1239530000,447660000,231950000,208350000,372510000,2.5e+09,28,21,61,110,0.5,-10,-15,-13
"size_1_598",37280000,2119880000,290270000,17970000,34600000,2.5e+09,36,28,60,124,37280000,2119880000,290270000,17970000,34600000,2.5e+09,23,16,57,96,0.5,-13,-12,-3
"size_1_599",690020000,57130000,51870000,790670000,910310000,2.5e+09,31,32,64,127,690020000,57130000,51870000,790670000,910310000,2.5e+09,19,16,55,90,0.5,-12,-16,-9
"size_1_600",1031840000,98560000,62750000,309060000,997790000,2.5e+09,36,35,71,142,1031840000,98560000,62750000,309060000,997790000,2.5e+09,21,15,61,97,0.5,-15,-20,-10
"size_1_601",400140000,8950000,27680000,615840000,1447390000,2.5e+09,27,32,55,114,400140000,8950000,27680000,615840000,1447390000,2.5e+09,18,15,47,80,0.5,-9,-17,-8
"size_1_602",783390000,121970000,39750000,312080000,1242810000,2.5e+09,29,31,64,124,783390000,121970000,39750000,312080000,1242810000,2.5e+09,24,16,58,98,0.5,-5,-15,-6
"size_1_603",480140000,921750000,293630000,298340000,506140000,2.5e+09,43,30,77,150,480140000,921750000,293630000,298340000,506140000,2.5e+09,19,27,75,121,0.5,-24,-3,-2
"size_1_604",878650000,236710000,177340000,878080000,329220000,2.5e+09,35,36,70,141,878650000,236710000,177340000,878080000,329220000,2.5e+09,22,18,64,104,0.5,-13,-18,-6
"size_1_605",798640000,60840000,166370000,1402310000,71840000,2.5e+09,42,36,77,155,798640000,60840000,166370000,1402310000,71840000,2.5e+09,22,21,72,115,0.5,-20,-15,-5
"size_1_606",853310000,27900000,105900000,949500000,563390000,2.5e+09,33,31,66,130,853310000,27900000,105900000,949500000,563390000,2.5e+09,19,13,58,90,0.5,-14,-18,-8
"size_1_607",501390000,542470000,48050000,35740000,1372350000,2.5e+09,33,23,50,106,501390000,542470000,48050000,35740000,1372350000,2.5e+09,22,13,48,83,0.5,-11,-10,-2
"size_1_608",1216750000,996140000,34010000,125340000,127760000,2.5e+09,28,23,49,100,1216750000,996140000,34010000,125340000,127760000,2.5e+09,20,12,44,76,0.5,-8,-11,-5
"size_1_609",409460000,1089130000,34230000,41680000,925500000,2.5e+09,33,23,59,115,409460000,1089130000,34230000,41680000,925500000,2.5e+09,25,16,56,97,0.5,-8,-7,-3
"size_1_610",1541900000,612110000,143750000,70700000,131540000,2.5e+09,34,33,61,128,1541900000,612110000,143750000,70700000,131540000,2.5e+09,25,18,72,115,0.5,-9,-15,11
"size_1_611",536460000,1284280000,192190000,18610000,468460000,2.5e+09,33,23,61,117,536460000,1284280000,192190000,18610000,468460000,2.5e+09,26,18,60,104,0.5,-7,-5,-1
"size_1_612",1343560000,826630000,179890000,50340000,99580000,2.5e+09,31,28,57,116,1343560000,826630000,179890000,50340000,99580000,2.5e+09,22,19,56,97,0.5,-9,-9,-1
"size_1_613",893740000,1404890000,127550000,20650000,53170000,2.5e+09,31,23,55,109,893740000,1404890000,127550000,20650000,53170000,2.5e+09,22,16,44,82,0.5,-9,-7,-11
"size_1_614",44820000,2109150000,230960000,1980000,113090000,2.5e+09,32,28,65,125,44820000,2109150000,230960000,1980000,113090000,2.5e+09,23,19,63,105,0.5,-9,-9,-2
"size_1_615",803680000,1391890000,117390000,36230000,150810000,2.5e+09,28,29,62,119,803680000,1391890000,117390000,36230000,150810000,2.5e+09,22,15,59,96,0.5,-6,-14,-3
"size_1_616",18500000,2292360000,123270000,290000,65580000,2.5e+09,29,21,54,104,18500000,2292360000,123270000,290000,65580000,2.5e+09,24,18,56,98,0.5,-5,-3,2
"size_1_617",483710000,1619160000,226820000,40020000,130290000,2.5e+09,35,33,71,139,483710000,1619160000,226820000,40020000,130290000,2.5e+09,24,22,64,110,0.5,-11,-11,-7
"size_1_618",1428450000,266610000,66760000,194930000,543250000,2.5e+09,32,34,70,136,1428450000,266610000,66760000,194930000,543250000,2.5e+09,19,16,56,91,0.5,-13,-18,-14
"size_1_619",94710000,1807480000,287090000,66250000,244470000,2.5e+09,37,30,71,138,94710000,1807480000,287090000,66250000,244470000,2.5e+09,23,19,66,108,0.5,-14,-11,-5
"size_1_620",1412780000,471920000,150930000,308240000,156130000,2.5e+09,34,33,71,138,1412780000,471920000,150930000,308240000,156130000,2.5e+09,21,17,57,95,0.5,-13,-16,-14
"size_1_621",216350000,1928740000,293880000,32100000,28930000,2.5e+09,31,26,56,113,216350000,1928740000,293880000,32100000,28930000,2.5e+09,22,15,51,88,0.5,-9,-11,-5
"size_1_622",551600000,83850000,17380000,380760000,1466410000,2.5e+09,31,32,66,129,551600000,83850000,17380000,380760000,1466410000,2.5e+09,21,17,51,89,0.5,-10,-15,-15
"size_1_623",1087540000,200940000,46720000,388230000,776570000,2.5e+09,33,30,63,126,1087540000,200940000,46720000,388230000,776570000,2.5e+09,23,17,54,94,0.5,-10,-13,-9
"size_1_624",1528790000,402640000,104810000,117480000,346280000,2.5e+09,33,31,67,131,1528790000,402640000,104810000,117480000,346280000,2.5e+09,23,18,57,98,0.5,-10,-13,-10
"size_1_625",986300000,3360000,98690000,1140540000,271110000,2.5e+09,37,33,72,142,986300000,3360000,98690000,1140540000,271110000,2.5e+09,19,19,65,103,0.5,-18,-14,-7
"size_1_626",841060000,2.1e+07,79390000,684330000,874220000,2.5e+09,25,28,48,101,841060000,2.1e+07,79390000,684330000,874220000,2.5e+09,18,12,49,79,0.5,-7,-16,1
"size_1_627",1280930000,11660000,78960000,668090000,460360000,2.5e+09,39,37,72,148,1280930000,11660000,78960000,668090000,460360000,2.5e+09,20,20,67,107,0.5,-19,-17,-5
"size_1_628",850970000,74050000,122150000,562270000,890560000,2.5e+09,31,27,60,118,850970000,74050000,122150000,562270000,890560000,2.5e+09,21,16,53,90,0.5,-10,-11,-7
"size_1_629",204720000,872360000,38150000,43350000,1256580000,2415160000,30,23,47,100,204720000,872360000,38150000,43350000,1256580000,2415160000,24,17,55,96,0.5,-6,-6,8
"size_1_630",575720000,1643750000,53900000,102440000,124190000,2.5e+09,31,25,57,113,575720000,1643750000,53900000,102440000,124190000,2.5e+09,20,15,53,88,0.5,-11,-10,-4
"size_1_631",728890000,1435370000,23080000,150140000,162520000,2.5e+09,31,22,51,104,728890000,1435370000,23080000,150140000,162520000,2.5e+09,22,13,54,89,0.5,-9,-9,3
"size_1_632",1473480000,824930000,32540000,38630000,130420000,2.5e+09,30,25,53,108,1473480000,824930000,32540000,38630000,130420000,2.5e+09,14,13,47,74,0.5,-16,-12,-6
"size_1_633",1292470000,924620000,81160000,65730000,136020000,2.5e+09,32,26,57,115,1292470000,924620000,81160000,65730000,136020000,2.5e+09,22,16,56,94,0.5,-10,-10,-1
"size_1_634",9930000,2292730000,143100000,60000,54180000,2.5e+09,26,19,41,86,9930000,2292730000,143100000,60000,54180000,2.5e+09,22,14,52,88,0.5,-4,-5,11
"size_1_635",67570000,2184610000,119070000,21630000,107120000,2.5e+09,35,29,73,137,67570000,2184610000,119070000,21630000,107120000,2.5e+09,25,18,65,108,0.5,-10,-11,-8
"size_1_636",828810000,1162140000,271950000,186950000,50150000,2.5e+09,35,37,75,147,828810000,1162140000,271950000,186950000,50150000,2.5e+09,23,17,57,97,0.5,-12,-20,-18
"size_1_637",116080000,2033440000,333240000,1010000,16230000,2.5e+09,28,19,44,91,116080000,2033440000,333240000,1010000,16230000,2.5e+09,20,13,44,77,0.5,-8,-6,0
"size_1_638",1175420000,81250000,31650000,404920000,806760000,2.5e+09,32,31,68,131,1175420000,81250000,31650000,404920000,806760000,2.5e+09,17,15,54,86,0.5,-15,-16,-14
"size_1_639",1394590000,207740000,59530000,267080000,571060000,2.5e+09,33,34,78,145,1394590000,207740000,59530000,267080000,571060000,2.5e+09,21,19,58,98,0.5,-12,-15,-20
"size_1_640",1415590000,43110000,135640000,717110000,188550000,2.5e+09,36,27,63,126,1415590000,43110000,135640000,717110000,188550000,2.5e+09,20,21,67,108,0.5,-16,-6,4
"size_1_641",680840000,14600000,58560000,783460000,962540000,2.5e+09,28,29,59,116,680840000,14600000,58560000,783460000,962540000,2.5e+09,15,10,43,68,0.5,-13,-19,-16
"size_1_642",1074340000,252850000,106630000,1006450000,59730000,2.5e+09,35,24,64,123,1074340000,252850000,106630000,1006450000,59730000,2.5e+09,18,18,57,93,0.5,-17,-6,-7
"size_1_643",969480000,745490000,192550000,563080000,29400000,2.5e+09,34,27,64,125,969480000,745490000,192550000,563080000,29400000,2.5e+09,17,16,55,88,0.5,-17,-11,-9
"size_1_644",1156350000,752920000,208610000,324090000,58030000,2.5e+09,37,25,65,127,1156350000,752920000,208610000,324090000,58030000,2.5e+09,18,16,60,94,0.5,-19,-9,-5
"size_1_645",1264620000,588790000,125410000,478070000,43110000,2.5e+09,34,23,61,118,1264620000,588790000,125410000,478070000,43110000,2.5e+09,15,16,54,85,0.5,-19,-7,-7
"size_1_646",276810000,1327810000,654140000,142820000,98420000,2.5e+09,40,24,69,133,276810000,1327810000,654140000,142820000,98420000,2.5e+09,22,23,75,120,0.5,-18,-1,6
"size_1_647",640730000,958310000,390170000,351510000,159280000,2.5e+09,37,27,71,135,640730000,958310000,390170000,351510000,159280000,2.5e+09,24,21,72,117,0.5,-13,-6,1
"size_1_648",692870000,252330000,745040000,740290000,69470000,2.5e+09,33,19,63,115,692870000,252330000,745040000,740290000,69470000,2.5e+09,19,19,64,102,0.5,-14,0,1
"size_1_649",793160000,413980000,606950000,631350000,54560000,2.5e+09,35,23,67,125,793160000,413980000,606950000,631350000,54560000,2.5e+09,21,18,66,105,0.5,-14,-5,-1
"size_1_650",214440000,1127880000,217020000,903460000,37200000,2.5e+09,45,28,80,153,214440000,1127880000,217020000,903460000,37200000,2.5e+09,24,36,81,141,0.5,-21,8,1
"size_1_651",283850000,1175320000,380810000,538030000,121990000,2.5e+09,42,26,70,138,283850000,1175320000,380810000,538030000,121990000,2.5e+09,17,28,78,123,0.5,-25,2,8
"size_1_652",255720000,1658200000,295060000,271940000,19080000,2.5e+09,39,24,66,129,255720000,1658200000,295060000,271940000,19080000,2.5e+09,14,24,70,108,0.5,-25,0,4
"size_1_653",446520000,934250000,845020000,232050000,42160000,2.5e+09,36,22,61,119,446520000,934250000,845020000,232050000,42160000,2.5e+09,15,19,69,103,0.5,-21,-3,8
"size_1_654",263940000,715570000,218310000,1138680000,163500000,2.5e+09,42,32,78,152,263940000,715570000,218310000,1138680000,163500000,2.5e+09,26,34,84,144,0.5,-16,2,6
"size_1_655",205840000,610980000,229380000,1333910000,119890000,2.5e+09,44,28,80,152,205840000,610980000,229380000,1333910000,119890000,2.5e+09,24,35,83,142,0.5,-20,7,3
"size_1_656",166910000,1707590000,2.24e+08,327800000,73700000,2.5e+09,41,30,78,149,166910000,1707590000,2.24e+08,327800000,73700000,2.5e+09,20,33,74,127,0.5,-21,3,-4
"size_1_657",365600000,1534670000,191840000,298550000,109340000,2.5e+09,40,28,73,141,365600000,1534670000,191840000,298550000,109340000,2.5e+09,17,26,74,117,0.5,-23,-2,1
"size_1_658",15230000,436570000,71790000,567370000,1409040000,2.5e+09,40,30,70,140,15230000,436570000,71790000,567370000,1409040000,2.5e+09,25,31,83,139,0.5,-15,1,13
"size_1_659",22180000,601810000,157140000,759490000,959380000,2.5e+09,41,27,74,142,22180000,601810000,157140000,759490000,959380000,2.5e+09,20,31,74,125,0.5,-21,4,0
"size_1_660",964370000,806040000,130130000,532050000,67410000,2.5e+09,39,31,74,144,964370000,806040000,130130000,532050000,67410000,2.5e+09,21,25,69,115,0.5,-18,-6,-5
"size_1_661",1468510000,411360000,163830000,407130000,49170000,2.5e+09,34,32,67,133,1468510000,411360000,163830000,407130000,49170000,2.5e+09,16,16,57,89,0.5,-18,-16,-10
"size_1_662",1327370000,752710000,184180000,180160000,55580000,2.5e+09,39,32,76,147,1327370000,752710000,184180000,180160000,55580000,2.5e+09,21,20,59,100,0.5,-18,-12,-17
"size_1_663",1067810000,1.002e+09,217170000,159120000,53900000,2.5e+09,43,37,78,158,1067810000,1.002e+09,217170000,159120000,53900000,2.5e+09,21,23,74,118,0.5,-22,-14,-4
"size_1_664",806860000,855670000,302640000,455840000,78990000,2.5e+09,40,33,71,144,806860000,855670000,302640000,455840000,78990000,2.5e+09,19,22,69,110,0.5,-21,-11,-2
"size_1_665",467430000,1280980000,202040000,499250000,50300000,2.5e+09,41,30,76,147,467430000,1280980000,202040000,499250000,50300000,2.5e+09,18,24,74,116,0.5,-23,-6,-2
"size_1_666",956170000,459100000,368280000,695720000,20730000,2.5e+09,35,26,63,124,956170000,459100000,368280000,695720000,20730000,2.5e+09,17,13,57,87,0.5,-18,-13,-6
"size_1_667",922820000,792310000,201790000,563810000,19270000,2.5e+09,39,29,72,140,922820000,792310000,201790000,563810000,19270000,2.5e+09,18,21,64,103,0.5,-21,-8,-8
"size_1_668",1136900000,647150000,220770000,450160000,45020000,2.5e+09,37,25,70,132,1136900000,647150000,220770000,450160000,45020000,2.5e+09,17,18,56,91,0.5,-20,-7,-14
"size_1_669",683540000,1293670000,275910000,190220000,56660000,2.5e+09,36,28,73,137,683540000,1293670000,275910000,190220000,56660000,2.5e+09,21,22,63,106,0.5,-15,-6,-10
"size_1_670",859130000,905500000,428680000,288310000,18380000,2.5e+09,40,26,76,142,859130000,905500000,428680000,288310000,18380000,2.5e+09,18,29,75,122,0.5,-22,3,-1
"size_1_671",789370000,822960000,483990000,338400000,65280000,2.5e+09,39,26,74,139,789370000,822960000,483990000,338400000,65280000,2.5e+09,24,23,71,118,0.5,-15,-3,-3
"size_1_672",1288110000,140890000,265990000,562300000,242710000,2.5e+09,33,21,64,118,1288110000,140890000,265990000,562300000,242710000,2.5e+09,14,16,59,89,0.5,-19,-5,-5
"size_1_673",1264570000,62770000,303670000,796880000,72110000,2.5e+09,31,22,63,116,1264570000,62770000,303670000,796880000,72110000,2.5e+09,17,18,59,94,0.5,-14,-4,-4
"size_1_674",1222410000,375670000,119380000,653880000,128660000,2.5e+09,33,20,61,114,1222410000,375670000,119380000,653880000,128660000,2.5e+09,15,16,59,90,0.5,-18,-4,-2
"size_1_675",1125080000,523750000,224270000,585820000,41080000,2.5e+09,36,22,65,123,1125080000,523750000,224270000,585820000,41080000,2.5e+09,17,22,66,105,0.5,-19,0,1
"size_1_676",318550000,1485600000,331360000,343360000,21130000,2.5e+09,37,28,68,133,318550000,1485600000,331360000,343360000,21130000,2.5e+09,19,22,68,109,0.5,-18,-6,0
"size_1_677",264370000,1628380000,342490000,236660000,28100000,2.5e+09,38,22,67,127,264370000,1628380000,342490000,236660000,28100000,2.5e+09,17,24,67,108,0.5,-21,2,0
"size_1_678",354230000,1293010000,527320000,299370000,26070000,2.5e+09,39,27,73,139,354230000,1293010000,527320000,299370000,26070000,2.5e+09,16,23,71,110,0.5,-23,-4,-2
"size_1_679",661100000,1125350000,259300000,390500000,63750000,2.5e+09,36,26,73,135,661100000,1125350000,259300000,390500000,63750000,2.5e+09,17,22,68,107,0.5,-19,-4,-5
"size_1_680",269150000,1348830000,247130000,533400000,101490000,2.5e+09,40,28,73,141,269150000,1348830000,247130000,533400000,101490000,2.5e+09,17,29,71,117,0.5,-23,1,-2
"size_1_681",303880000,1820060000,129390000,220410000,26260000,2.5e+09,38,26,68,132,303880000,1820060000,129390000,220410000,26260000,2.5e+09,19,29,72,120,0.5,-19,3,4
"size_1_682",232610000,1069780000,392860000,765310000,39440000,2.5e+09,44,28,72,144,232610000,1069780000,392860000,765310000,39440000,2.5e+09,20,29,69,118,0.5,-24,1,-3
"size_1_683",212030000,1713210000,112200000,335260000,127300000,2.5e+09,42,27,72,141,212030000,1713210000,112200000,335260000,127300000,2.5e+09,17,28,72,117,0.5,-25,1,0
"size_1_684",127890000,505330000,191240000,1326470000,349070000,2.5e+09,39,29,76,144,127890000,505330000,191240000,1326470000,349070000,2.5e+09,19,25,73,117,0.5,-20,-4,-3
"size_1_685",28320000,298730000,56270000,264680000,1.852e+09,2.5e+09,38,28,76,142,28320000,298730000,56270000,264680000,1.852e+09,2.5e+09,20,30,75,125,0.5,-18,2,-1
"size_1_686",204620000,470980000,159850000,1287030000,377520000,2.5e+09,45,28,82,155,204620000,470980000,159850000,1287030000,377520000,2.5e+09,18,32,73,123,0.5,-27,4,-9
"size_1_687",35070000,631080000,76390000,335360000,1422100000,2.5e+09,42,33,81,156,35070000,631080000,76390000,335360000,1422100000,2.5e+09,21,34,79,134,0.5,-21,1,-2
"size_1_688",32010000,4790000,18570000,14850000,1437070000,1507290000,35,22,47,104,32010000,4790000,18570000,14850000,1437070000,1507290000,14,18,58,90,0.5,-21,-4,11
"size_1_689",180130000,1746720000,95580000,57850000,419720000,2.5e+09,42,31,72,145,180130000,1746720000,95580000,57850000,419720000,2.5e+09,19,33,74,126,0.5,-23,2,2
"size_1_690",39690000,967930000,79390000,51850000,1361140000,2.5e+09,43,33,81,157,39690000,967930000,79390000,51850000,1361140000,2.5e+09,18,32,70,120,0.5,-25,-1,-11
"size_1_691",1029850000,810560000,321840000,224810000,112940000,2.5e+09,43,35,78,156,1029850000,810560000,321840000,224810000,112940000,2.5e+09,23,24,72,119,0.5,-20,-11,-6
"size_1_692",1351690000,405250000,170490000,557340000,15230000,2.5e+09,36,27,69,132,1351690000,405250000,170490000,557340000,15230000,2.5e+09,18,20,65,103,0.5,-18,-7,-4
"size_1_693",1238160000,675910000,205930000,339360000,40640000,2.5e+09,33,22,59,114,1238160000,675910000,205930000,339360000,40640000,2.5e+09,17,17,62,96,0.5,-16,-5,3
"size_1_694",1080860000,450890000,227300000,717820000,23130000,2.5e+09,38,23,65,126,1080860000,450890000,227300000,717820000,23130000,2.5e+09,15,18,60,93,0.5,-23,-5,-5
"size_1_695",1300710000,713230000,2.2e+08,253590000,12470000,2.5e+09,35,23,63,121,1300710000,713230000,2.2e+08,253590000,12470000,2.5e+09,19,16,60,95,0.5,-16,-7,-3
"size_1_696",1127600000,877270000,261180000,157040000,76910000,2.5e+09,41,29,75,145,1127600000,877270000,261180000,157040000,76910000,2.5e+09,24,24,70,118,0.5,-17,-5,-5
"size_1_697",883170000,812090000,492860000,237460000,74420000,2.5e+09,42,30,76,148,883170000,812090000,492860000,237460000,74420000,2.5e+09,21,26,76,123,0.5,-21,-4,0
"size_1_698",1004760000,918320000,367050000,178260000,31610000,2.5e+09,36,25,65,126,1004760000,918320000,367050000,178260000,31610000,2.5e+09,19,22,66,107,0.5,-17,-3,1
"size_1_699",1211980000,368600000,148410000,737320000,33690000,2.5e+09,36,26,70,132,1211980000,368600000,148410000,737320000,33690000,2.5e+09,14,18,63,95,0.5,-22,-8,-7
"size_1_700",1407410000,542010000,217560000,302100000,30920000,2.5e+09,38,27,74,139,1407410000,542010000,217560000,302100000,30920000,2.5e+09,15,18,60,93,0.5,-23,-9,-14
"size_1_701",1085970000,742850000,117660000,539460000,14060000,2.5e+09,37,22,70,129,1085970000,742850000,117660000,539460000,14060000,2.5e+09,19,17,61,97,0.5,-18,-5,-9
"size_1_702",566870000,1534910000,234390000,139690000,24140000,2.5e+09,39,29,78,146,566870000,1534910000,234390000,139690000,24140000,2.5e+09,18,25,62,105,0.5,-21,-4,-16
"size_1_703",955100000,922870000,270380000,305810000,45840000,2.5e+09,33,20,63,116,955100000,922870000,270380000,305810000,45840000,2.5e+09,18,21,65,104,0.5,-15,1,2
"size_1_704",1059450000,707110000,122080000,576890000,34470000,2.5e+09,35,19,53,107,1059450000,707110000,122080000,576890000,34470000,2.5e+09,14,17,57,88,0.5,-21,-2,4
"size_1_705",974220000,963370000,124890000,420620000,16900000,2.5e+09,35,27,73,135,974220000,963370000,124890000,420620000,16900000,2.5e+09,21,21,63,105,0.5,-14,-6,-10
"size_1_706",1001140000,600140000,164640000,715380000,18700000,2.5e+09,37,27,76,140,1001140000,600140000,164640000,715380000,18700000,2.5e+09,19,23,64,106,0.5,-18,-4,-12
"size_1_707",749020000,1307250000,241040000,178630000,24060000,2.5e+09,35,24,68,127,749020000,1307250000,241040000,178630000,24060000,2.5e+09,15,26,64,105,0.5,-20,2,-4
"size_1_708",984680000,1010610000,139350000,341820000,23540000,2.5e+09,34,26,69,129,984680000,1010610000,139350000,341820000,23540000,2.5e+09,17,19,61,97,0.5,-17,-7,-8
"size_1_709",532150000,1502560000,312100000,114920000,38270000,2.5e+09,42,30,78,150,532150000,1502560000,312100000,114920000,38270000,2.5e+09,20,26,70,116,0.5,-22,-4,-8
"size_1_710",908530000,1112960000,194900000,253160000,30450000,2.5e+09,38,27,74,139,908530000,1112960000,194900000,253160000,30450000,2.5e+09,19,24,63,106,0.5,-19,-3,-11
"size_1_711",476110000,1209880000,168500000,626410000,19100000,2.5e+09,43,24,73,140,476110000,1209880000,168500000,626410000,19100000,2.5e+09,16,26,70,112,0.5,-27,2,-3
"size_1_712",530840000,1250530000,246550000,382440000,89640000,2.5e+09,44,27,80,151,530840000,1250530000,246550000,382440000,89640000,2.5e+09,19,30,75,124,0.5,-25,3,-5
"size_1_713",1231720000,754020000,125310000,231510000,157440000,2.5e+09,41,26,72,139,1231720000,754020000,125310000,231510000,157440000,2.5e+09,19,24,68,111,0.5,-22,-2,-4
"size_1_714",887240000,1007720000,265220000,286990000,52830000,2.5e+09,40,27,79,146,887240000,1007720000,265220000,286990000,52830000,2.5e+09,20,27,76,123,0.5,-20,0,-3
"size_1_715",160830000,942900000,156250000,1050920000,189100000,2.5e+09,41,32,79,152,160830000,942900000,156250000,1050920000,189100000,2.5e+09,20,30,72,122,0.5,-21,-2,-7
"size_1_716",257620000,1150380000,197980000,799670000,94350000,2.5e+09,47,27,81,155,257620000,1150380000,197980000,799670000,94350000,2.5e+09,17,30,77,124,0.5,-30,3,-4
"size_1_717",340200000,1237640000,229590000,619450000,73120000,2.5e+09,45,28,77,150,340200000,1237640000,229590000,619450000,73120000,2.5e+09,18,26,73,117,0.5,-27,-2,-4
"size_1_718",456670000,738670000,752670000,461030000,90960000,2.5e+09,45,30,91,166,456670000,738670000,752670000,461030000,90960000,2.5e+09,20,31,75,126,0.5,-25,1,-16
"size_1_719",147200000,1516480000,140270000,439530000,256520000,2.5e+09,41,30,78,149,147200000,1516480000,140270000,439530000,256520000,2.5e+09,14,28,73,115,0.5,-27,-2,-5
"size_1_720",152640000,1039260000,167320000,1012260000,128520000,2.5e+09,42,26,67,135,152640000,1039260000,167320000,1012260000,128520000,2.5e+09,19,32,77,128,0.5,-23,6,10
"size_1_721",31540000,505340000,45350000,51810000,1865960000,2.5e+09,41,30,75,146,31540000,505340000,45350000,51810000,1865960000,2.5e+09,19,31,68,118,0.5,-22,1,-7
"size_1_722",172310000,980360000,179390000,392610000,775330000,2.5e+09,48,26,80,154,172310000,980360000,179390000,392610000,775330000,2.5e+09,17,31,77,125,0.5,-31,5,-3
"size_1_723",198830000,1818670000,196930000,33910000,251660000,2.5e+09,39,26,68,133,198830000,1818670000,196930000,33910000,251660000,2.5e+09,16,26,68,110,0.5,-23,0,0
"size_1_724",90200000,1672980000,132900000,20120000,583800000,2.5e+09,36,27,71,134,90200000,1672980000,132900000,20120000,583800000,2.5e+09,16,31,69,116,0.5,-20,4,-2
"size_1_725",71080000,758850000,74570000,10100000,1585400000,2.5e+09,38,26,71,135,71080000,758850000,74570000,10100000,1585400000,2.5e+09,18,30,65,113,0.5,-20,4,-6
"size_1_726",924050000,726400000,366640000,474530000,8380000,2.5e+09,34,20,63,117,924050000,726400000,366640000,474530000,8380000,2.5e+09,16,18,61,95,0.5,-18,-2,-2
"size_1_727",894270000,895140000,133560000,519870000,57160000,2.5e+09,37,26,66,129,894270000,895140000,133560000,519870000,57160000,2.5e+09,18,23,67,108,0.5,-19,-3,1
"size_1_728",794200000,1063030000,262100000,346240000,34430000,2.5e+09,40,25,71,136,794200000,1063030000,262100000,346240000,34430000,2.5e+09,18,25,70,113,0.5,-22,0,-1
"size_1_729",674350000,822520000,189990000,757470000,55670000,2.5e+09,38,24,68,130,674350000,822520000,189990000,757470000,55670000,2.5e+09,17,22,67,106,0.5,-21,-2,-1
"size_1_730",990520000,1126850000,149040000,219840000,13750000,2.5e+09,32,19,60,111,990520000,1126850000,149040000,219840000,13750000,2.5e+09,15,16,57,88,0.5,-17,-3,-3
"size_1_731",796390000,1030520000,420250000,229580000,23260000,2.5e+09,33,19,60,112,796390000,1030520000,420250000,229580000,23260000,2.5e+09,17,17,65,99,0.5,-16,-2,5
"size_1_732",556370000,1586080000,83140000,260290000,14120000,2.5e+09,35,24,66,125,556370000,1586080000,83140000,260290000,14120000,2.5e+09,15,16,58,89,0.5,-20,-8,-8
"size_1_733",923410000,705260000,187450000,668230000,15650000,2.5e+09,33,21,68,122,923410000,705260000,187450000,668230000,15650000,2.5e+09,14,18,64,96,0.5,-19,-3,-4
"size_1_734",987320000,972950000,128820000,402230000,8680000,2.5e+09,37,27,75,139,987320000,972950000,128820000,402230000,8680000,2.5e+09,20,25,65,110,0.5,-17,-2,-10
"size_1_735",1003420000,974470000,167250000,337830000,17030000,2.5e+09,40,29,78,147,1003420000,974470000,167250000,337830000,17030000,2.5e+09,20,26,73,119,0.5,-20,-3,-5
"size_1_736",1110350000,680680000,133220000,518950000,56800000,2.5e+09,33,26,74,133,1110350000,680680000,133220000,518950000,56800000,2.5e+09,17,20,60,97,0.5,-16,-6,-14
"size_1_737",1104810000,694970000,104220000,575650000,20350000,2.5e+09,36,28,77,141,1104810000,694970000,104220000,575650000,20350000,2.5e+09,15,25,68,108,0.5,-21,-3,-9
"size_1_738",397850000,1757560000,165610000,149610000,29370000,2.5e+09,40,26,71,137,397850000,1757560000,165610000,149610000,29370000,2.5e+09,21,27,66,114,0.5,-19,1,-5
"size_1_739",1170090000,648810000,237330000,412740000,31030000,2.5e+09,36,31,76,143,1170090000,648810000,237330000,412740000,31030000,2.5e+09,18,22,65,105,0.5,-18,-9,-11
"size_1_740",327990000,1832170000,156090000,137870000,45880000,2.5e+09,37,27,73,137,327990000,1832170000,156090000,137870000,45880000,2.5e+09,21,26,75,122,0.5,-16,-1,2
"size_1_741",1052370000,896820000,159100000,363010000,28700000,2.5e+09,36,26,73,135,1052370000,896820000,159100000,363010000,28700000,2.5e+09,20,23,64,107,0.5,-16,-3,-9
"size_1_742",387090000,1676860000,232130000,166010000,37910000,2.5e+09,42,28,78,148,387090000,1676860000,232130000,166010000,37910000,2.5e+09,20,23,68,111,0.5,-22,-5,-10
"size_1_743",1304160000,748530000,153380000,220870000,73060000,2.5e+09,37,30,78,145,1304160000,748530000,153380000,220870000,73060000,2.5e+09,22,24,67,113,0.5,-15,-6,-11
"size_1_744",248220000,1736240000,268990000,181130000,65420000,2.5e+09,41,27,81,149,248220000,1736240000,268990000,181130000,65420000,2.5e+09,23,28,73,124,0.5,-18,1,-8
"size_1_745",261390000,1836180000,224500000,115410000,62520000,2.5e+09,44,35,82,161,261390000,1836180000,224500000,115410000,62520000,2.5e+09,24,31,73,128,0.5,-20,-4,-9
"size_1_746",777340000,1308020000,92100000,306860000,15680000,2.5e+09,42,27,82,151,777340000,1308020000,92100000,306860000,15680000,2.5e+09,21,29,67,117,0.5,-21,2,-15
"size_1_747",676480000,1190880000,161200000,445360000,26080000,2.5e+09,43,30,90,163,676480000,1190880000,161200000,445360000,26080000,2.5e+09,21,27,71,119,0.5,-22,-3,-19
"size_1_748",682640000,1116580000,75310000,578670000,46800000,2.5e+09,46,30,83,159,682640000,1116580000,75310000,578670000,46800000,2.5e+09,21,33,72,126,0.5,-25,3,-11
"size_1_749",733430000,1157540000,85840000,405310000,117880000,2.5e+09,42,31,85,158,733430000,1157540000,85840000,405310000,117880000,2.5e+09,22,32,74,128,0.5,-20,1,-11
"size_1_750",214660000,1254410000,173850000,284510000,572570000,2.5e+09,44,29,78,151,214660000,1254410000,173850000,284510000,572570000,2.5e+09,20,30,74,124,0.5,-24,1,-4
"size_1_751",642520000,1178310000,97820000,514300000,67050000,2.5e+09,45,29,90,164,642520000,1178310000,97820000,514300000,67050000,2.5e+09,21,31,74,126,0.5,-24,2,-16
"size_1_752",323390000,1351510000,83310000,301590000,440200000,2.5e+09,46,33,90,169,323390000,1351510000,83310000,301590000,440200000,2.5e+09,23,32,75,130,0.5,-23,-1,-15
"size_1_753",694180000,1147540000,127850000,451490000,78940000,2.5e+09,38,23,69,130,694180000,1147540000,127850000,451490000,78940000,2.5e+09,18,29,69,116,0.5,-20,6,0
"size_1_754",98180000,671680000,53850000,152110000,1524180000,2.5e+09,43,29,78,150,98180000,671680000,53850000,152110000,1524180000,2.5e+09,18,30,73,121,0.5,-25,1,-5
"size_1_755",13100000,72780000,13820000,20370000,2379930000,2.5e+09,34,24,59,117,13100000,72780000,13820000,20370000,2379930000,2.5e+09,16,18,56,90,0.5,-18,-6,-3
"size_1_756",649260000,1215730000,263580000,309080000,62350000,2.5e+09,41,26,75,142,649260000,1215730000,263580000,309080000,62350000,2.5e+09,16,19,66,101,0.5,-25,-7,-9
"size_1_757",620120000,678750000,190940000,959390000,50800000,2.5e+09,37,23,74,134,620120000,678750000,190940000,959390000,50800000,2.5e+09,18,24,72,114,0.5,-19,1,-2
"size_1_758",507820000,1505190000,166580000,301020000,19390000,2.5e+09,38,24,69,131,507820000,1505190000,166580000,301020000,19390000,2.5e+09,16,23,60,99,0.5,-22,-1,-9
"size_1_759",777180000,541720000,491770000,534260000,155070000,2.5e+09,42,28,76,146,777180000,541720000,491770000,534260000,155070000,2.5e+09,19,26,77,122,0.5,-23,-2,1
"size_1_760",752940000,1057330000,260910000,421650000,7170000,2.5e+09,36,23,73,132,752940000,1057330000,260910000,421650000,7170000,2.5e+09,17,22,59,98,0.5,-19,-1,-14
"size_1_761",747380000,1133410000,121080000,451250000,46880000,2.5e+09,40,30,79,149,747380000,1133410000,121080000,451250000,46880000,2.5e+09,18,26,73,117,0.5,-22,-4,-6
"size_1_762",1098130000,715280000,153030000,519700000,13860000,2.5e+09,38,26,73,137,1098130000,715280000,153030000,519700000,13860000,2.5e+09,15,24,68,107,0.5,-23,-2,-5
"size_1_763",907070000,1189870000,161340000,211980000,29740000,2.5e+09,42,31,80,153,907070000,1189870000,161340000,211980000,29740000,2.5e+09,17,28,71,116,0.5,-25,-3,-9
"size_1_764",416480000,1641940000,175160000,243050000,23370000,2.5e+09,40,23,74,137,416480000,1641940000,175160000,243050000,23370000,2.5e+09,19,24,67,110,0.5,-21,1,-7
"size_1_765",762960000,633690000,189110000,864560000,49680000,2.5e+09,39,24,75,138,762960000,633690000,189110000,864560000,49680000,2.5e+09,18,22,73,113,0.5,-21,-2,-2
"size_1_766",1262090000,118760000,10770000,210000,1108170000,2.5e+09,36,32,76,144,1262090000,118760000,10770000,210000,1108170000,2.5e+09,18,23,57,98,0.5,-18,-9,-19
"size_1_767",308070000,63710000,15930000,0,1726890000,2114600000,39,35,82,156,308070000,63710000,15930000,0,1726890000,2114600000,16,24,68,108,0.5,-23,-11,-14
"size_1_768",210500000,26710000,7900000,590000,2254300000,2.5e+09,30,25,61,116,210500000,26710000,7900000,590000,2254300000,2.5e+09,12,20,47,79,0.5,-18,-5,-14
"size_1_769",265160000,30460000,4220000,3e+05,2199860000,2.5e+09,31,23,61,115,265160000,30460000,4220000,3e+05,2199860000,2.5e+09,10,14,42,66,0.5,-21,-9,-19
"size_1_770",383690000,1.9e+07,5950000,0,2091360000,2.5e+09,30,26,58,114,383690000,1.9e+07,5950000,0,2091360000,2.5e+09,8,15,44,67,0.5,-22,-11,-14
"size_1_771",606570000,70190000,6670000,0,1816570000,2.5e+09,33,22,63,118,606570000,70190000,6670000,0,1816570000,2.5e+09,16,22,51,89,0.5,-17,0,-12
"size_1_772",670290000,110220000,13100000,970000,1705420000,2.5e+09,32,25,65,122,670290000,110220000,13100000,970000,1705420000,2.5e+09,8,18,45,71,0.5,-24,-7,-20
"size_1_773",718380000,129570000,8820000,0,1643230000,2.5e+09,35,21,63,119,718380000,129570000,8820000,0,1643230000,2.5e+09,9,20,41,70,0.5,-26,-1,-22
"size_1_774",43040000,83950000,4180000,0,2174740000,2305910000,33,25,63,121,43040000,83950000,4180000,0,2174740000,2305910000,11,17,38,66,0.5,-22,-8,-25
"size_1_775",652630000,147160000,48140000,1530000,1650540000,2.5e+09,35,29,78,142,652630000,147160000,48140000,1530000,1650540000,2.5e+09,13,20,48,81,0.5,-22,-9,-30
"size_1_776",8020000,68250000,24080000,15620000,1396730000,1512700000,28,23,51,102,8020000,68250000,24080000,15620000,1396730000,1512700000,13,24,57,94,0.5,-15,1,6
"size_1_777",105770000,1436530000,84230000,25020000,848450000,2.5e+09,40,26,72,138,105770000,1436530000,84230000,25020000,848450000,2.5e+09,18,30,68,116,0.5,-22,4,-4
"size_1_778",222050000,1818210000,110470000,10710000,338560000,2.5e+09,39,24,69,132,222050000,1818210000,110470000,10710000,338560000,2.5e+09,14,28,63,105,0.5,-25,4,-6
"size_1_779",1968860000,135570000,23380000,0,372190000,2.5e+09,36,30,71,137,1968860000,135570000,23380000,0,372190000,2.5e+09,15,25,59,99,0.5,-21,-5,-12
"size_1_780",566180000,51510000,61260000,0,1585830000,2264780000,41,31,74,146,566180000,51510000,61260000,0,1585830000,2264780000,14,23,65,102,0.5,-27,-8,-9
"size_1_781",1381980000,114950000,56420000,0,946650000,2.5e+09,40,30,74,144,1381980000,114950000,56420000,0,946650000,2.5e+09,19,29,65,113,0.5,-21,-1,-9
"size_1_782",38630000,5380000,880000,0,1054060000,1098950000,28,19,49,96,38630000,5380000,880000,0,1054060000,1098950000,8,14,37,59,0.5,-20,-5,-12
"size_1_783",1128660000,35670000,7160000,0,1328510000,2.5e+09,34,26,71,131,1128660000,35670000,7160000,0,1328510000,2.5e+09,13,15,41,69,0.5,-21,-11,-30
"size_1_784",1078440000,23910000,5880000,0,1391770000,2.5e+09,33,26,66,125,1078440000,23910000,5880000,0,1391770000,2.5e+09,10,13,42,65,0.5,-23,-13,-24
"size_1_785",1724200000,57340000,7140000,0,711320000,2.5e+09,32,26,64,122,1724200000,57340000,7140000,0,711320000,2.5e+09,13,20,53,86,0.5,-19,-6,-11
"size_1_786",1982860000,30920000,9490000,0,476730000,2.5e+09,34,25,63,122,1982860000,30920000,9490000,0,476730000,2.5e+09,14,16,51,81,0.5,-20,-9,-12
"size_1_787",567120000,22190000,13320000,0,1897370000,2.5e+09,34,27,67,128,567120000,22190000,13320000,0,1897370000,2.5e+09,12,21,39,72,0.5,-22,-6,-28
"size_1_788",1146720000,51540000,20790000,0,1280950000,2.5e+09,33,30,70,133,1146720000,51540000,20790000,0,1280950000,2.5e+09,16,21,50,87,0.5,-17,-9,-20
"size_1_789",583630000,46890000,6620000,270000,1862590000,2.5e+09,28,23,58,109,583630000,46890000,6620000,270000,1862590000,2.5e+09,9,19,44,72,0.5,-19,-4,-14
"size_1_790",400680000,82100000,15480000,0,2001740000,2.5e+09,32,28,76,136,400680000,82100000,15480000,0,2001740000,2.5e+09,11,20,42,73,0.5,-21,-8,-34
"size_1_791",1077190000,127230000,33570000,3900000,1258110000,2.5e+09,33,29,74,136,1077190000,127230000,33570000,3900000,1258110000,2.5e+09,15,22,54,91,0.5,-18,-7,-20
"size_1_792",429670000,98220000,2750000,1810000,1967550000,2.5e+09,40,27,74,141,429670000,98220000,2750000,1810000,1967550000,2.5e+09,9,21,44,74,0.5,-31,-6,-30
"size_1_793",688480000,271630000,28330000,0,1511560000,2.5e+09,40,30,76,146,688480000,271630000,28330000,0,1511560000,2.5e+09,12,28,57,97,0.5,-28,-2,-19
"size_1_794",617480000,99070000,8050000,450000,1774950000,2.5e+09,35,28,66,129,617480000,99070000,8050000,450000,1774950000,2.5e+09,15,20,51,86,0.5,-20,-8,-15
"size_1_795",826390000,146600000,5240000,3e+05,1521470000,2.5e+09,40,27,76,143,826390000,146600000,5240000,3e+05,1521470000,2.5e+09,14,31,57,102,0.5,-26,4,-19
"size_1_796",272410000,50790000,7450000,0,2169350000,2.5e+09,35,26,69,130,272410000,50790000,7450000,0,2169350000,2.5e+09,11,14,40,65,0.5,-24,-12,-29
"size_1_797",551760000,95740000,1220000,0,1851280000,2.5e+09,35,26,74,135,551760000,95740000,1220000,0,1851280000,2.5e+09,16,28,56,100,0.5,-19,2,-18
"size_1_798",152900000,1703390000,1.11e+08,115890000,416820000,2.5e+09,34,25,65,124,152900000,1703390000,1.11e+08,115890000,416820000,2.5e+09,16,28,68,112,0.5,-18,3,3
"size_1_799",4.34e+08,1621480000,139720000,26720000,278080000,2.5e+09,36,25,61,122,4.34e+08,1621480000,139720000,26720000,278080000,2.5e+09,13,28,66,107,0.5,-23,3,5
"size_1_800",200640000,1324940000,107960000,23150000,843310000,2.5e+09,37,25,66,128,200640000,1324940000,107960000,23150000,843310000,2.5e+09,15,27,69,111,0.5,-22,2,3
"size_1_801",192750000,1326190000,227250000,30820000,722990000,2.5e+09,38,26,69,133,192750000,1326190000,227250000,30820000,722990000,2.5e+09,16,28,66,110,0.5,-22,2,-3
"size_1_802",100920000,1144010000,79320000,62250000,1113500000,2.5e+09,40,27,73,140,100920000,1144010000,79320000,62250000,1113500000,2.5e+09,21,30,70,121,0.5,-19,3,-3
"size_1_803",109420000,1193370000,152640000,64070000,980500000,2.5e+09,38,25,67,130,109420000,1193370000,152640000,64070000,980500000,2.5e+09,19,28,69,116,0.5,-19,3,2
"size_1_804",24420000,910000,220000,0,1034740000,1060290000,18,11,31,60,24420000,910000,220000,0,1034740000,1060290000,9,8,27,44,0.5,-9,-3,-4
"size_1_805",1842920000,221370000,68390000,1060000,366260000,2.5e+09,42,33,79,154,1842920000,221370000,68390000,1060000,366260000,2.5e+09,17,27,63,107,0.5,-25,-6,-16
"size_1_806",1145350000,61760000,38070000,0,1242630000,2487810000,41,31,75,147,1145350000,61760000,38070000,0,1242630000,2487810000,18,30,65,113,0.5,-23,-1,-10
"size_1_807",776810000,552920000,147630000,0,1022640000,2.5e+09,45,37,85,167,776810000,552920000,147630000,0,1022640000,2.5e+09,20,31,72,123,0.5,-25,-6,-13
"size_1_808",76930000,72320000,33750000,0,1678640000,1861640000,35,24,63,122,76930000,72320000,33750000,0,1678640000,1861640000,14,21,55,90,0.5,-21,-3,-8
"size_1_809",1705560000,96110000,19090000,440000,678800000,2.5e+09,37,26,68,131,1705560000,96110000,19090000,440000,678800000,2.5e+09,14,18,42,74,0.5,-23,-8,-26
"size_1_810",1823960000,176220000,42540000,0,457280000,2.5e+09,43,28,79,150,1823960000,176220000,42540000,0,457280000,2.5e+09,17,25,66,108,0.5,-26,-3,-13
"size_1_811",1576720000,328880000,40700000,0,553700000,2.5e+09,41,28,75,144,1576720000,328880000,40700000,0,553700000,2.5e+09,17,32,61,110,0.5,-24,4,-14
"size_1_812",1293810000,383590000,277430000,420000,544750000,2.5e+09,41,27,79,147,1293810000,383590000,277430000,420000,544750000,2.5e+09,18,32,64,114,0.5,-23,5,-15
"size_1_813",985690000,138840000,19650000,0,1355820000,2.5e+09,37,25,75,137,985690000,138840000,19650000,0,1355820000,2.5e+09,14,19,50,83,0.5,-23,-6,-25
"size_1_814",1466770000,93490000,16950000,0,922790000,2.5e+09,34,26,71,131,1466770000,93490000,16950000,0,922790000,2.5e+09,12,16,47,75,0.5,-22,-10,-24
"size_1_815",1186140000,360780000,60470000,2820000,889790000,2.5e+09,37,29,83,149,1186140000,360780000,60470000,2820000,889790000,2.5e+09,19,28,69,116,0.5,-18,-1,-14
"size_1_816",1270100000,361550000,30720000,1030000,836600000,2.5e+09,41,31,78,150,1270100000,361550000,30720000,1030000,836600000,2.5e+09,16,25,61,102,0.5,-25,-6,-17
"size_1_817",562990000,116090000,7950000,1e+06,1811970000,2.5e+09,39,30,76,145,562990000,116090000,7950000,1e+06,1811970000,2.5e+09,13,25,52,90,0.5,-26,-5,-24
"size_1_818",1105580000,138590000,16210000,1750000,1237870000,2.5e+09,36,31,85,152,1105580000,138590000,16210000,1750000,1237870000,2.5e+09,17,29,58,104,0.5,-19,-2,-27
"size_1_819",1054430000,116720000,24840000,870000,1303140000,2.5e+09,40,31,83,154,1054430000,116720000,24840000,870000,1303140000,2.5e+09,14,23,50,87,0.5,-26,-8,-33
"size_1_820",650470000,152580000,5290000,0,1691660000,2.5e+09,37,27,73,137,650470000,152580000,5290000,0,1691660000,2.5e+09,18,29,56,103,0.5,-19,2,-17
"size_1_821",367460000,87210000,7660000,610000,2037060000,2.5e+09,31,29,60,120,367460000,87210000,7660000,610000,2037060000,2.5e+09,17,26,54,97,0.5,-14,-3,-6
"size_1_822",769750000,151120000,3890000,0,1575240000,2.5e+09,27,26,63,116,769750000,151120000,3890000,0,1575240000,2.5e+09,18,26,55,99,0.5,-9,0,-8
"size_1_823",708870000,102100000,3420000,0,1685610000,2.5e+09,35,24,65,124,708870000,102100000,3420000,0,1685610000,2.5e+09,15,27,55,97,0.5,-20,3,-10
"size_1_824",169700000,181010000,10090000,0,2139200000,2.5e+09,29,24,60,113,169700000,181010000,10090000,0,2139200000,2.5e+09,14,27,59,100,0.5,-15,3,-1
"size_1_825",884890000,234800000,11720000,0,1368590000,2.5e+09,37,30,74,141,884890000,234800000,11720000,0,1368590000,2.5e+09,20,32,65,117,0.5,-17,2,-9
"size_1_826",803980000,194620000,3140000,0,1498260000,2.5e+09,40,22,67,129,803980000,194620000,3140000,0,1498260000,2.5e+09,16,25,56,97,0.5,-24,3,-11
"size_1_827",802550000,370130000,97770000,0,1229550000,2.5e+09,37,26,76,139,802550000,370130000,97770000,0,1229550000,2.5e+09,20,31,68,119,0.5,-17,5,-8
"size_1_828",47800000,212970000,20040000,3980000,1939440000,2224230000,32,24,60,116,47800000,212970000,20040000,3980000,1939440000,2224230000,12,20,52,84,0.5,-20,-4,-8
"size_1_829",56380000,196370000,29440000,6790000,2174730000,2463710000,35,27,65,127,56380000,196370000,29440000,6790000,2174730000,2463710000,13,26,58,97,0.5,-22,-1,-7
"size_1_830",1106740000,416820000,70640000,22740000,883060000,2.5e+09,44,35,83,162,1106740000,416820000,70640000,22740000,883060000,2.5e+09,22,33,75,130,0.5,-22,-2,-8
"size_1_831",497720000,269980000,102170000,36570000,1580390000,2486830000,41,34,81,156,497720000,269980000,102170000,36570000,1580390000,2486830000,21,33,71,125,0.5,-20,-1,-10
"size_1_832",1310580000,600840000,129060000,0,459520000,2.5e+09,39,34,90,163,1310580000,600840000,129060000,0,459520000,2.5e+09,20,32,71,123,0.5,-19,-2,-19
"size_1_833",892930000,204960000,26980000,12950000,1362180000,2.5e+09,37,29,75,141,892930000,204960000,26980000,12950000,1362180000,2.5e+09,18,31,67,116,0.5,-19,2,-8
"size_1_834",1827770000,156840000,10080000,2e+06,503310000,2.5e+09,37,23,68,128,1827770000,156840000,10080000,2e+06,503310000,2.5e+09,17,22,59,98,0.5,-20,-1,-9
"size_1_835",1792380000,3.44e+08,19090000,3910000,340620000,2.5e+09,35,27,65,127,1792380000,3.44e+08,19090000,3910000,340620000,2.5e+09,15,26,60,101,0.5,-20,-1,-5
"size_1_836",1.282e+09,702750000,83350000,1020000,430880000,2.5e+09,42,25,72,139,1.282e+09,702750000,83350000,1020000,430880000,2.5e+09,15,26,64,105,0.5,-27,1,-8
"size_1_837",1485930000,572130000,62300000,0,379640000,2.5e+09,42,29,82,153,1485930000,572130000,62300000,0,379640000,2.5e+09,18,31,68,117,0.5,-24,2,-14
"size_1_838",1403140000,115130000,24880000,1350000,955500000,2.5e+09,33,32,77,142,1403140000,115130000,24880000,1350000,955500000,2.5e+09,18,27,60,105,0.5,-15,-5,-17
"size_1_839",1273730000,404060000,31780000,0,790430000,2.5e+09,44,32,78,154,1273730000,404060000,31780000,0,790430000,2.5e+09,15,32,70,117,0.5,-29,0,-8
"size_1_840",984550000,39410000,1030000,0,1475010000,2.5e+09,35,24,67,126,984550000,39410000,1030000,0,1475010000,2.5e+09,18,21,53,92,0.5,-17,-3,-14
"size_1_841",1484930000,29750000,10240000,0,975080000,2.5e+09,34,26,65,125,1484930000,29750000,10240000,0,975080000,2.5e+09,16,23,49,88,0.5,-18,-3,-16
"size_1_842",552550000,90260000,1820000,0,1855370000,2.5e+09,33,26,64,123,552550000,90260000,1820000,0,1855370000,2.5e+09,17,24,48,89,0.5,-16,-2,-16
"size_1_843",950920000,115990000,7810000,0,1425280000,2.5e+09,31,23,67,121,950920000,115990000,7810000,0,1425280000,2.5e+09,14,27,54,95,0.5,-17,4,-13
"size_1_844",629070000,489730000,19630000,0,1361570000,2.5e+09,42,29,78,149,629070000,489730000,19630000,0,1361570000,2.5e+09,22,31,66,119,0.5,-20,2,-12
"size_1_845",624900000,147020000,6550000,420000,1721110000,2.5e+09,36,25,68,129,624900000,147020000,6550000,420000,1721110000,2.5e+09,20,27,58,105,0.5,-16,2,-10
"size_1_846",53310000,14980000,0,0,2377420000,2445710000,21,12,39,72,53310000,14980000,0,0,2377420000,2445710000,10,15,35,60,0.5,-11,3,-4
"size_1_847",448360000,49270000,0,0,2002370000,2.5e+09,29,19,64,112,448360000,49270000,0,0,2002370000,2.5e+09,19,26,45,90,0.5,-10,7,-19
"size_1_848",734460000,173720000,11020000,0,1580800000,2.5e+09,38,25,68,131,734460000,173720000,11020000,0,1580800000,2.5e+09,11,23,47,81,0.5,-27,-2,-21
"size_1_849",1089910000,229300000,10880000,0,1169910000,2.5e+09,36,22,63,121,1089910000,229300000,10880000,0,1169910000,2.5e+09,15,27,55,97,0.5,-21,5,-8
"size_1_850",242530000,53230000,0,0,2204240000,2.5e+09,31,22,60,113,242530000,53230000,0,0,2204240000,2.5e+09,10,16,41,67,0.5,-21,-6,-19
"size_1_851",340980000,414640000,54310000,45180000,1643620000,2498730000,30,15,42,87,340980000,414640000,54310000,45180000,1643620000,2498730000,13,10,50,73,0.5,-17,-5,8
"size_1_852",541710000,336020000,29580000,22640000,1403850000,2333800000,24,13,36,73,541710000,336020000,29580000,22640000,1403850000,2333800000,12,8,38,58,0.5,-12,-5,2
"size_1_853",265500000,255450000,15930000,11450000,1687430000,2235760000,31,22,50,103,265500000,255450000,15930000,11450000,1687430000,2235760000,11,9,37,57,0.5,-20,-13,-13
"size_1_854",1045640000,415830000,37670000,100630000,900230000,2.5e+09,31,22,48,101,1045640000,415830000,37670000,100630000,900230000,2.5e+09,14,10,49,73,0.5,-17,-12,1
"size_1_855",784890000,791750000,51330000,20620000,851410000,2.5e+09,31,12,47,90,784890000,791750000,51330000,20620000,851410000,2.5e+09,9,9,33,51,0.5,-22,-3,-14
"size_1_856",827240000,1193430000,71370000,19080000,388880000,2.5e+09,33,24,54,111,827240000,1193430000,71370000,19080000,388880000,2.5e+09,18,13,55,86,0.5,-15,-11,1
"size_1_857",1353660000,783320000,99070000,20700000,243250000,2.5e+09,32,23,56,111,1353660000,783320000,99070000,20700000,243250000,2.5e+09,16,11,48,75,0.5,-16,-12,-8
"size_1_858",193080000,1060360000,52140000,14350000,1180070000,2.5e+09,28,22,45,95,193080000,1060360000,52140000,14350000,1180070000,2.5e+09,16,9,50,75,0.5,-12,-13,5
"size_1_859",451610000,1765220000,111150000,1.8e+07,154020000,2.5e+09,32,27,53,112,451610000,1765220000,111150000,1.8e+07,154020000,2.5e+09,21,15,50,86,0.5,-11,-12,-3
"size_1_860",69130000,700600000,393590000,12720000,1283050000,2459090000,34,24,49,107,69130000,700600000,393590000,12720000,1283050000,2459090000,22,16,49,87,0.5,-12,-8,0
"size_1_861",705190000,1410250000,129390000,9080000,246090000,2.5e+09,31,25,50,106,705190000,1410250000,129390000,9080000,246090000,2.5e+09,20,15,48,83,0.5,-11,-10,-2
"size_1_862",725910000,1592440000,58020000,17420000,106210000,2.5e+09,32,28,54,114,725910000,1592440000,58020000,17420000,106210000,2.5e+09,18,14,46,78,0.5,-14,-14,-8
"size_1_863",481230000,1564240000,129520000,35880000,289130000,2.5e+09,32,24,58,114,481230000,1564240000,129520000,35880000,289130000,2.5e+09,19,16,59,94,0.5,-13,-8,1
"size_1_864",1238460000,892460000,39070000,125720000,204290000,2.5e+09,31,25,50,106,1238460000,892460000,39070000,125720000,204290000,2.5e+09,17,11,45,73,0.5,-14,-14,-5
"size_1_865",18440000,345760000,21200000,320000,1915060000,2300780000,34,25,61,120,18440000,345760000,21200000,320000,1915060000,2300780000,23,20,65,108,0.5,-11,-5,4
"size_1_866",36860000,1199530000,94920000,0,1168690000,2.5e+09,36,23,70,129,36860000,1199530000,94920000,0,1168690000,2.5e+09,25,21,64,110,0.5,-11,-2,-6
"size_1_867",348410000,1740180000,315900000,37500000,58010000,2.5e+09,36,40,79,155,348410000,1740180000,315900000,37500000,58010000,2.5e+09,22,19,56,97,0.5,-14,-21,-23
"size_1_868",8390000,1114030000,258070000,1880000,1117630000,2.5e+09,32,20,52,104,8390000,1114030000,258070000,1880000,1117630000,2.5e+09,25,19,56,100,0.5,-7,-1,4
"size_1_869",74290000,764520000,77670000,14070000,1484040000,2414590000,30,23,48,101,74290000,764520000,77670000,14070000,1484040000,2414590000,15,9,41,65,0.5,-15,-14,-7
"size_1_870",352620000,745790000,51070000,9750000,1340770000,2.5e+09,31,22,41,94,352620000,745790000,51070000,9750000,1340770000,2.5e+09,15,10,38,63,0.5,-16,-12,-3
"size_1_871",1163150000,997550000,58890000,48820000,231590000,2.5e+09,36,36,61,133,1163150000,997550000,58890000,48820000,231590000,2.5e+09,19,14,48,81,0.5,-17,-22,-13
"size_1_872",584210000,1469330000,210950000,17120000,218390000,2.5e+09,35,32,55,122,584210000,1469330000,210950000,17120000,218390000,2.5e+09,15,13,47,75,0.5,-20,-19,-8
"size_1_873",616170000,694140000,70500000,633840000,485350000,2.5e+09,31,32,57,120,616170000,694140000,70500000,633840000,485350000,2.5e+09,17,11,48,76,0.5,-14,-21,-9
"size_1_874",1004160000,977020000,80360000,91600000,346860000,2.5e+09,33,34,66,133,1004160000,977020000,80360000,91600000,346860000,2.5e+09,17,11,47,75,0.5,-16,-23,-19
"size_1_875",907690000,1164570000,73230000,147880000,206630000,2.5e+09,32,32,48,112,907690000,1164570000,73230000,147880000,206630000,2.5e+09,18,14,51,83,0.5,-14,-18,3
"size_1_876",1231250000,798090000,55670000,159460000,255530000,2.5e+09,35,33,62,130,1231250000,798090000,55670000,159460000,255530000,2.5e+09,18,11,50,79,0.5,-17,-22,-12
"size_1_877",337490000,1799530000,96990000,85730000,180260000,2.5e+09,29,27,49,105,337490000,1799530000,96990000,85730000,180260000,2.5e+09,19,13,46,78,0.5,-10,-14,-3
"size_1_878",1137290000,689480000,43030000,297440000,332760000,2.5e+09,31,33,60,124,1137290000,689480000,43030000,297440000,332760000,2.5e+09,16,8,49,73,0.5,-15,-25,-11
"size_1_879",41310000,724320000,110560000,1530000,1404020000,2281740000,28,21,49,98,41310000,724320000,110560000,1530000,1404020000,2281740000,17,15,45,77,0.5,-11,-6,-4
"size_1_880",648860000,1510710000,75150000,69990000,195290000,2.5e+09,32,33,59,124,648860000,1510710000,75150000,69990000,195290000,2.5e+09,17,13,51,81,0.5,-15,-20,-8
"size_1_881",35690000,2026440000,276270000,7530000,154070000,2.5e+09,37,29,71,137,35690000,2026440000,276270000,7530000,154070000,2.5e+09,26,21,68,115,0.5,-11,-8,-3
"size_1_882",267740000,1101210000,200230000,9870000,920950000,2.5e+09,38,36,85,159,267740000,1101210000,200230000,9870000,920950000,2.5e+09,27,25,82,134,0.5,-11,-11,-3
"size_1_883",159640000,282030000,49660000,7450000,1665710000,2164490000,33,28,57,118,159640000,282030000,49660000,7450000,1665710000,2164490000,23,20,59,102,0.5,-10,-8,2
"size_1_884",1344560000,71200000,51680000,535560000,4.97e+08,2.5e+09,25,27,57,109,1344560000,71200000,51680000,535560000,4.97e+08,2.5e+09,17,13,49,79,0.5,-8,-14,-8
"size_1_885",1329850000,515690000,79200000,112730000,462530000,2.5e+09,33,33,69,135,1329850000,515690000,79200000,112730000,462530000,2.5e+09,25,20,65,110,0.5,-8,-13,-4
"size_1_886",1524580000,183190000,88550000,406870000,296810000,2.5e+09,29,31,61,121,1524580000,183190000,88550000,406870000,296810000,2.5e+09,21,16,57,94,0.5,-8,-15,-4
"size_1_887",1332070000,547030000,121230000,98150000,401520000,2.5e+09,35,35,69,139,1332070000,547030000,121230000,98150000,401520000,2.5e+09,24,18,65,107,0.5,-11,-17,-4
"size_1_888",1447230000,15280000,135340000,598970000,303180000,2.5e+09,33,33,65,131,1447230000,15280000,135340000,598970000,303180000,2.5e+09,19,14,59,92,0.5,-14,-19,-6
"size_1_889",720170000,10860000,61610000,946830000,760530000,2.5e+09,32,29,59,120,720170000,10860000,61610000,946830000,760530000,2.5e+09,18,14,51,83,0.5,-14,-15,-8
"size_1_890",1413060000,16730000,141730000,465140000,463340000,2.5e+09,37,30,65,132,1413060000,16730000,141730000,465140000,463340000,2.5e+09,18,15,63,96,0.5,-19,-15,-2
"size_1_891",991320000,7930000,91670000,795100000,613980000,2.5e+09,27,25,50,102,991320000,7930000,91670000,795100000,613980000,2.5e+09,15,12,51,78,0.5,-12,-13,1
"size_1_892",45920000,220230000,35270000,5250000,1867180000,2173850000,28,14,31,73,45920000,220230000,35270000,5250000,1867180000,2173850000,14,8,39,61,0.5,-14,-6,8
"size_1_893",750580000,1299360000,87460000,101500000,261100000,2.5e+09,33,28,59,120,750580000,1299360000,87460000,101500000,261100000,2.5e+09,21,15,53,89,0.5,-12,-13,-6
"size_1_894",762160000,1177710000,297320000,44430000,218380000,2.5e+09,31,23,52,106,762160000,1177710000,297320000,44430000,218380000,2.5e+09,15,10,47,72,0.5,-16,-13,-5
"size_1_895",473080000,1431420000,86440000,111540000,397520000,2.5e+09,34,36,70,140,473080000,1431420000,86440000,111540000,397520000,2.5e+09,19,11,53,83,0.5,-15,-25,-17
"size_1_896",1219970000,496620000,24570000,402750000,356090000,2.5e+09,36,36,70,142,1219970000,496620000,24570000,402750000,356090000,2.5e+09,15,10,48,73,0.5,-21,-26,-22
"size_1_897",52680000,710660000,44890000,9320000,1465770000,2283320000,30,19,43,92,52680000,710660000,44890000,9320000,1465770000,2283320000,16,12,44,72,0.5,-14,-7,1
"size_1_898",505630000,1741450000,34510000,56080000,162330000,2.5e+09,31,29,48,108,505630000,1741450000,34510000,56080000,162330000,2.5e+09,17,13,52,82,0.5,-14,-16,4
"size_1_899",13540000,180320000,25780000,0,1330820000,1550460000,23,14,31,68,13540000,180320000,25780000,0,1330820000,1550460000,11,11,34,56,0.5,-12,-3,3
"size_1_900",57550000,890800000,87610000,0,1271430000,2307390000,28,29,46,103,57550000,890800000,87610000,0,1271430000,2307390000,16,7,36,59,0.5,-12,-22,-10
"size_1_901",418830000,125340000,36500000,178100000,1741230000,2.5e+09,32,29,60,121,418830000,125340000,36500000,178100000,1741230000,2.5e+09,20,14,50,84,0.5,-12,-15,-10
"size_1_902",1532740000,485950000,89130000,162760000,229420000,2.5e+09,36,37,82,155,1532740000,485950000,89130000,162760000,229420000,2.5e+09,27,25,75,127,0.5,-9,-12,-7
"size_1_903",1369870000,543220000,57640000,146540000,382730000,2.5e+09,35,34,78,147,1369870000,543220000,57640000,146540000,382730000,2.5e+09,27,27,77,131,0.5,-8,-7,-1
"size_1_904",1635300000,494930000,71910000,214790000,83070000,2.5e+09,41,37,87,165,1635300000,494930000,71910000,214790000,83070000,2.5e+09,25,29,78,132,0.5,-16,-8,-9
"size_1_905",1801770000,80300000,86930000,89350000,441650000,2.5e+09,37,33,74,144,1801770000,80300000,86930000,89350000,441650000,2.5e+09,22,15,59,96,0.5,-15,-18,-15
"size_1_906",1465620000,333710000,166610000,345690000,188370000,2.5e+09,36,34,67,137,1465620000,333710000,166610000,345690000,188370000,2.5e+09,21,18,63,102,0.5,-15,-16,-4
"size_1_907",1675880000,317490000,49340000,132090000,325200000,2.5e+09,37,34,69,140,1675880000,317490000,49340000,132090000,325200000,2.5e+09,23,15,60,98,0.5,-14,-19,-9
"size_1_908",1373870000,623800000,110880000,313620000,77830000,2.5e+09,36,33,68,137,1373870000,623800000,110880000,313620000,77830000,2.5e+09,21,18,63,102,0.5,-15,-15,-5
"size_1_909",1585150000,477370000,107310000,166300000,163870000,2.5e+09,34,33,71,138,1585150000,477370000,107310000,166300000,163870000,2.5e+09,23,24,72,119,0.5,-11,-9,1
"size_1_910",1411150000,18600000,71150000,329450000,669650000,2.5e+09,36,30,60,126,1411150000,18600000,71150000,329450000,669650000,2.5e+09,18,15,55,88,0.5,-18,-15,-5
"size_1_911",1251960000,53590000,43800000,788480000,362170000,2.5e+09,27,30,54,111,1251960000,53590000,43800000,788480000,362170000,2.5e+09,16,14,45,75,0.5,-11,-16,-9
"size_1_912",1759600000,10470000,45840000,317860000,366230000,2.5e+09,33,31,59,123,1759600000,10470000,45840000,317860000,366230000,2.5e+09,18,16,58,92,0.5,-15,-15,-1
"size_1_913",1535670000,154350000,78890000,536020000,195070000,2.5e+09,34,30,56,120,1535670000,154350000,78890000,536020000,195070000,2.5e+09,19,17,59,95,0.5,-15,-13,3
"size_1_914",980560000,1079210000,53530000,122880000,263820000,2.5e+09,33,32,61,126,980560000,1079210000,53530000,122880000,263820000,2.5e+09,18,12,56,86,0.5,-15,-20,-5
"size_1_915",1121870000,911160000,41370000,152830000,272770000,2.5e+09,34,27,60,121,1121870000,911160000,41370000,152830000,272770000,2.5e+09,18,14,52,84,0.5,-16,-13,-8
"size_1_916",236810000,2124850000,52930000,38050000,47360000,2.5e+09,32,21,46,99,236810000,2124850000,52930000,38050000,47360000,2.5e+09,17,9,37,63,0.5,-15,-12,-9
"size_1_917",771090000,1371290000,50660000,109410000,197550000,2.5e+09,33,33,61,127,771090000,1371290000,50660000,109410000,197550000,2.5e+09,18,12,53,83,0.5,-15,-21,-8
"size_1_918",8550000,1999790000,49610000,40410000,401640000,2.5e+09,24,18,43,85,8550000,1999790000,49610000,40410000,401640000,2.5e+09,17,12,52,81,0.5,-7,-6,9
"size_1_919",379330000,1964080000,37640000,40600000,78350000,2.5e+09,33,24,53,110,379330000,1964080000,37640000,40600000,78350000,2.5e+09,16,11,39,66,0.5,-17,-13,-14
"size_1_920",65220000,1748290000,28860000,41830000,615800000,2.5e+09,34,27,58,119,65220000,1748290000,28860000,41830000,615800000,2.5e+09,19,14,45,78,0.5,-15,-13,-13
"size_1_921",546460000,560720000,38990000,163820000,1190010000,2.5e+09,38,35,70,143,546460000,560720000,38990000,163820000,1190010000,2.5e+09,18,10,50,78,0.5,-20,-25,-20
"size_1_922",113990000,485980000,130800000,228190000,1541040000,2.5e+09,33,28,57,118,113990000,485980000,130800000,228190000,1541040000,2.5e+09,19,17,56,92,0.5,-14,-11,-1
"size_1_923",380550000,545860000,31230000,661690000,880670000,2.5e+09,31,29,58,118,380550000,545860000,31230000,661690000,880670000,2.5e+09,19,16,56,91,0.5,-12,-13,-2
"size_1_924",1661730000,334760000,15690000,174290000,313530000,2.5e+09,28,25,52,105,1661730000,334760000,15690000,174290000,313530000,2.5e+09,15,14,45,74,0.5,-13,-11,-7
"size_1_925",1368060000,903600000,53030000,101050000,74260000,2.5e+09,33,27,69,129,1368060000,903600000,53030000,101050000,74260000,2.5e+09,21,27,65,113,0.5,-12,0,-4
"size_1_926",1461750000,628480000,45470000,101590000,262710000,2.5e+09,33,27,73,133,1461750000,628480000,45470000,101590000,262710000,2.5e+09,18,19,63,100,0.5,-15,-8,-10
"size_1_927",699520000,1130120000,305550000,167510000,197300000,2.5e+09,36,29,76,141,699520000,1130120000,305550000,167510000,197300000,2.5e+09,20,20,64,104,0.5,-16,-9,-12
"size_1_928",1.002e+09,939930000,21770000,167630000,368670000,2.5e+09,29,21,56,106,1.002e+09,939930000,21770000,167630000,368670000,2.5e+09,18,16,55,89,0.5,-11,-5,-1
"size_1_929",1406180000,660310000,119620000,271220000,42670000,2.5e+09,33,27,71,131,1406180000,660310000,119620000,271220000,42670000,2.5e+09,22,21,64,107,0.5,-11,-6,-7
"size_1_930",1269430000,894900000,81810000,221820000,32040000,2.5e+09,35,31,70,136,1269430000,894900000,81810000,221820000,32040000,2.5e+09,23,24,69,116,0.5,-12,-7,-1
"size_1_931",784740000,1514270000,112630000,54830000,33530000,2.5e+09,39,31,78,148,784740000,1514270000,112630000,54830000,33530000,2.5e+09,22,25,70,117,0.5,-17,-6,-8
"size_1_932",854970000,1263790000,79340000,174720000,127180000,2.5e+09,40,35,82,157,854970000,1263790000,79340000,174720000,127180000,2.5e+09,24,29,76,129,0.5,-16,-6,-6
"size_1_933",1879650000,44750000,69890000,276700000,229010000,2.5e+09,34,29,61,124,1879650000,44750000,69890000,276700000,229010000,2.5e+09,18,13,53,84,0.5,-16,-16,-8
"size_1_934",1481500000,364600000,235820000,383290000,34790000,2.5e+09,32,27,62,121,1481500000,364600000,235820000,383290000,34790000,2.5e+09,18,19,63,100,0.5,-14,-8,1
"size_1_935",1536440000,544800000,145670000,220140000,52950000,2.5e+09,34,28,60,122,1536440000,544800000,145670000,220140000,52950000,2.5e+09,18,16,60,94,0.5,-16,-12,0
"size_1_936",996100000,1290410000,142480000,62460000,8550000,2.5e+09,36,27,76,139,996100000,1290410000,142480000,62460000,8550000,2.5e+09,20,23,65,108,0.5,-16,-4,-11
"size_1_937",378680000,1706240000,3e+07,40190000,344890000,2.5e+09,31,21,48,100,378680000,1706240000,3e+07,40190000,344890000,2.5e+09,20,14,55,89,0.5,-11,-7,7
"size_1_938",62630000,780800000,102810000,42720000,1495680000,2484640000,26,23,39,88,62630000,780800000,102810000,42720000,1495680000,2484640000,13,11,42,66,0.5,-13,-12,3
"size_1_939",132650000,1940250000,59080000,287680000,80340000,2.5e+09,25,19,37,81,132650000,1940250000,59080000,287680000,80340000,2.5e+09,15,11,45,71,0.5,-10,-8,8
"size_1_940",195530000,1873440000,115170000,18810000,297050000,2.5e+09,23,15,32,70,195530000,1873440000,115170000,18810000,297050000,2.5e+09,13,10,41,64,0.5,-10,-5,9
"size_1_941",406370000,248240000,29870000,30680000,1784840000,2.5e+09,25,20,41,86,406370000,248240000,29870000,30680000,1784840000,2.5e+09,16,13,49,78,0.5,-9,-7,8
"size_1_942",558110000,457040000,114500000,301710000,1068640000,2.5e+09,32,29,57,118,558110000,457040000,114500000,301710000,1068640000,2.5e+09,18,13,56,87,0.5,-14,-16,-1
"size_1_943",1199030000,954200000,28800000,193230000,124740000,2.5e+09,28,19,58,105,1199030000,954200000,28800000,193230000,124740000,2.5e+09,15,17,52,84,0.5,-13,-2,-6
"size_1_944",1677690000,270440000,7880000,379890000,164100000,2.5e+09,25,19,36,80,1677690000,270440000,7880000,379890000,164100000,2.5e+09,15,11,37,63,0.5,-10,-8,1
"size_1_945",978130000,1363680000,51840000,33150000,73200000,2.5e+09,31,25,69,125,978130000,1363680000,51840000,33150000,73200000,2.5e+09,19,20,60,99,0.5,-12,-5,-9
"size_1_946",704170000,1361440000,74070000,110240000,250080000,2.5e+09,31,24,56,111,704170000,1361440000,74070000,110240000,250080000,2.5e+09,21,18,54,93,0.5,-10,-6,-2
"size_1_947",796040000,983290000,76750000,220410000,423510000,2.5e+09,28,29,71,128,796040000,983290000,76750000,220410000,423510000,2.5e+09,21,21,62,104,0.5,-7,-8,-9
"size_1_948",857100000,1228190000,71400000,145310000,1.98e+08,2.5e+09,37,31,80,148,857100000,1228190000,71400000,145310000,1.98e+08,2.5e+09,20,20,65,105,0.5,-17,-11,-15
"size_1_949",1102070000,888360000,51180000,150590000,307800000,2.5e+09,35,27,74,136,1102070000,888360000,51180000,150590000,307800000,2.5e+09,21,18,61,100,0.5,-14,-9,-13
"size_1_950",1001090000,1081520000,116560000,163230000,137600000,2.5e+09,37,30,73,140,1001090000,1081520000,116560000,163230000,137600000,2.5e+09,20,23,68,111,0.5,-17,-7,-5
"size_1_951",656820000,1352140000,144250000,152160000,194630000,2.5e+09,33,24,67,124,656820000,1352140000,144250000,152160000,194630000,2.5e+09,21,20,65,106,0.5,-12,-4,-2
"size_1_952",648140000,964160000,139750000,313980000,433970000,2.5e+09,38,32,81,151,648140000,964160000,139750000,313980000,433970000,2.5e+09,21,29,80,130,0.5,-17,-3,-1
"size_1_953",834930000,1123650000,80810000,110460000,350150000,2.5e+09,35,28,68,131,834930000,1123650000,80810000,110460000,350150000,2.5e+09,21,21,66,108,0.5,-14,-7,-2
"size_1_954",634850000,1333050000,163870000,114080000,254150000,2.5e+09,43,33,87,163,634850000,1333050000,163870000,114080000,254150000,2.5e+09,23,28,86,137,0.5,-20,-5,-1
"size_1_955",737350000,1478290000,139870000,77180000,67310000,2.5e+09,33,24,68,125,737350000,1478290000,139870000,77180000,67310000,2.5e+09,18,22,66,106,0.5,-15,-2,-2
"size_1_956",355140000,1678380000,172830000,162930000,130720000,2.5e+09,37,28,63,128,355140000,1678380000,172830000,162930000,130720000,2.5e+09,22,26,76,124,0.5,-15,-2,13
"size_1_957",627450000,1.349e+09,121990000,215160000,186400000,2.5e+09,32,25,57,114,627450000,1.349e+09,121990000,215160000,186400000,2.5e+09,18,21,64,103,0.5,-14,-4,7
"size_1_958",628980000,1251470000,223850000,274390000,121310000,2.5e+09,45,30,80,155,628980000,1251470000,223850000,274390000,121310000,2.5e+09,23,32,78,133,0.5,-22,2,-2
"size_1_959",276940000,579830000,50820000,114860000,1477550000,2.5e+09,29,27,63,119,276940000,579830000,50820000,114860000,1477550000,2.5e+09,21,21,67,109,0.5,-8,-6,4
"size_1_960",1013320000,310780000,34580000,267030000,874290000,2.5e+09,28,30,57,115,1013320000,310780000,34580000,267030000,874290000,2.5e+09,17,18,58,93,0.5,-11,-12,1
"size_1_961",967500000,1308240000,25430000,116150000,82680000,2.5e+09,30,24,55,109,967500000,1308240000,25430000,116150000,82680000,2.5e+09,13,13,45,71,0.5,-17,-11,-10
"size_1_962",1521030000,537750000,27820000,319280000,94120000,2.5e+09,23,20,42,85,1521030000,537750000,27820000,319280000,94120000,2.5e+09,14,8,36,58,0.5,-9,-12,-6
"size_1_963",643310000,1448220000,52280000,110750000,245440000,2.5e+09,33,23,59,115,643310000,1448220000,52280000,110750000,245440000,2.5e+09,20,20,64,104,0.5,-13,-3,5
"size_1_964",1077270000,1059650000,78300000,73830000,210950000,2.5e+09,32,26,72,130,1077270000,1059650000,78300000,73830000,210950000,2.5e+09,21,21,64,106,0.5,-11,-5,-8
"size_1_965",440600000,1598380000,113580000,68450000,278990000,2.5e+09,37,29,72,138,440600000,1598380000,113580000,68450000,278990000,2.5e+09,21,21,73,115,0.5,-16,-8,1
"size_1_966",780220000,1278020000,151170000,139890000,150700000,2.5e+09,31,30,68,129,780220000,1278020000,151170000,139890000,150700000,2.5e+09,19,18,63,100,0.5,-12,-12,-5
"size_1_967",402720000,1702470000,173320000,94070000,127420000,2.5e+09,39,31,82,152,402720000,1702470000,173320000,94070000,127420000,2.5e+09,23,26,74,123,0.5,-16,-5,-8
"size_1_968",727620000,924260000,161810000,337010000,349300000,2.5e+09,40,30,78,148,727620000,924260000,161810000,337010000,349300000,2.5e+09,19,25,72,116,0.5,-21,-5,-6
"size_1_969",291110000,426020000,78160000,181760000,1522950000,2.5e+09,43,31,76,150,291110000,426020000,78160000,181760000,1522950000,2.5e+09,20,30,64,114,0.5,-23,-1,-12
"size_1_970",234220000,1016020000,66980000,251550000,931230000,2.5e+09,47,32,89,168,234220000,1016020000,66980000,251550000,931230000,2.5e+09,27,33,75,135,0.5,-20,1,-14
"size_1_971",77750000,1121030000,276850000,69060000,955310000,2.5e+09,43,30,76,149,77750000,1121030000,276850000,69060000,955310000,2.5e+09,20,33,75,128,0.5,-23,3,-1
"size_1_972",2570000,343850000,46670000,15600000,1694590000,2103280000,40,30,69,139,2570000,343850000,46670000,15600000,1694590000,2103280000,14,26,56,96,0.5,-26,-4,-13
"size_1_973",481590000,1598240000,97330000,309780000,13060000,2.5e+09,37,21,70,128,481590000,1598240000,97330000,309780000,13060000,2.5e+09,14,20,64,98,0.5,-23,-1,-6
"size_1_974",644060000,840360000,158080000,715590000,141910000,2.5e+09,40,26,76,142,644060000,840360000,158080000,715590000,141910000,2.5e+09,18,25,76,119,0.5,-22,-1,0
"size_1_975",563470000,1282630000,155610000,450880000,47410000,2.5e+09,37,27,72,136,563470000,1282630000,155610000,450880000,47410000,2.5e+09,19,21,70,110,0.5,-18,-6,-2
"size_1_976",783720000,910570000,196660000,529440000,79610000,2.5e+09,35,28,69,132,783720000,910570000,196660000,529440000,79610000,2.5e+09,17,21,70,108,0.5,-18,-7,1
"size_1_977",1124670000,677650000,90300000,579560000,27820000,2.5e+09,42,29,85,156,1124670000,677650000,90300000,579560000,27820000,2.5e+09,21,27,78,126,0.5,-21,-2,-7
"size_1_978",651060000,1225110000,132490000,448250000,43090000,2.5e+09,40,31,78,149,651060000,1225110000,132490000,448250000,43090000,2.5e+09,19,29,73,121,0.5,-21,-2,-5
"size_1_979",824080000,1070640000,76490000,506610000,22180000,2.5e+09,41,32,89,162,824080000,1070640000,76490000,506610000,22180000,2.5e+09,19,26,66,111,0.5,-22,-6,-23
"size_1_980",1414200000,109140000,78290000,708420000,189950000,2.5e+09,40,32,84,156,1414200000,109140000,78290000,708420000,189950000,2.5e+09,18,19,61,98,0.5,-22,-13,-23
"size_1_981",1249270000,505120000,160970000,437120000,147520000,2.5e+09,39,31,82,152,1249270000,505120000,160970000,437120000,147520000,2.5e+09,22,30,71,123,0.5,-17,-1,-11
"size_1_982",1130730000,681330000,97800000,535140000,5.5e+07,2.5e+09,39,30,87,156,1130730000,681330000,97800000,535140000,5.5e+07,2.5e+09,21,29,71,121,0.5,-18,-1,-16
"size_1_983",739140000,909360000,103810000,4.51e+08,296690000,2.5e+09,39,31,87,157,739140000,909360000,103810000,4.51e+08,296690000,2.5e+09,25,29,74,128,0.5,-14,-2,-13
"size_1_984",921180000,1188830000,137800000,206930000,45260000,2.5e+09,39,31,86,156,921180000,1188830000,137800000,206930000,45260000,2.5e+09,18,28,67,113,0.5,-21,-3,-19
"size_1_985",449400000,1293200000,345270000,380320000,31810000,2.5e+09,36,27,79,142,449400000,1293200000,345270000,380320000,31810000,2.5e+09,19,26,71,116,0.5,-17,-1,-8
"size_1_986",309600000,1728750000,188070000,230870000,42710000,2.5e+09,37,27,75,139,309600000,1728750000,188070000,230870000,42710000,2.5e+09,20,27,71,118,0.5,-17,0,-4
"size_1_987",745250000,855620000,269260000,520750000,109120000,2.5e+09,37,28,73,138,745250000,855620000,269260000,520750000,109120000,2.5e+09,20,24,63,107,0.5,-17,-4,-10
"size_1_988",1084270000,932670000,95150000,317540000,70370000,2.5e+09,40,27,77,144,1084270000,932670000,95150000,317540000,70370000,2.5e+09,19,25,69,113,0.5,-21,-2,-8
"size_1_989",1032440000,852640000,157070000,347950000,109900000,2.5e+09,42,26,74,142,1032440000,852640000,157070000,347950000,109900000,2.5e+09,20,31,68,119,0.5,-22,5,-6
"size_1_990",849860000,1131160000,114940000,355210000,48830000,2.5e+09,41,24,72,137,849860000,1131160000,114940000,355210000,48830000,2.5e+09,25,28,72,125,0.5,-16,4,0
"size_1_991",1182250000,680050000,105180000,389880000,142640000,2.5e+09,41,29,82,152,1182250000,680050000,105180000,389880000,142640000,2.5e+09,21,31,67,119,0.5,-20,2,-15
"size_1_992",582900000,587070000,840320000,359670000,130040000,2.5e+09,41,30,85,156,582900000,587070000,840320000,359670000,130040000,2.5e+09,20,30,76,126,0.5,-21,0,-9
"size_1_993",369660000,1428180000,124160000,501650000,76350000,2.5e+09,42,30,75,147,369660000,1428180000,124160000,501650000,76350000,2.5e+09,19,30,67,116,0.5,-23,0,-8
"size_1_994",643140000,1134480000,66900000,367080000,288400000,2.5e+09,45,30,85,160,643140000,1134480000,66900000,367080000,288400000,2.5e+09,21,29,68,118,0.5,-24,-1,-17
"size_1_995",309990000,1563920000,86290000,429220000,110580000,2.5e+09,42,31,81,154,309990000,1563920000,86290000,429220000,110580000,2.5e+09,24,31,70,125,0.5,-18,0,-11
"size_1_996",807070000,1081140000,84810000,350790000,176190000,2.5e+09,42,26,78,146,807070000,1081140000,84810000,350790000,176190000,2.5e+09,21,30,71,122,0.5,-21,4,-7
"size_1_997",90440000,105480000,25620000,63860000,2023800000,2309200000,43,28,74,145,90440000,105480000,25620000,63860000,2023800000,2309200000,17,25,62,104,0.5,-26,-3,-12
"size_1_998",435700000,836690000,51520000,104720000,1071370000,2.5e+09,45,34,82,161,435700000,836690000,51520000,104720000,1071370000,2.5e+09,21,32,75,128,0.5,-24,-2,-7
"size_1_999",18410000,399790000,28680000,23750000,1371050000,1841680000,38,28,59,125,18410000,399790000,28680000,23750000,1371050000,1841680000,13,24,58,95,0.5,-25,-4,-1
"size_1_1000",975490000,722320000,125220000,600110000,76860000,2.5e+09,32,23,68,123,975490000,722320000,125220000,600110000,76860000,2.5e+09,22,21,60,103,0.5,-10,-2,-8
"size_1_1001",582280000,1428500000,286750000,162980000,39490000,2.5e+09,38,21,75,134,582280000,1428500000,286750000,162980000,39490000,2.5e+09,22,19,70,111,0.5,-16,-2,-5
"size_1_1002",1211520000,864940000,84330000,310830000,28380000,2.5e+09,38,25,71,134,1211520000,864940000,84330000,310830000,28380000,2.5e+09,16,24,58,98,0.5,-22,-1,-13
"size_1_1003",839790000,1068090000,171150000,377720000,43250000,2.5e+09,35,26,72,133,839790000,1068090000,171150000,377720000,43250000,2.5e+09,21,22,67,110,0.5,-14,-4,-5
"size_1_1004",766350000,1287300000,85420000,299080000,61850000,2.5e+09,42,33,84,159,766350000,1287300000,85420000,299080000,61850000,2.5e+09,26,31,77,134,0.5,-16,-2,-7
"size_1_1005",1156960000,594180000,42400000,563440000,143020000,2.5e+09,41,38,91,170,1156960000,594180000,42400000,563440000,143020000,2.5e+09,27,32,82,141,0.5,-14,-6,-9
"size_1_1006",707480000,1432960000,95860000,221670000,42030000,2.5e+09,40,29,87,156,707480000,1432960000,95860000,221670000,42030000,2.5e+09,21,29,70,120,0.5,-19,0,-17
"size_1_1007",948640000,915730000,135360000,364810000,135460000,2.5e+09,46,39,94,179,948640000,915730000,135360000,364810000,135460000,2.5e+09,31,31,80,142,0.5,-15,-8,-14
"size_1_1008",416980000,1791730000,188510000,49900000,52880000,2.5e+09,38,32,84,154,416980000,1791730000,188510000,49900000,52880000,2.5e+09,22,29,74,125,0.5,-16,-3,-10
"size_1_1009",1144790000,968020000,171190000,177370000,38630000,2.5e+09,39,30,79,148,1144790000,968020000,171190000,177370000,38630000,2.5e+09,23,29,68,120,0.5,-16,-1,-11
"size_1_1010",525890000,1606570000,267310000,44140000,56090000,2.5e+09,39,30,78,147,525890000,1606570000,267310000,44140000,56090000,2.5e+09,22,31,67,120,0.5,-17,1,-11
"size_1_1011",687550000,1273670000,367290000,128200000,43290000,2.5e+09,40,29,83,152,687550000,1273670000,367290000,128200000,43290000,2.5e+09,24,25,67,116,0.5,-16,-4,-16
"size_1_1012",816030000,933170000,323680000,363760000,63360000,2.5e+09,41,27,82,150,816030000,933170000,323680000,363760000,63360000,2.5e+09,20,30,70,120,0.5,-21,3,-12
"size_1_1013",1021450000,637360000,221760000,493080000,126350000,2.5e+09,38,33,85,156,1021450000,637360000,221760000,493080000,126350000,2.5e+09,21,28,71,120,0.5,-17,-5,-14
"size_1_1014",802790000,983060000,176370000,344620000,193160000,2.5e+09,42,29,89,160,802790000,983060000,176370000,344620000,193160000,2.5e+09,23,32,73,128,0.5,-19,3,-16
"size_1_1015",1075150000,676130000,174190000,494340000,80190000,2.5e+09,39,32,84,155,1075150000,676130000,174190000,494340000,80190000,2.5e+09,21,28,66,115,0.5,-18,-4,-18
"size_1_1016",1297360000,570550000,153270000,363170000,115650000,2.5e+09,43,28,84,155,1297360000,570550000,153270000,363170000,115650000,2.5e+09,21,30,67,118,0.5,-22,2,-17
"size_1_1017",946720000,7.29e+08,193690000,376980000,253610000,2.5e+09,39,25,76,140,946720000,7.29e+08,193690000,376980000,253610000,2.5e+09,21,32,77,130,0.5,-18,7,1
"size_1_1018",1490040000,594250000,122780000,196990000,95940000,2.5e+09,39,28,77,144,1490040000,594250000,122780000,196990000,95940000,2.5e+09,19,32,72,123,0.5,-20,4,-5
"size_1_1019",1.241e+09,584560000,176810000,242080000,255550000,2.5e+09,42,29,82,153,1.241e+09,584560000,176810000,242080000,255550000,2.5e+09,20,31,73,124,0.5,-22,2,-9
"size_1_1020",968050000,954140000,120860000,328510000,128440000,2.5e+09,44,30,86,160,968050000,954140000,120860000,328510000,128440000,2.5e+09,24,33,76,133,0.5,-20,3,-10
"size_1_1021",913740000,964270000,377780000,177770000,66440000,2.5e+09,40,30,83,153,913740000,964270000,377780000,177770000,66440000,2.5e+09,22,31,74,127,0.5,-18,1,-9
"size_1_1022",708290000,1325780000,88350000,249310000,128270000,2.5e+09,46,35,90,171,708290000,1325780000,88350000,249310000,128270000,2.5e+09,19,33,71,123,0.5,-27,-2,-19
"size_1_1023",791520000,1245420000,96870000,305920000,60270000,2.5e+09,47,35,90,172,791520000,1245420000,96870000,305920000,60270000,2.5e+09,24,34,79,137,0.5,-23,-1,-11
"size_1_1024",393540000,737660000,78010000,423750000,867040000,2.5e+09,40,31,77,148,393540000,737660000,78010000,423750000,867040000,2.5e+09,23,33,78,134,0.5,-17,2,1
"size_1_1025",482550000,1426630000,79780000,421880000,89160000,2.5e+09,45,32,84,161,482550000,1426630000,79780000,421880000,89160000,2.5e+09,22,32,71,125,0.5,-23,0,-13
"size_1_1026",487020000,375540000,57720000,235300000,1344420000,2.5e+09,47,39,88,174,487020000,375540000,57720000,235300000,1344420000,2.5e+09,20,32,71,123,0.5,-27,-7,-17
"size_1_1027",949280000,701200000,209560000,387120000,252840000,2.5e+09,48,37,88,173,949280000,701200000,209560000,387120000,252840000,2.5e+09,22,32,74,128,0.5,-26,-5,-14
"size_1_1028",27890000,40310000,26170000,19850000,1266300000,1380520000,37,27,71,135,27890000,40310000,26170000,19850000,1266300000,1380520000,18,26,60,104,0.5,-19,-1,-11
"size_1_1029",306260000,485620000,85390000,130250000,1280500000,2288020000,42,35,82,159,306260000,485620000,85390000,130250000,1280500000,2288020000,17,31,68,116,0.5,-25,-4,-14
"size_1_1030",1184390000,1114920000,101050000,67890000,31750000,2.5e+09,37,27,73,137,1184390000,1114920000,101050000,67890000,31750000,2.5e+09,21,24,67,112,0.5,-16,-3,-6
"size_1_1031",1165950000,879770000,141640000,287920000,24720000,2.5e+09,33,29,70,132,1165950000,879770000,141640000,287920000,24720000,2.5e+09,20,19,65,104,0.5,-13,-10,-5
"size_1_1032",514690000,1751810000,195970000,2430000,35100000,2.5e+09,39,24,70,133,514690000,1751810000,195970000,2430000,35100000,2.5e+09,22,23,68,113,0.5,-17,-1,-2
"size_1_1033",1360620000,586090000,347890000,184940000,20460000,2.5e+09,37,28,73,138,1360620000,586090000,347890000,184940000,20460000,2.5e+09,22,21,66,109,0.5,-15,-7,-7
"size_1_1034",740190000,1454290000,97630000,183910000,23980000,2.5e+09,38,30,77,145,740190000,1454290000,97630000,183910000,23980000,2.5e+09,22,30,64,116,0.5,-16,0,-13
"size_1_1035",846850000,1394420000,97600000,130300000,30830000,2.5e+09,39,32,86,157,846850000,1394420000,97600000,130300000,30830000,2.5e+09,20,28,66,114,0.5,-19,-4,-20
"size_1_1036",777900000,1414100000,107130000,165990000,34880000,2.5e+09,39,30,73,142,777900000,1414100000,107130000,165990000,34880000,2.5e+09,24,31,67,122,0.5,-15,1,-6
"size_1_1037",648100000,1671860000,120660000,15290000,44090000,2.5e+09,40,31,83,154,648100000,1671860000,120660000,15290000,44090000,2.5e+09,24,30,76,130,0.5,-16,-1,-7
"size_1_1038",552410000,1648970000,149690000,121360000,27570000,2.5e+09,40,30,87,157,552410000,1648970000,149690000,121360000,27570000,2.5e+09,24,30,76,130,0.5,-16,0,-11
"size_1_1039",598910000,1593680000,146690000,93540000,67180000,2.5e+09,39,34,86,159,598910000,1593680000,146690000,93540000,67180000,2.5e+09,23,31,71,125,0.5,-16,-3,-15
"size_1_1040",727690000,1274720000,203100000,228230000,66260000,2.5e+09,43,35,91,169,727690000,1274720000,203100000,228230000,66260000,2.5e+09,21,31,73,125,0.5,-22,-4,-18
"size_1_1041",661330000,1424610000,175730000,203480000,34850000,2.5e+09,40,32,89,161,661330000,1424610000,175730000,203480000,34850000,2.5e+09,24,29,73,126,0.5,-16,-3,-16
"size_1_1042",1141720000,998910000,185320000,85370000,88680000,2.5e+09,39,28,81,148,1141720000,998910000,185320000,85370000,88680000,2.5e+09,18,30,66,114,0.5,-21,2,-15
"size_1_1043",1045930000,724970000,201160000,353420000,174520000,2.5e+09,39,34,83,156,1045930000,724970000,201160000,353420000,174520000,2.5e+09,23,26,66,115,0.5,-16,-8,-17
"size_1_1044",596970000,1502470000,208720000,113530000,78310000,2.5e+09,39,31,86,156,596970000,1502470000,208720000,113530000,78310000,2.5e+09,20,30,69,119,0.5,-19,-1,-17
"size_1_1045",926920000,881280000,213580000,379250000,98970000,2.5e+09,36,37,82,155,926920000,881280000,213580000,379250000,98970000,2.5e+09,24,28,66,118,0.5,-12,-9,-16
"size_1_1046",1422860000,739120000,111730000,156040000,70250000,2.5e+09,40,28,80,148,1422860000,739120000,111730000,156040000,70250000,2.5e+09,19,29,66,114,0.5,-21,1,-14
"size_1_1047",1230820000,898100000,134860000,133770000,102450000,2.5e+09,39,31,81,151,1230820000,898100000,134860000,133770000,102450000,2.5e+09,18,28,63,109,0.5,-21,-3,-18
"size_1_1048",918880000,1105290000,111240000,295280000,69310000,2.5e+09,41,33,85,159,918880000,1105290000,111240000,295280000,69310000,2.5e+09,19,27,65,111,0.5,-22,-6,-20
"size_1_1049",885510000,1153930000,1.25e+08,215430000,120130000,2.5e+09,42,32,85,159,885510000,1153930000,1.25e+08,215430000,120130000,2.5e+09,20,30,70,120,0.5,-22,-2,-15
"size_1_1050",965230000,1187530000,58760000,202330000,86150000,2.5e+09,44,34,82,160,965230000,1187530000,58760000,202330000,86150000,2.5e+09,20,30,68,118,0.5,-24,-4,-14
"size_1_1051",1257440000,778310000,107340000,275900000,81010000,2.5e+09,39,31,86,156,1257440000,778310000,107340000,275900000,81010000,2.5e+09,22,31,72,125,0.5,-17,0,-14
"size_1_1052",1588450000,559260000,42820000,232750000,76720000,2.5e+09,43,35,84,162,1588450000,559260000,42820000,232750000,76720000,2.5e+09,22,29,67,118,0.5,-21,-6,-17
"size_1_1053",1199320000,1051280000,52600000,113710000,83090000,2.5e+09,39,31,85,155,1199320000,1051280000,52600000,113710000,83090000,2.5e+09,19,30,68,117,0.5,-20,-1,-17
"size_1_1054",773560000,1206140000,81570000,310600000,128130000,2.5e+09,38,29,76,143,773560000,1206140000,81570000,310600000,128130000,2.5e+09,19,33,68,120,0.5,-19,4,-8
"size_1_1055",741960000,1309430000,93160000,235090000,120360000,2.5e+09,42,33,82,157,741960000,1309430000,93160000,235090000,120360000,2.5e+09,20,31,68,119,0.5,-22,-2,-14
"size_1_1056",1087640000,1054870000,75120000,206860000,75510000,2.5e+09,36,29,73,138,1087640000,1054870000,75120000,206860000,75510000,2.5e+09,18,28,65,111,0.5,-18,-1,-8
"size_1_1057",1244340000,807730000,69250000,146590000,232090000,2.5e+09,38,29,76,143,1244340000,807730000,69250000,146590000,232090000,2.5e+09,20,32,69,121,0.5,-18,3,-7
"size_1_1058",1062840000,1021350000,88840000,209260000,117710000,2.5e+09,41,32,80,153,1062840000,1021350000,88840000,209260000,117710000,2.5e+09,20,33,67,120,0.5,-21,1,-13
"size_1_1059",455470000,392940000,31590000,197280000,1338260000,2415540000,41,35,78,154,455470000,392940000,31590000,197280000,1338260000,2415540000,19,32,70,121,0.5,-22,-3,-8
"size_1_1060",1103760000,1033810000,76800000,153510000,132120000,2.5e+09,38,33,77,148,1103760000,1033810000,76800000,153510000,132120000,2.5e+09,17,31,62,110,0.5,-21,-2,-15
"size_1_1061",446640000,1789840000,189860000,31900000,41760000,2.5e+09,38,30,76,144,446640000,1789840000,189860000,31900000,41760000,2.5e+09,25,30,73,128,0.5,-13,0,-3
"size_1_1062",361850000,1544410000,368850000,35060000,189830000,2.5e+09,42,32,87,161,361850000,1544410000,368850000,35060000,189830000,2.5e+09,25,27,82,134,0.5,-17,-5,-5
"size_1_1063",941890000,1266640000,165010000,61150000,65310000,2.5e+09,45,36,91,172,941890000,1266640000,165010000,61150000,65310000,2.5e+09,21,27,72,120,0.5,-24,-9,-19
"size_1_1064",307580000,1730770000,312790000,18630000,130230000,2.5e+09,43,34,90,167,307580000,1730770000,312790000,18630000,130230000,2.5e+09,25,28,81,134,0.5,-18,-6,-9
"size_1_1065",1045110000,1094210000,198050000,85360000,77270000,2.5e+09,38,29,78,145,1045110000,1094210000,198050000,85360000,77270000,2.5e+09,20,27,66,113,0.5,-18,-2,-12
"size_1_1066",326190000,1870520000,210360000,14100000,78830000,2.5e+09,47,36,93,176,326190000,1870520000,210360000,14100000,78830000,2.5e+09,26,30,83,139,0.5,-21,-6,-10
"size_1_1067",592680000,1480780000,253560000,95440000,77540000,2.5e+09,41,37,88,166,592680000,1480780000,253560000,95440000,77540000,2.5e+09,27,31,82,140,0.5,-14,-6,-6
"size_1_1068",786430000,1295070000,182830000,198010000,37660000,2.5e+09,45,39,90,174,786430000,1295070000,182830000,198010000,37660000,2.5e+09,26,30,81,137,0.5,-19,-9,-9
"size_1_1069",1045930000,904470000,97230000,322440000,129930000,2.5e+09,39,35,78,152,1045930000,904470000,97230000,322440000,129930000,2.5e+09,22,29,71,122,0.5,-17,-6,-7
"size_1_1070",921180000,1106970000,159680000,282980000,29190000,2.5e+09,40,31,81,152,921180000,1106970000,159680000,282980000,29190000,2.5e+09,23,31,68,122,0.5,-17,0,-13
"size_1_1071",602910000,1469760000,1.66e+08,161320000,100010000,2.5e+09,40,33,81,154,602910000,1469760000,1.66e+08,161320000,100010000,2.5e+09,28,30,71,129,0.5,-12,-3,-10
"size_1_1072",700630000,863180000,110900000,569810000,255480000,2.5e+09,40,39,91,170,700630000,863180000,110900000,569810000,255480000,2.5e+09,26,29,70,125,0.5,-14,-10,-21
"size_1_1073",513130000,1454970000,321090000,140850000,69960000,2.5e+09,43,32,85,160,513130000,1454970000,321090000,140850000,69960000,2.5e+09,21,30,70,121,0.5,-22,-2,-15
"size_1_1074",408770000,1834220000,170220000,50070000,36720000,2.5e+09,37,28,72,137,408770000,1834220000,170220000,50070000,36720000,2.5e+09,22,30,72,124,0.5,-15,2,0
"size_1_1075",754660000,1310440000,151290000,194950000,88660000,2.5e+09,41,34,85,160,754660000,1310440000,151290000,194950000,88660000,2.5e+09,21,32,70,123,0.5,-20,-2,-15
"size_1_1076",733390000,1418370000,165560000,113980000,68700000,2.5e+09,40,34,83,157,733390000,1418370000,165560000,113980000,68700000,2.5e+09,22,30,68,120,0.5,-18,-4,-15
"size_1_1077",472420000,1600660000,149970000,218070000,58880000,2.5e+09,43,36,90,169,472420000,1600660000,149970000,218070000,58880000,2.5e+09,21,32,73,126,0.5,-22,-4,-17
"size_1_1078",591120000,1523580000,141890000,196690000,46720000,2.5e+09,41,32,85,158,591120000,1523580000,141890000,196690000,46720000,2.5e+09,22,31,71,124,0.5,-19,-1,-14
"size_1_1079",437790000,1726200000,113660000,193850000,28500000,2.5e+09,39,34,87,160,437790000,1726200000,113660000,193850000,28500000,2.5e+09,18,33,69,120,0.5,-21,-1,-18
"size_1_1080",734250000,1350080000,133520000,212780000,69370000,2.5e+09,42,33,88,163,734250000,1350080000,133520000,212780000,69370000,2.5e+09,22,31,71,124,0.5,-20,-2,-17
"size_1_1081",818650000,1191460000,105200000,325710000,58980000,2.5e+09,41,35,85,161,818650000,1191460000,105200000,325710000,58980000,2.5e+09,21,32,70,123,0.5,-20,-3,-15
"size_1_1082",686500000,1294130000,315960000,104060000,99350000,2.5e+09,40,31,83,154,686500000,1294130000,315960000,104060000,99350000,2.5e+09,20,29,68,117,0.5,-20,-2,-15
"size_1_1083",489850000,1503870000,126820000,271950000,107510000,2.5e+09,38,33,82,153,489850000,1503870000,126820000,271950000,107510000,2.5e+09,20,30,65,115,0.5,-18,-3,-17
"size_1_1084",423180000,1797640000,108630000,69310000,101240000,2.5e+09,36,27,76,139,423180000,1797640000,108630000,69310000,101240000,2.5e+09,18,31,65,114,0.5,-18,4,-11
"size_1_1085",1381970000,733660000,53510000,162050000,168810000,2.5e+09,37,29,75,141,1381970000,733660000,53510000,162050000,168810000,2.5e+09,16,31,65,112,0.5,-21,2,-10
"size_1_1086",1146400000,1004440000,70420000,140590000,138150000,2.5e+09,39,30,81,150,1146400000,1004440000,70420000,140590000,138150000,2.5e+09,21,27,68,116,0.5,-18,-3,-13
"size_1_1087",1308090000,659170000,53330000,168930000,310480000,2.5e+09,42,32,83,157,1308090000,659170000,53330000,168930000,310480000,2.5e+09,19,29,70,118,0.5,-23,-3,-13
"size_1_1088",614750000,1577220000,66420000,112090000,129520000,2.5e+09,43,37,81,161,614750000,1577220000,66420000,112090000,129520000,2.5e+09,19,31,63,113,0.5,-24,-6,-18
"size_1_1089",531840000,1676900000,248480000,9730000,33050000,2.5e+09,36,30,77,143,531840000,1676900000,248480000,9730000,33050000,2.5e+09,22,23,70,115,0.5,-14,-7,-7
"size_1_1090",86830000,2162830000,201460000,7260000,41620000,2.5e+09,37,31,76,144,86830000,2162830000,201460000,7260000,41620000,2.5e+09,23,27,75,125,0.5,-14,-4,-1
"size_1_1091",156190000,482620000,181380000,15270000,1653830000,2489290000,38,29,63,130,156190000,482620000,181380000,15270000,1653830000,2489290000,15,28,69,112,0.5,-23,-1,6
"size_1_1092",891460000,677120000,109800000,46930000,774690000,2.5e+09,43,33,77,153,891460000,677120000,109800000,46930000,774690000,2.5e+09,23,33,75,131,0.5,-20,0,-2
"size_1_1093",823970000,1057310000,160410000,75110000,383200000,2.5e+09,45,36,78,159,823970000,1057310000,160410000,75110000,383200000,2.5e+09,18,30,72,120,0.5,-27,-6,-6
"size_1_1094",754140000,249480000,217420000,29530000,1249430000,2.5e+09,41,35,76,152,754140000,249480000,217420000,29530000,1249430000,2.5e+09,21,32,69,122,0.5,-20,-3,-7
"size_1_1095",68680000,223550000,37470000,26320000,1837520000,2193540000,43,36,73,152,68680000,223550000,37470000,26320000,1837520000,2193540000,19,32,74,125,0.5,-24,-4,1
"size_1_1096",1827970000,279210000,73780000,15630000,303410000,2.5e+09,36,29,74,139,1827970000,279210000,73780000,15630000,303410000,2.5e+09,17,27,68,112,0.5,-19,-2,-6
"size_1_1097",1723890000,416410000,30930000,10600000,318170000,2.5e+09,39,30,73,142,1723890000,416410000,30930000,10600000,318170000,2.5e+09,16,27,67,110,0.5,-23,-3,-6
"size_1_1098",512640000,1264250000,47170000,12470000,663470000,2.5e+09,41,31,74,146,512640000,1264250000,47170000,12470000,663470000,2.5e+09,19,35,74,128,0.5,-22,4,0
"size_1_1099",1606720000,559140000,64580000,28930000,240630000,2.5e+09,39,30,69,138,1606720000,559140000,64580000,28930000,240630000,2.5e+09,16,30,67,113,0.5,-23,0,-2
"size_1_1100",1678520000,327990000,24950000,8090000,460450000,2.5e+09,36,28,71,135,1678520000,327990000,24950000,8090000,460450000,2.5e+09,18,30,70,118,0.5,-18,2,-1
"size_1_1101",573350000,216250000,14810000,1690000,1693900000,2.5e+09,38,30,65,133,573350000,216250000,14810000,1690000,1693900000,2.5e+09,17,30,69,116,0.5,-21,0,4
"size_1_1102",2031290000,80010000,10580000,0,378120000,2.5e+09,35,23,63,121,2031290000,80010000,10580000,0,378120000,2.5e+09,16,22,56,94,0.5,-19,-1,-7
"size_1_1103",1849520000,206140000,26430000,2680000,415230000,2.5e+09,36,25,70,131,1849520000,206140000,26430000,2680000,415230000,2.5e+09,17,25,67,109,0.5,-19,0,-3
"size_1_1104",1584710000,13050000,18700000,490000,883050000,2.5e+09,34,24,66,124,1584710000,13050000,18700000,490000,883050000,2.5e+09,19,25,54,98,0.5,-15,1,-12
"size_1_1105",1941870000,21010000,3980000,0,533140000,2.5e+09,35,24,62,121,1941870000,21010000,3980000,0,533140000,2.5e+09,17,26,57,100,0.5,-18,2,-5
"size_1_1106",1341380000,15480000,10960000,690000,1131490000,2.5e+09,39,29,78,146,1341380000,15480000,10960000,690000,1131490000,2.5e+09,20,25,57,102,0.5,-19,-4,-21
"size_1_1107",674990000,11210000,1320000,21770000,1790710000,2.5e+09,32,27,62,121,674990000,11210000,1320000,21770000,1790710000,2.5e+09,16,21,44,81,0.5,-16,-6,-18
"size_1_1108",861590000,7660000,8210000,42390000,1580150000,2.5e+09,35,27,66,128,861590000,7660000,8210000,42390000,1580150000,2.5e+09,16,25,55,96,0.5,-19,-2,-11
"size_1_1109",1749780000,243850000,37110000,19590000,449670000,2.5e+09,39,30,74,143,1749780000,243850000,37110000,19590000,449670000,2.5e+09,15,29,69,113,0.5,-24,-1,-5
"size_1_1110",1553200000,602760000,92860000,112870000,138310000,2.5e+09,45,35,77,157,1553200000,602760000,92860000,112870000,138310000,2.5e+09,16,32,76,124,0.5,-29,-3,-1
"size_1_1111",1553780000,249390000,21170000,24470000,651190000,2.5e+09,38,31,74,143,1553780000,249390000,21170000,24470000,651190000,2.5e+09,16,28,71,115,0.5,-22,-3,-3
"size_1_1112",1215810000,384870000,79260000,67390000,752670000,2.5e+09,45,36,88,169,1215810000,384870000,79260000,67390000,752670000,2.5e+09,22,36,80,138,0.5,-23,0,-8
"size_1_1113",1927420000,211260000,53630000,9860000,297830000,2.5e+09,36,32,74,142,1927420000,211260000,53630000,9860000,297830000,2.5e+09,15,29,67,111,0.5,-21,-3,-7
"size_1_1114",1631100000,243060000,52330000,15620000,557890000,2.5e+09,39,33,76,148,1631100000,243060000,52330000,15620000,557890000,2.5e+09,15,29,71,115,0.5,-24,-4,-5
"size_1_1115",1811430000,360630000,50800000,35130000,242010000,2.5e+09,37,29,66,132,1811430000,360630000,50800000,35130000,242010000,2.5e+09,16,28,71,115,0.5,-21,-1,5
"size_1_1116",1738250000,237720000,58190000,16520000,449320000,2.5e+09,37,31,71,139,1738250000,237720000,58190000,16520000,449320000,2.5e+09,16,29,69,114,0.5,-21,-2,-2
"size_1_1117",1062820000,1111470000,64070000,90200000,171440000,2.5e+09,38,35,76,149,1062820000,1111470000,64070000,90200000,171440000,2.5e+09,21,32,74,127,0.5,-17,-3,-2
"size_1_1118",1484920000,648640000,56440000,61510000,248490000,2.5e+09,40,29,69,138,1484920000,648640000,56440000,61510000,248490000,2.5e+09,19,31,72,122,0.5,-21,2,3
"size_1_1119",692870000,518010000,39660000,20420000,1229040000,2.5e+09,41,33,78,152,692870000,518010000,39660000,20420000,1229040000,2.5e+09,21,32,72,125,0.5,-20,-1,-6
"size_1_1120",1257050000,374710000,56610000,42160000,769470000,2.5e+09,40,28,66,134,1257050000,374710000,56610000,42160000,769470000,2.5e+09,18,32,74,124,0.5,-22,4,8
"size_1_1121",676320000,294220000,81480000,6540000,1441440000,2.5e+09,38,29,74,141,676320000,294220000,81480000,6540000,1441440000,2.5e+09,20,31,73,124,0.5,-18,2,-1
"size_1_1122",396340000,230140000,19370000,3650000,1850500000,2.5e+09,37,30,71,138,396340000,230140000,19370000,3650000,1850500000,2.5e+09,18,26,72,116,0.5,-19,-4,1
"size_1_1123",1734910000,322920000,61900000,8520000,371750000,2.5e+09,38,29,75,142,1734910000,322920000,61900000,8520000,371750000,2.5e+09,21,31,75,127,0.5,-17,2,0
"size_1_1124",1494110000,291730000,25290000,8250000,680620000,2.5e+09,39,30,75,144,1494110000,291730000,25290000,8250000,680620000,2.5e+09,21,31,72,124,0.5,-18,1,-3
"size_1_1125",1821420000,60310000,14150000,8e+05,603320000,2.5e+09,37,23,62,122,1821420000,60310000,14150000,8e+05,603320000,2.5e+09,15,22,55,92,0.5,-22,-1,-7
"size_1_1126",1869170000,195800000,17960000,4950000,412120000,2.5e+09,35,28,69,132,1869170000,195800000,17960000,4950000,412120000,2.5e+09,15,26,67,108,0.5,-20,-2,-2
"size_1_1127",1876480000,14440000,10590000,530000,597960000,2.5e+09,34,24,66,124,1876480000,14440000,10590000,530000,597960000,2.5e+09,17,26,62,105,0.5,-17,2,-4
"size_1_1128",1930770000,40240000,27550000,1810000,499630000,2.5e+09,34,26,64,124,1930770000,40240000,27550000,1810000,499630000,2.5e+09,17,22,65,104,0.5,-17,-4,1
"size_1_1129",1802420000,26820000,23020000,2760000,644980000,2.5e+09,36,24,64,124,1802420000,26820000,23020000,2760000,644980000,2.5e+09,15,21,59,95,0.5,-21,-3,-5
"size_1_1130",1763600000,28360000,16710000,3360000,687970000,2.5e+09,35,25,62,122,1763600000,28360000,16710000,3360000,687970000,2.5e+09,18,26,59,103,0.5,-17,1,-3
"size_1_1131",1863240000,63130000,43140000,9600000,520890000,2.5e+09,38,30,72,140,1863240000,63130000,43140000,9600000,520890000,2.5e+09,18,30,68,116,0.5,-20,0,-4
"size_1_1132",1493640000,3090000,5220000,1500000,996550000,2.5e+09,34,26,63,123,1493640000,3090000,5220000,1500000,996550000,2.5e+09,13,21,44,78,0.5,-21,-5,-19
"size_1_1133",1658450000,930000,3790000,310000,836520000,2.5e+09,33,26,61,120,1658450000,930000,3790000,310000,836520000,2.5e+09,14,21,45,80,0.5,-19,-5,-16
"size_1_1134",1687400000,16970000,9840000,2520000,783270000,2.5e+09,33,26,64,123,1687400000,16970000,9840000,2520000,783270000,2.5e+09,14,21,50,85,0.5,-19,-5,-14
"size_1_1135",1717430000,280000,1510000,0,780780000,2.5e+09,33,26,61,120,1717430000,280000,1510000,0,780780000,2.5e+09,12,18,45,75,0.5,-21,-8,-16
"size_1_1136",1200820000,2760000,6940000,30950000,1258530000,2.5e+09,34,28,64,126,1200820000,2760000,6940000,30950000,1258530000,2.5e+09,14,21,46,81,0.5,-20,-7,-18
"size_1_1137",1587340000,8750000,12430000,4640000,886840000,2.5e+09,34,26,68,128,1587340000,8750000,12430000,4640000,886840000,2.5e+09,15,24,52,91,0.5,-19,-2,-16
"size_1_1138",1675540000,163180000,7600000,740000,652940000,2.5e+09,34,27,69,130,1675540000,163180000,7600000,740000,652940000,2.5e+09,14,23,59,96,0.5,-20,-4,-10
"size_1_1139",1704180000,23550000,10740000,2360000,759170000,2.5e+09,33,26,62,121,1704180000,23550000,10740000,2360000,759170000,2.5e+09,17,25,50,92,0.5,-16,-1,-12
"size_1_1140",1650980000,65240000,13610000,10070000,760100000,2.5e+09,35,27,74,136,1650980000,65240000,13610000,10070000,760100000,2.5e+09,21,27,57,105,0.5,-14,0,-17
"size_1_1141",2009820000,158960000,26680000,12120000,292420000,2.5e+09,38,30,72,140,2009820000,158960000,26680000,12120000,292420000,2.5e+09,14,25,62,101,0.5,-24,-5,-10
"size_1_1142",778870000,175930000,49010000,30700000,1465420000,2499930000,43,35,84,162,778870000,175930000,49010000,30700000,1465420000,2499930000,26,38,77,141,0.5,-17,3,-7
"size_1_1143",204290000,393420000,58350000,153520000,1688990000,2498570000,46,36,88,170,204290000,393420000,58350000,153520000,1688990000,2498570000,24,40,78,142,0.5,-22,4,-10
"size_1_1144",1973960000,264810000,40260000,22690000,198280000,2.5e+09,37,28,66,131,1973960000,264810000,40260000,22690000,198280000,2.5e+09,16,28,65,109,0.5,-21,0,-1
"size_1_1145",2.055e+09,122390000,18780000,17210000,286620000,2.5e+09,36,29,71,136,2.055e+09,122390000,18780000,17210000,286620000,2.5e+09,15,27,69,111,0.5,-21,-2,-2
"size_1_1146",1976500000,180640000,26300000,17320000,299240000,2.5e+09,41,32,81,154,1976500000,180640000,26300000,17320000,299240000,2.5e+09,17,33,73,123,0.5,-24,1,-8
"size_1_1147",1669970000,193220000,41200000,9880000,585730000,2.5e+09,42,34,78,154,1669970000,193220000,41200000,9880000,585730000,2.5e+09,17,33,70,120,0.5,-25,-1,-8
"size_1_1148",1009490000,1076010000,115390000,52470000,246640000,2.5e+09,42,31,71,144,1009490000,1076010000,115390000,52470000,246640000,2.5e+09,19,33,75,127,0.5,-23,2,4
"size_1_1149",1869470000,211590000,18140000,41740000,359060000,2.5e+09,38,30,65,133,1869470000,211590000,18140000,41740000,359060000,2.5e+09,17,29,69,115,0.5,-21,-1,4
"size_1_1150",818750000,477560000,18570000,21100000,1164020000,2.5e+09,43,32,84,159,818750000,477560000,18570000,21100000,1164020000,2.5e+09,20,35,74,129,0.5,-23,3,-10
"size_1_1151",1023020000,888930000,105450000,18490000,464110000,2.5e+09,43,30,75,148,1023020000,888930000,105450000,18490000,464110000,2.5e+09,22,34,73,129,0.5,-21,4,-2
"size_1_1152",1842220000,337160000,37770000,22790000,260060000,2.5e+09,37,30,70,137,1842220000,337160000,37770000,22790000,260060000,2.5e+09,16,30,69,115,0.5,-21,0,-1
"size_1_1153",1134200000,769820000,91350000,21340000,483290000,2.5e+09,39,28,72,139,1134200000,769820000,91350000,21340000,483290000,2.5e+09,22,29,74,125,0.5,-17,1,2
"size_1_1154",1499220000,499680000,47860000,18760000,434480000,2.5e+09,39,30,70,139,1499220000,499680000,47860000,18760000,434480000,2.5e+09,20,31,73,124,0.5,-19,1,3
"size_1_1155",1850240000,200880000,59920000,2100000,386860000,2.5e+09,37,30,71,138,1850240000,200880000,59920000,2100000,386860000,2.5e+09,18,31,72,121,0.5,-19,1,1
"size_1_1156",1837730000,220080000,27780000,2810000,411600000,2.5e+09,38,30,71,139,1837730000,220080000,27780000,2810000,411600000,2.5e+09,16,29,68,113,0.5,-22,-1,-3
"size_1_1157",1666110000,428600000,39960000,9080000,356250000,2.5e+09,38,30,71,139,1666110000,428600000,39960000,9080000,356250000,2.5e+09,19,32,68,119,0.5,-19,2,-3
"size_1_1158",1208750000,735010000,108830000,17060000,430350000,2.5e+09,41,33,77,151,1208750000,735010000,108830000,17060000,430350000,2.5e+09,23,34,74,131,0.5,-18,1,-3
"size_1_1159",1893960000,43760000,10850000,4910000,546520000,2.5e+09,37,24,69,130,1893960000,43760000,10850000,4910000,546520000,2.5e+09,17,28,57,102,0.5,-20,4,-12
"size_1_1160",1790190000,158690000,21080000,2070000,527970000,2.5e+09,38,31,67,136,1790190000,158690000,21080000,2070000,527970000,2.5e+09,19,28,66,113,0.5,-19,-3,-1
"size_1_1161",1818020000,154460000,44610000,5600000,477310000,2.5e+09,35,26,68,129,1818020000,154460000,44610000,5600000,477310000,2.5e+09,20,28,66,114,0.5,-15,2,-2
"size_1_1162",1763640000,38700000,5600000,590000,691470000,2.5e+09,37,27,69,133,1763640000,38700000,5600000,590000,691470000,2.5e+09,16,21,56,93,0.5,-21,-6,-13
"size_1_1163",1800840000,36250000,9200000,1100000,652610000,2.5e+09,40,30,72,142,1800840000,36250000,9200000,1100000,652610000,2.5e+09,18,28,62,108,0.5,-22,-2,-10
"size_1_1164",1868380000,102600000,17920000,3320000,507780000,2.5e+09,38,27,73,138,1868380000,102600000,17920000,3320000,507780000,2.5e+09,19,30,62,111,0.5,-19,3,-11
"size_1_1165",1908060000,223160000,25080000,2500000,341200000,2.5e+09,39,30,72,141,1908060000,223160000,25080000,2500000,341200000,2.5e+09,20,30,65,115,0.5,-19,0,-7
"size_1_1166",1805820000,27070000,4240000,820000,662050000,2.5e+09,34,26,63,123,1805820000,27070000,4240000,820000,662050000,2.5e+09,13,19,50,82,0.5,-21,-7,-13
"size_1_1167",1798940000,32660000,6100000,1760000,660540000,2.5e+09,38,27,65,130,1798940000,32660000,6100000,1760000,660540000,2.5e+09,16,22,55,93,0.5,-22,-5,-10
"size_1_1168",1888550000,56420000,6530000,3710000,544790000,2.5e+09,35,28,64,127,1888550000,56420000,6530000,3710000,544790000,2.5e+09,13,20,55,88,0.5,-22,-8,-9
"size_1_1169",1767690000,93450000,9740000,720000,628400000,2.5e+09,37,25,67,129,1767690000,93450000,9740000,720000,628400000,2.5e+09,16,20,61,97,0.5,-21,-5,-6
"size_1_1170",1447050000,39990000,7470000,16650000,988840000,2.5e+09,34,27,63,124,1447050000,39990000,7470000,16650000,988840000,2.5e+09,18,27,54,99,0.5,-16,0,-9
"size_1_1171",1735330000,47470000,3710000,4420000,709070000,2.5e+09,35,26,65,126,1735330000,47470000,3710000,4420000,709070000,2.5e+09,18,21,54,93,0.5,-17,-5,-11
"size_1_1172",1611180000,36330000,5880000,4370000,842240000,2.5e+09,37,27,67,131,1611180000,36330000,5880000,4370000,842240000,2.5e+09,11,18,40,69,0.5,-26,-9,-27
"size_1_1173",1962160000,71470000,3860000,3240000,459270000,2.5e+09,37,27,71,135,1962160000,71470000,3860000,3240000,459270000,2.5e+09,14,20,49,83,0.5,-23,-7,-22
"size_1_1174",109630000,81420000,5180000,32250000,2256160000,2484640000,40,33,76,149,109630000,81420000,5180000,32250000,2256160000,2484640000,18,34,74,126,0.5,-22,1,-2
"size_1_1175",1167480000,513680000,71030000,24070000,723740000,2.5e+09,38,29,72,139,1167480000,513680000,71030000,24070000,723740000,2.5e+09,21,32,71,124,0.5,-17,3,-1
"size_1_1176",1114620000,590400000,68030000,14220000,712730000,2.5e+09,40,31,81,152,1114620000,590400000,68030000,14220000,712730000,2.5e+09,22,34,78,134,0.5,-18,3,-3
"size_1_1177",925470000,314030000,648890000,17100000,594510000,2.5e+09,42,33,76,151,925470000,314030000,648890000,17100000,594510000,2.5e+09,19,32,69,120,0.5,-23,-1,-7
"size_1_1178",357170000,111220000,32300000,7590000,1921200000,2429480000,39,32,80,151,357170000,111220000,32300000,7590000,1921200000,2429480000,22,34,69,125,0.5,-17,2,-11
"size_1_1179",1490020000,5.43e+08,28820000,14680000,423480000,2.5e+09,42,32,76,150,1490020000,5.43e+08,28820000,14680000,423480000,2.5e+09,22,34,76,132,0.5,-20,2,0
"size_1_1180",1031920000,1069900000,128710000,43730000,225740000,2.5e+09,41,30,75,146,1031920000,1069900000,128710000,43730000,225740000,2.5e+09,22,33,75,130,0.5,-19,3,0
"size_1_1181",456260000,14490000,33770000,1470000,1722370000,2228360000,39,33,80,152,456260000,14490000,33770000,1470000,1722370000,2228360000,19,31,64,114,0.5,-20,-2,-16
"size_1_1182",1123560000,101460000,89820000,13050000,1172110000,2.5e+09,41,36,84,161,1123560000,101460000,89820000,13050000,1172110000,2.5e+09,23,37,79,139,0.5,-18,1,-5
"size_1_1183",891540000,93950000,13530000,320000,1500660000,2.5e+09,37,29,77,143,891540000,93950000,13530000,320000,1500660000,2.5e+09,22,36,69,127,0.5,-15,7,-8
"size_1_1184",522640000,45560000,25780000,5840000,1860710000,2460530000,37,31,78,146,522640000,45560000,25780000,5840000,1860710000,2460530000,20,32,70,122,0.5,-17,1,-8
"size_1_1185",1929070000,111940000,32600000,1200000,425190000,2.5e+09,39,28,74,141,1929070000,111940000,32600000,1200000,425190000,2.5e+09,20,33,63,116,0.5,-19,5,-11
"size_1_1186",1292110000,185460000,92090000,5980000,924360000,2.5e+09,44,35,87,166,1292110000,185460000,92090000,5980000,924360000,2.5e+09,24,36,72,132,0.5,-20,1,-15
"size_1_1187",1691890000,18800000,2190000,1990000,785130000,2.5e+09,37,27,67,131,1691890000,18800000,2190000,1990000,785130000,2.5e+09,12,15,42,69,0.5,-25,-12,-25
"size_1_1188",1872590000,110160000,15430000,2440000,499380000,2.5e+09,36,29,67,132,1872590000,110160000,15430000,2440000,499380000,2.5e+09,18,26,59,103,0.5,-18,-3,-8
"size_1_1189",772070000,102910000,2520000,0,1622500000,2.5e+09,31,19,53,103,772070000,102910000,2520000,0,1622500000,2.5e+09,12,20,45,77,0.5,-19,1,-8
"size_1_1190",778310000,74540000,1590000,0,1645560000,2.5e+09,33,22,60,115,778310000,74540000,1590000,0,1645560000,2.5e+09,14,21,45,80,0.5,-19,-1,-15
"size_1_1191",314120000,120450000,6860000,0,2058570000,2.5e+09,30,24,53,107,314120000,120450000,6860000,0,2058570000,2.5e+09,9,21,42,72,0.5,-21,-3,-11
"size_1_1192",647960000,70510000,1280000,0,1780250000,2.5e+09,28,18,56,102,647960000,70510000,1280000,0,1780250000,2.5e+09,9,20,40,69,0.5,-19,2,-16
"size_1_1193",171540000,112860000,6450000,640000,2208510000,2.5e+09,34,22,55,111,171540000,112860000,6450000,640000,2208510000,2.5e+09,11,25,54,90,0.5,-23,3,-1
"size_1_1194",777570000,22560000,1470000,2680000,1695720000,2.5e+09,35,27,55,117,777570000,22560000,1470000,2680000,1695720000,2.5e+09,13,23,46,82,0.5,-22,-4,-9
"size_1_1195",499010000,13540000,310000,6210000,1980930000,2.5e+09,34,24,61,119,499010000,13540000,310000,6210000,1980930000,2.5e+09,16,22,46,84,0.5,-18,-2,-15
"size_1_1196",1118180000,5570000,1600000,58960000,1315690000,2.5e+09,32,25,62,119,1118180000,5570000,1600000,58960000,1315690000,2.5e+09,13,22,40,75,0.5,-19,-3,-22
"size_1_1197",1306910000,4370000,50000,6030000,1182640000,2.5e+09,33,26,65,124,1306910000,4370000,50000,6030000,1182640000,2.5e+09,18,25,52,95,0.5,-15,-1,-13
"size_1_1198",782120000,31470000,890000,0,1685520000,2.5e+09,24,14,42,80,782120000,31470000,890000,0,1685520000,2.5e+09,7,19,35,61,0.5,-17,5,-7
"size_1_1199",813150000,21290000,1410000,26770000,1637380000,2.5e+09,27,23,56,106,813150000,21290000,1410000,26770000,1637380000,2.5e+09,10,19,36,65,0.5,-17,-4,-20
"size_1_1200",501700000,6350000,1340000,59310000,1931300000,2.5e+09,29,24,60,113,501700000,6350000,1340000,59310000,1931300000,2.5e+09,11,25,42,78,0.5,-18,1,-18
"size_1_1201",317120000,46320000,0,0,2136560000,2.5e+09,28,18,54,100,317120000,46320000,0,0,2136560000,2.5e+09,11,23,42,76,0.5,-17,5,-12
"size_1_1202",776980000,144070000,11950000,0,1.567e+09,2.5e+09,39,25,67,131,776980000,144070000,11950000,0,1.567e+09,2.5e+09,19,28,50,97,0.5,-20,3,-17
"size_1_1203",640110000,29650000,16700000,0,1813540000,2.5e+09,39,29,74,142,640110000,29650000,16700000,0,1813540000,2.5e+09,18,23,46,87,0.5,-21,-6,-28
"size_1_1204",171440000,32040000,1880000,0,2116180000,2321540000,31,21,63,115,171440000,32040000,1880000,0,2116180000,2321540000,16,23,50,89,0.5,-15,2,-13
"size_1_1205",268210000,56210000,20800000,460000,2154320000,2.5e+09,32,23,64,119,268210000,56210000,20800000,460000,2154320000,2.5e+09,16,25,45,86,0.5,-16,2,-19
"size_1_1206",561970000,54830000,2380000,0,1880820000,2.5e+09,30,19,63,112,561970000,54830000,2380000,0,1880820000,2.5e+09,17,24,41,82,0.5,-13,5,-22
"size_1_1207",1459470000,8160000,560000,6690000,1025120000,2.5e+09,34,28,67,129,1459470000,8160000,560000,6690000,1025120000,2.5e+09,12,23,46,81,0.5,-22,-5,-21
"size_1_1208",1686400000,30700000,1390000,8380000,773130000,2.5e+09,33,25,61,119,1686400000,30700000,1390000,8380000,773130000,2.5e+09,15,18,49,82,0.5,-18,-7,-12
"size_1_1209",1369560000,27100000,5060000,4610000,1093670000,2.5e+09,36,26,67,129,1369560000,27100000,5060000,4610000,1093670000,2.5e+09,17,25,58,100,0.5,-19,-1,-9
"size_1_1210",1559760000,24210000,3730000,7110000,905190000,2.5e+09,36,27,68,131,1559760000,24210000,3730000,7110000,905190000,2.5e+09,18,19,51,88,0.5,-18,-8,-17
"size_1_1211",1270680000,3950000,4800000,23450000,1197120000,2.5e+09,35,28,65,128,1270680000,3950000,4800000,23450000,1197120000,2.5e+09,11,20,41,72,0.5,-24,-8,-24
"size_1_1212",1435920000,3330000,5410000,20920000,1034420000,2.5e+09,34,27,66,127,1435920000,3330000,5410000,20920000,1034420000,2.5e+09,12,23,47,82,0.5,-22,-4,-19
"size_1_1213",1828470000,6820000,910000,1120000,662680000,2.5e+09,35,29,67,131,1828470000,6820000,910000,1120000,662680000,2.5e+09,12,19,43,74,0.5,-23,-10,-24
"size_1_1214",1602790000,4980000,2560000,0,889670000,2.5e+09,35,27,68,130,1602790000,4980000,2560000,0,889670000,2.5e+09,13,24,50,87,0.5,-22,-3,-18
"size_1_1215",148930000,1660000,0,44510000,2304900000,2.5e+09,27,23,52,102,148930000,1660000,0,44510000,2304900000,2.5e+09,9,22,32,63,0.5,-18,-1,-20
"size_1_1216",355280000,460000,0,148810000,1995450000,2.5e+09,31,24,58,113,355280000,460000,0,148810000,1995450000,2.5e+09,11,24,46,81,0.5,-20,0,-12
"size_1_1217",1120690000,0,0,18720000,1360590000,2.5e+09,34,26,61,121,1120690000,0,0,18720000,1360590000,2.5e+09,11,21,34,66,0.5,-23,-5,-27
"size_1_1218",609670000,28740000,4800000,18540000,1838250000,2.5e+09,36,27,66,129,609670000,28740000,4800000,18540000,1838250000,2.5e+09,16,27,51,94,0.5,-20,0,-15
"size_1_1219",483770000,30130000,2650000,0,1983450000,2.5e+09,23,13,53,89,483770000,30130000,2650000,0,1983450000,2.5e+09,12,22,37,71,0.5,-11,9,-16
"size_1_1220",675400000,60090000,960000,0,1763550000,2.5e+09,28,22,56,106,675400000,60090000,960000,0,1763550000,2.5e+09,9,20,35,64,0.5,-19,-2,-21
"size_1_1221",622100000,48290000,13870000,5640000,1810100000,2.5e+09,30,21,56,107,622100000,48290000,13870000,5640000,1810100000,2.5e+09,14,23,43,80,0.5,-16,2,-13
"size_1_1222",453630000,37060000,1620000,0,2007690000,2.5e+09,29,18,57,104,453630000,37060000,1620000,0,2007690000,2.5e+09,11,22,33,66,0.5,-18,4,-24
"size_1_1223",761390000,127380000,15960000,0,1595270000,2.5e+09,27,25,56,108,761390000,127380000,15960000,0,1595270000,2.5e+09,14,26,47,87,0.5,-13,1,-9
"size_1_1224",1457570000,15980000,520000,970000,1024960000,2.5e+09,35,27,64,126,1457570000,15980000,520000,970000,1024960000,2.5e+09,14,22,44,80,0.5,-21,-5,-20
"size_1_1225",1592700000,19470000,4590000,850000,882390000,2.5e+09,37,27,67,131,1592700000,19470000,4590000,850000,882390000,2.5e+09,17,22,47,86,0.5,-20,-5,-20
"size_1_1226",1434560000,19040000,8740000,2390000,1035270000,2.5e+09,35,26,65,126,1434560000,19040000,8740000,2390000,1035270000,2.5e+09,13,17,49,79,0.5,-22,-9,-16
"size_1_1227",263040000,0,570000,67920000,2168470000,2.5e+09,25,22,54,101,263040000,0,570000,67920000,2168470000,2.5e+09,10,21,35,66,0.5,-15,-1,-19
"size_1_1228",1006040000,3e+05,0,23960000,1469700000,2.5e+09,33,25,64,122,1006040000,3e+05,0,23960000,1469700000,2.5e+09,9,17,27,53,0.5,-24,-8,-37
"size_1_1229",792240000,71800000,7970000,27210000,1600780000,2.5e+09,20,13,47,80,792240000,71800000,7970000,27210000,1600780000,2.5e+09,7,17,31,55,0.5,-13,4,-16
"size_1_1230",119170000,250490000,21460000,66120000,2042760000,2.5e+09,23,16,35,74,119170000,250490000,21460000,66120000,2042760000,2.5e+09,12,9,42,63,0.5,-11,-7,7
"size_1_1231",130900000,438690000,49720000,201530000,1679160000,2.5e+09,33,29,65,127,130900000,438690000,49720000,201530000,1679160000,2.5e+09,23,16,64,103,0.5,-10,-13,-1
"size_1_1232",477400000,681630000,53930000,299100000,987940000,2.5e+09,34,36,68,138,477400000,681630000,53930000,299100000,987940000,2.5e+09,16,11,48,75,0.5,-18,-25,-20
"size_1_1233",105220000,618700000,55360000,95120000,1625600000,2.5e+09,33,34,79,146,105220000,618700000,55360000,95120000,1625600000,2.5e+09,20,18,56,94,0.5,-13,-16,-23
"size_1_1234",1183190000,281070000,11270000,237090000,787380000,2.5e+09,32,37,70,139,1183190000,281070000,11270000,237090000,787380000,2.5e+09,14,11,58,83,0.5,-18,-26,-12
"size_1_1235",56870000,557200000,10180000,5340000,1870410000,2.5e+09,23,15,45,83,56870000,557200000,10180000,5340000,1870410000,2.5e+09,7,8,38,53,0.5,-16,-7,-7
"size_1_1236",24260000,893750000,38190000,0,1543800000,2.5e+09,19,16,31,66,24260000,893750000,38190000,0,1543800000,2.5e+09,11,9,34,54,0.5,-8,-7,3
"size_1_1237",330770000,1033690000,14810000,165320000,955410000,2.5e+09,29,21,47,97,330770000,1033690000,14810000,165320000,955410000,2.5e+09,13,12,35,60,0.5,-16,-9,-12
"size_1_1238",221650000,1157330000,28450000,131030000,961540000,2.5e+09,22,15,45,82,221650000,1157330000,28450000,131030000,961540000,2.5e+09,8,7,30,45,0.5,-14,-8,-15
"size_1_1239",461250000,886360000,50590000,131020000,970780000,2.5e+09,34,30,65,129,461250000,886360000,50590000,131020000,970780000,2.5e+09,20,15,59,94,0.5,-14,-15,-6
"size_1_1240",35260000,588260000,15310000,22680000,1838490000,2.5e+09,29,19,58,106,35260000,588260000,15310000,22680000,1838490000,2.5e+09,17,14,48,79,0.5,-12,-5,-10
"size_1_1241",1303310000,305530000,20620000,69660000,800880000,2.5e+09,32,29,55,116,1303310000,305530000,20620000,69660000,800880000,2.5e+09,11,7,40,58,0.5,-21,-22,-15
"size_1_1242",262930000,735460000,61660000,87710000,1352240000,2.5e+09,29,23,53,105,262930000,735460000,61660000,87710000,1352240000,2.5e+09,16,14,48,78,0.5,-13,-9,-5
"size_1_1243",616920000,513390000,16490000,123640000,1229560000,2.5e+09,30,29,72,131,616920000,513390000,16490000,123640000,1229560000,2.5e+09,14,19,46,79,0.5,-16,-10,-26
"size_1_1244",169070000,1400280000,103680000,387490000,439480000,2.5e+09,34,33,64,131,169070000,1400280000,103680000,387490000,439480000,2.5e+09,15,12,50,77,0.5,-19,-21,-14
"size_1_1245",451330000,878040000,14020000,368090000,788520000,2.5e+09,32,30,59,121,451330000,878040000,14020000,368090000,788520000,2.5e+09,16,9,38,63,0.5,-16,-21,-21
"size_1_1246",187880000,615780000,11790000,152610000,1531940000,2.5e+09,30,26,54,110,187880000,615780000,11790000,152610000,1531940000,2.5e+09,13,9,43,65,0.5,-17,-17,-11
"size_1_1247",0,47470000,540000,17550000,1991160000,2056720000,17,14,22,53,0,47470000,540000,17550000,1991160000,2056720000,4,4,28,36,0.5,-13,-10,6
"size_1_1248",50260000,439800000,12370000,62630000,1934940000,2.5e+09,22,19,35,76,50260000,439800000,12370000,62630000,1934940000,2.5e+09,7,5,33,45,0.5,-15,-14,-2
"size_1_1249",397970000,721050000,26160000,175570000,1179250000,2.5e+09,32,26,51,109,397970000,721050000,26160000,175570000,1179250000,2.5e+09,16,13,45,74,0.5,-16,-13,-6
"size_1_1250",530020000,640780000,24200000,292780000,1012220000,2.5e+09,30,23,53,106,530020000,640780000,24200000,292780000,1012220000,2.5e+09,15,8,43,66,0.5,-15,-15,-10
"size_1_1251",127700000,801320000,60600000,84530000,1425850000,2.5e+09,26,15,37,78,127700000,801320000,60600000,84530000,1425850000,2.5e+09,9,9,34,52,0.5,-17,-6,-3
"size_1_1252",83730000,239270000,20150000,137010000,2019840000,2.5e+09,28,18,33,79,83730000,239270000,20150000,137010000,2019840000,2.5e+09,10,5,41,56,0.5,-18,-13,8
"size_1_1253",725820000,541060000,35700000,219260000,978160000,2.5e+09,36,32,69,137,725820000,541060000,35700000,219260000,978160000,2.5e+09,21,16,61,98,0.5,-15,-16,-8
"size_1_1254",245250000,389020000,18580000,84840000,1762310000,2.5e+09,28,22,42,92,245250000,389020000,18580000,84840000,1762310000,2.5e+09,13,11,47,71,0.5,-15,-11,5
"size_1_1255",147220000,1008300000,44080000,37020000,1263380000,2.5e+09,33,25,49,107,147220000,1008300000,44080000,37020000,1263380000,2.5e+09,11,10,38,59,0.5,-22,-15,-11
"size_1_1256",306530000,505730000,55530000,74540000,1557670000,2.5e+09,24,18,35,77,306530000,505730000,55530000,74540000,1557670000,2.5e+09,12,7,37,56,0.5,-12,-11,2
"size_1_1257",6180000,1937490000,99890000,179900000,276540000,2.5e+09,22,27,47,96,6180000,1937490000,99890000,179900000,276540000,2.5e+09,13,9,41,63,0.5,-9,-18,-6
"size_1_1258",177070000,1199990000,62220000,88640000,972080000,2.5e+09,30,31,66,127,177070000,1199990000,62220000,88640000,972080000,2.5e+09,20,18,63,101,0.5,-10,-13,-3
"size_1_1259",374120000,405150000,55230000,51260000,1.565e+09,2450760000,28,25,50,103,374120000,405150000,55230000,51260000,1.565e+09,2450760000,19,21,58,98,0.5,-9,-4,8
"size_1_1260",382710000,485980000,46260000,55430000,1529620000,2.5e+09,24,22,36,82,382710000,485980000,46260000,55430000,1529620000,2.5e+09,11,9,31,51,0.5,-13,-13,-5
"size_1_1261",673700000,366980000,8630000,409420000,1041270000,2.5e+09,26,20,42,88,673700000,366980000,8630000,409420000,1041270000,2.5e+09,15,14,42,71,0.5,-11,-6,0
"size_1_1262",222490000,214280000,44190000,73620000,1945420000,2.5e+09,35,34,60,129,222490000,214280000,44190000,73620000,1945420000,2.5e+09,15,9,56,80,0.5,-20,-25,-4
"size_1_1263",830930000,1377630000,86230000,105780000,99430000,2.5e+09,30,23,66,119,830930000,1377630000,86230000,105780000,99430000,2.5e+09,20,19,54,93,0.5,-10,-4,-12
"size_1_1264",435160000,1712920000,85770000,78380000,187770000,2.5e+09,38,34,81,153,435160000,1712920000,85770000,78380000,187770000,2.5e+09,21,20,65,106,0.5,-17,-14,-16
"size_1_1265",6.36e+08,1498810000,91100000,81610000,192480000,2.5e+09,31,28,58,117,6.36e+08,1498810000,91100000,81610000,192480000,2.5e+09,21,20,58,99,0.5,-10,-8,0
"size_1_1266",1202170000,512060000,9360000,277100000,499310000,2.5e+09,29,31,64,124,1202170000,512060000,9360000,277100000,499310000,2.5e+09,17,16,48,81,0.5,-12,-15,-16
"size_1_1267",314840000,1889230000,1.62e+08,6e+06,127930000,2.5e+09,33,24,67,124,314840000,1889230000,1.62e+08,6e+06,127930000,2.5e+09,22,19,64,105,0.5,-11,-5,-3
"size_1_1268",358670000,1647110000,92910000,82170000,319140000,2.5e+09,38,28,76,142,358670000,1647110000,92910000,82170000,319140000,2.5e+09,24,24,75,123,0.5,-14,-4,-1
"size_1_1269",313360000,1796120000,142110000,21050000,227360000,2.5e+09,29,20,49,98,313360000,1796120000,142110000,21050000,227360000,2.5e+09,20,16,60,96,0.5,-9,-4,11
"size_1_1270",5910000,2268320000,127110000,55560000,43100000,2.5e+09,34,28,67,129,5910000,2268320000,127110000,55560000,43100000,2.5e+09,21,20,56,97,0.5,-13,-8,-11
"size_1_1271",249670000,1937590000,118290000,42860000,151590000,2.5e+09,34,26,72,132,249670000,1937590000,118290000,42860000,151590000,2.5e+09,22,20,68,110,0.5,-12,-6,-4
"size_1_1272",305390000,1789600000,122090000,151460000,131460000,2.5e+09,34,30,73,137,305390000,1789600000,122090000,151460000,131460000,2.5e+09,22,26,77,125,0.5,-12,-4,4
"size_1_1273",534780000,1635340000,111310000,72230000,146340000,2.5e+09,33,29,70,132,534780000,1635340000,111310000,72230000,146340000,2.5e+09,21,21,66,108,0.5,-12,-8,-4
"size_1_1274",337350000,1218090000,87280000,506850000,350430000,2.5e+09,39,30,68,137,337350000,1218090000,87280000,506850000,350430000,2.5e+09,20,27,75,122,0.5,-19,-3,7
"size_1_1275",489750000,1445250000,94510000,199450000,271040000,2.5e+09,34,27,69,130,489750000,1445250000,94510000,199450000,271040000,2.5e+09,20,24,66,110,0.5,-14,-3,-3
"size_1_1276",768790000,1053190000,308960000,146240000,222820000,2.5e+09,38,34,84,156,768790000,1053190000,308960000,146240000,222820000,2.5e+09,23,25,74,122,0.5,-15,-9,-10
"size_1_1277",181310000,1736630000,260750000,159370000,161940000,2.5e+09,39,33,79,151,181310000,1736630000,260750000,159370000,161940000,2.5e+09,22,27,83,132,0.5,-17,-6,4
"size_1_1278",451520000,1128250000,5.94e+08,119690000,206540000,2.5e+09,34,28,68,130,451520000,1128250000,5.94e+08,119690000,206540000,2.5e+09,20,25,71,116,0.5,-14,-3,3
"size_1_1279",444560000,1194570000,185360000,400330000,275180000,2.5e+09,37,27,69,133,444560000,1194570000,185360000,400330000,275180000,2.5e+09,21,28,76,125,0.5,-16,1,7
"size_1_1280",774510000,1548840000,69480000,4.9e+07,58170000,2.5e+09,27,26,54,107,774510000,1548840000,69480000,4.9e+07,58170000,2.5e+09,14,12,51,77,0.5,-13,-14,-3
"size_1_1281",1280690000,732240000,37850000,85980000,363240000,2.5e+09,29,23,56,108,1280690000,732240000,37850000,85980000,363240000,2.5e+09,15,15,47,77,0.5,-14,-8,-9
"size_1_1282",231790000,1889420000,203100000,31470000,144220000,2.5e+09,34,30,75,139,231790000,1889420000,203100000,31470000,144220000,2.5e+09,22,23,67,112,0.5,-12,-7,-8
"size_1_1283",104510000,1814790000,301320000,49090000,230290000,2.5e+09,34,29,74,137,104510000,1814790000,301320000,49090000,230290000,2.5e+09,22,24,74,120,0.5,-12,-5,0
"size_1_1284",15560000,2.048e+09,111940000,218610000,105890000,2.5e+09,37,32,81,150,15560000,2.048e+09,111940000,218610000,105890000,2.5e+09,21,25,71,117,0.5,-16,-7,-10
"size_1_1285",118690000,1832470000,182600000,148320000,217920000,2.5e+09,43,36,88,167,118690000,1832470000,182600000,148320000,217920000,2.5e+09,25,29,81,135,0.5,-18,-7,-7
"size_1_1286",5650000,2276610000,112360000,74410000,30970000,2.5e+09,33,28,62,123,5650000,2276610000,112360000,74410000,30970000,2.5e+09,19,19,61,99,0.5,-14,-9,-1
"size_1_1287",14020000,1961030000,118010000,255750000,151190000,2.5e+09,42,34,88,164,14020000,1961030000,118010000,255750000,151190000,2.5e+09,21,23,62,106,0.5,-21,-11,-26
"size_1_1288",268700000,1623180000,107860000,360990000,139270000,2.5e+09,36,30,77,143,268700000,1623180000,107860000,360990000,139270000,2.5e+09,22,28,79,129,0.5,-14,-2,2
"size_1_1289",254650000,1618250000,176400000,294900000,155800000,2.5e+09,37,32,83,152,254650000,1618250000,176400000,294900000,155800000,2.5e+09,24,30,81,135,0.5,-13,-2,-2
"size_1_1290",35840000,2.187e+09,99400000,154970000,22790000,2.5e+09,30,27,63,120,35840000,2.187e+09,99400000,154970000,22790000,2.5e+09,21,17,65,103,0.5,-9,-10,2
"size_1_1291",33570000,2154280000,108850000,173390000,29910000,2.5e+09,32,26,66,124,33570000,2154280000,108850000,173390000,29910000,2.5e+09,23,25,74,122,0.5,-9,-1,8
"size_1_1292",169700000,1829550000,153980000,218760000,128010000,2.5e+09,30,28,70,128,169700000,1829550000,153980000,218760000,128010000,2.5e+09,22,22,66,110,0.5,-8,-6,-4
"size_1_1293",106090000,1566320000,128980000,475880000,222730000,2.5e+09,38,35,83,156,106090000,1566320000,128980000,475880000,222730000,2.5e+09,24,29,80,133,0.5,-14,-6,-3
"size_1_1294",612460000,994960000,30560000,280590000,581430000,2.5e+09,38,40,83,161,612460000,994960000,30560000,280590000,581430000,2.5e+09,20,16,62,98,0.5,-18,-24,-21
"size_1_1295",744960000,832580000,36840000,284620000,6.01e+08,2.5e+09,41,43,96,180,744960000,832580000,36840000,284620000,6.01e+08,2.5e+09,26,31,86,143,0.5,-15,-12,-10
"size_1_1296",843330000,509850000,14850000,474020000,657950000,2.5e+09,29,32,63,124,843330000,509850000,14850000,474020000,657950000,2.5e+09,22,13,67,102,0.5,-7,-19,4
"size_1_1297",811520000,734850000,49750000,320840000,583040000,2.5e+09,38,40,95,173,811520000,734850000,49750000,320840000,583040000,2.5e+09,22,18,59,99,0.5,-16,-22,-36
"size_1_1298",737680000,1480700000,116800000,22330000,142490000,2.5e+09,26,25,50,101,737680000,1480700000,116800000,22330000,142490000,2.5e+09,16,17,53,86,0.5,-10,-8,3
"size_1_1299",479230000,1465210000,79910000,199020000,276630000,2.5e+09,40,33,86,159,479230000,1465210000,79910000,199020000,276630000,2.5e+09,25,27,81,133,0.5,-15,-6,-5
"size_1_1300",1794860000,312840000,32580000,3.19e+08,40720000,2.5e+09,28,25,61,114,1794860000,312840000,32580000,3.19e+08,40720000,2.5e+09,16,12,53,81,0.5,-12,-13,-8
"size_1_1301",1721180000,417870000,14300000,99510000,247140000,2.5e+09,26,24,59,109,1721180000,417870000,14300000,99510000,247140000,2.5e+09,18,13,59,90,0.5,-8,-11,0
"size_1_1302",220590000,1676420000,187930000,356580000,58480000,2.5e+09,27,27,61,115,220590000,1676420000,187930000,356580000,58480000,2.5e+09,20,19,60,99,0.5,-7,-8,-1
"size_1_1303",159970000,1895810000,99470000,301470000,43280000,2.5e+09,27,23,51,101,159970000,1895810000,99470000,301470000,43280000,2.5e+09,18,22,60,100,0.5,-9,-1,9
"size_1_1304",881870000,1021920000,105500000,404440000,86270000,2.5e+09,27,25,56,108,881870000,1021920000,105500000,404440000,86270000,2.5e+09,17,14,53,84,0.5,-10,-11,-3
"size_1_1305",1268350000,696540000,70590000,416210000,48310000,2.5e+09,29,20,58,107,1268350000,696540000,70590000,416210000,48310000,2.5e+09,12,11,50,73,0.5,-17,-9,-8
"size_1_1306",134790000,1684670000,146590000,429770000,104180000,2.5e+09,34,32,70,136,134790000,1684670000,146590000,429770000,104180000,2.5e+09,22,28,75,125,0.5,-12,-4,5
"size_1_1307",86870000,2003600000,170990000,192940000,45600000,2.5e+09,28,26,60,114,86870000,2003600000,170990000,192940000,45600000,2.5e+09,20,20,62,102,0.5,-8,-6,2
"size_1_1308",701340000,1279800000,107340000,364740000,46780000,2.5e+09,32,27,68,127,701340000,1279800000,107340000,364740000,46780000,2.5e+09,19,21,64,104,0.5,-13,-6,-4
"size_1_1309",1199140000,868670000,88090000,293640000,50460000,2.5e+09,32,23,55,110,1199140000,868670000,88090000,293640000,50460000,2.5e+09,17,17,57,91,0.5,-15,-6,2
"size_1_1310",91580000,1392620000,148540000,690170000,177090000,2.5e+09,35,31,77,143,91580000,1392620000,148540000,690170000,177090000,2.5e+09,24,30,83,137,0.5,-11,-1,6
"size_1_1311",60010000,1760910000,91750000,521270000,66060000,2.5e+09,34,29,65,128,60010000,1760910000,91750000,521270000,66060000,2.5e+09,22,27,80,129,0.5,-12,-2,15
"size_1_1312",722230000,1203200000,154620000,199340000,220610000,2.5e+09,32,28,65,125,722230000,1203200000,154620000,199340000,220610000,2.5e+09,22,26,66,114,0.5,-10,-2,1
"size_1_1313",271730000,1658860000,195610000,306760000,67040000,2.5e+09,32,24,64,120,271730000,1658860000,195610000,306760000,67040000,2.5e+09,22,25,69,116,0.5,-10,1,5
"size_1_1314",441530000,1274430000,88580000,16860000,678600000,2.5e+09,39,41,93,173,441530000,1274430000,88580000,16860000,678600000,2.5e+09,23,24,63,110,0.5,-16,-17,-30
"size_1_1315",118710000,918090000,127630000,18930000,1316640000,2.5e+09,33,28,66,127,118710000,918090000,127630000,18930000,1316640000,2.5e+09,20,19,62,101,0.5,-13,-9,-4
"size_1_1316",789160000,723550000,42380000,198920000,745990000,2.5e+09,34,34,75,143,789160000,723550000,42380000,198920000,745990000,2.5e+09,24,17,69,110,0.5,-10,-17,-6
"size_1_1317",378760000,1775280000,92630000,91440000,161890000,2.5e+09,33,33,67,133,378760000,1775280000,92630000,91440000,161890000,2.5e+09,16,18,49,83,0.5,-17,-15,-18
"size_1_1318",895120000,1002800000,6.4e+07,119320000,418760000,2.5e+09,39,40,101,180,895120000,1002800000,6.4e+07,119320000,418760000,2.5e+09,28,26,90,144,0.5,-11,-14,-11
"size_1_1319",355380000,1352440000,135030000,183120000,474030000,2.5e+09,34,31,72,137,355380000,1352440000,135030000,183120000,474030000,2.5e+09,24,12,60,96,0.5,-10,-19,-12
"size_1_1320",1188270000,623260000,31810000,327010000,329650000,2.5e+09,27,33,68,128,1188270000,623260000,31810000,327010000,329650000,2.5e+09,22,19,68,109,0.5,-5,-14,0
"size_1_1321",879890000,839650000,86690000,344190000,349580000,2.5e+09,41,42,87,170,879890000,839650000,86690000,344190000,349580000,2.5e+09,25,21,74,120,0.5,-16,-21,-13
"size_1_1322",1182050000,592900000,36040000,286860000,402150000,2.5e+09,41,44,87,172,1182050000,592900000,36040000,286860000,402150000,2.5e+09,25,18,69,112,0.5,-16,-26,-18
"size_1_1323",999170000,600020000,70850000,425280000,404680000,2.5e+09,35,40,78,153,999170000,600020000,70850000,425280000,404680000,2.5e+09,24,27,76,127,0.5,-11,-13,-2
"size_1_1324",441800000,1166930000,350290000,263870000,277110000,2.5e+09,38,40,90,168,441800000,1166930000,350290000,263870000,277110000,2.5e+09,24,25,77,126,0.5,-14,-15,-13
"size_1_1325",144730000,1867100000,145500000,136270000,206400000,2.5e+09,34,30,60,124,144730000,1867100000,145500000,136270000,206400000,2.5e+09,19,23,68,110,0.5,-15,-7,8
"size_1_1326",1434170000,368640000,53520000,549470000,94200000,2.5e+09,25,23,47,95,1434170000,368640000,53520000,549470000,94200000,2.5e+09,13,12,48,73,0.5,-12,-11,1
"size_1_1327",457890000,1646510000,100900000,272900000,21800000,2.5e+09,24,22,43,89,457890000,1646510000,100900000,272900000,21800000,2.5e+09,15,13,50,78,0.5,-9,-9,7
"size_1_1328",1584840000,221110000,25620000,422510000,245920000,2.5e+09,22,26,45,93,1584840000,221110000,25620000,422510000,245920000,2.5e+09,14,11,46,71,0.5,-8,-15,1
"size_1_1329",1481110000,402860000,53440000,475980000,86610000,2.5e+09,30,25,56,111,1481110000,402860000,53440000,475980000,86610000,2.5e+09,19,13,57,89,0.5,-11,-12,1
"size_1_1330",1640900000,438470000,63330000,300260000,57040000,2.5e+09,24,23,43,90,1640900000,438470000,63330000,300260000,57040000,2.5e+09,13,9,46,68,0.5,-11,-14,3
"size_1_1331",1279140000,418460000,55240000,669150000,78010000,2.5e+09,27,22,60,109,1279140000,418460000,55240000,669150000,78010000,2.5e+09,19,14,56,89,0.5,-8,-8,-4
"size_1_1332",231200000,1750720000,182720000,295840000,39520000,2.5e+09,28,24,60,112,231200000,1750720000,182720000,295840000,39520000,2.5e+09,20,19,59,98,0.5,-8,-5,-1
"size_1_1333",892260000,606310000,37180000,298640000,665610000,2.5e+09,32,34,74,140,892260000,606310000,37180000,298640000,665610000,2.5e+09,23,14,71,108,0.5,-9,-20,-3
"size_1_1334",396610000,1313360000,60670000,22760000,706600000,2.5e+09,34,34,72,140,396610000,1313360000,60670000,22760000,706600000,2.5e+09,17,13,55,85,0.5,-17,-21,-17
"size_1_1335",1585060000,438900000,45160000,133760000,297120000,2.5e+09,35,41,73,149,1585060000,438900000,45160000,133760000,297120000,2.5e+09,24,20,72,116,0.5,-11,-21,-1
"size_1_1336",906630000,883910000,96050000,267650000,345760000,2.5e+09,35,38,75,148,906630000,883910000,96050000,267650000,345760000,2.5e+09,20,17,64,101,0.5,-15,-21,-11
"size_1_1337",1216440000,727890000,104090000,175760000,275820000,2.5e+09,35,38,70,143,1216440000,727890000,104090000,175760000,275820000,2.5e+09,23,23,69,115,0.5,-12,-15,-1
"size_1_1338",237100000,1813140000,109240000,173860000,166660000,2.5e+09,33,24,62,119,237100000,1813140000,109240000,173860000,166660000,2.5e+09,23,26,73,122,0.5,-10,2,11
"size_1_1339",364850000,1281540000,148790000,643710000,61110000,2.5e+09,34,33,73,140,364850000,1281540000,148790000,643710000,61110000,2.5e+09,21,21,67,109,0.5,-13,-12,-6
"size_1_1340",1303630000,329190000,83100000,736290000,47790000,2.5e+09,32,25,66,123,1303630000,329190000,83100000,736290000,47790000,2.5e+09,14,16,49,79,0.5,-18,-9,-17
"size_1_1341",751980000,1166730000,329210000,103190000,148890000,2.5e+09,37,30,84,151,751980000,1166730000,329210000,103190000,148890000,2.5e+09,20,30,71,121,0.5,-17,0,-13
"size_1_1342",393450000,1300640000,517020000,142450000,146440000,2.5e+09,41,36,94,171,393450000,1300640000,517020000,142450000,146440000,2.5e+09,25,33,79,137,0.5,-16,-3,-15
"size_1_1343",897310000,524170000,620300000,283780000,174440000,2.5e+09,40,33,90,163,897310000,524170000,620300000,283780000,174440000,2.5e+09,18,32,67,117,0.5,-22,-1,-23
"size_1_1344",825150000,958740000,421540000,151400000,143170000,2.5e+09,42,35,94,171,825150000,958740000,421540000,151400000,143170000,2.5e+09,23,33,75,131,0.5,-19,-2,-19
"size_1_1345",547560000,1614550000,120650000,185590000,31650000,2.5e+09,38,32,80,150,547560000,1614550000,120650000,185590000,31650000,2.5e+09,16,23,62,101,0.5,-22,-9,-18
"size_1_1346",1253530000,897580000,104730000,183910000,60250000,2.5e+09,41,31,82,154,1253530000,897580000,104730000,183910000,60250000,2.5e+09,23,32,72,127,0.5,-18,1,-10
"size_1_1347",741120000,1120290000,1.44e+08,333670000,160920000,2.5e+09,39,31,83,153,741120000,1120290000,1.44e+08,333670000,160920000,2.5e+09,16,29,61,106,0.5,-23,-2,-22
"size_1_1348",811110000,988330000,268560000,316340000,115660000,2.5e+09,39,34,83,156,811110000,988330000,268560000,316340000,115660000,2.5e+09,16,29,66,111,0.5,-23,-5,-17
"size_1_1349",528890000,1334950000,130520000,378700000,126940000,2.5e+09,38,32,82,152,528890000,1334950000,130520000,378700000,126940000,2.5e+09,18,32,73,123,0.5,-20,0,-9
"size_1_1350",446370000,1613610000,144140000,218660000,77220000,2.5e+09,39,34,87,160,446370000,1613610000,144140000,218660000,77220000,2.5e+09,18,31,70,119,0.5,-21,-3,-17
"size_1_1351",217050000,1860520000,101090000,268680000,52660000,2.5e+09,43,34,84,161,217050000,1860520000,101090000,268680000,52660000,2.5e+09,15,30,68,113,0.5,-28,-4,-16
"size_1_1352",542350000,1336420000,349360000,220280000,51590000,2.5e+09,38,35,85,158,542350000,1336420000,349360000,220280000,51590000,2.5e+09,18,29,67,114,0.5,-20,-6,-18
"size_1_1353",761390000,1.28e+09,212470000,158850000,87290000,2.5e+09,39,28,81,148,761390000,1.28e+09,212470000,158850000,87290000,2.5e+09,19,28,66,113,0.5,-20,0,-15
"size_1_1354",243690000,1909870000,72240000,95690000,178510000,2.5e+09,36,31,83,150,243690000,1909870000,72240000,95690000,178510000,2.5e+09,19,32,67,118,0.5,-17,1,-16
"size_1_1355",608100000,1664970000,68750000,93960000,64220000,2.5e+09,39,32,86,157,608100000,1664970000,68750000,93960000,64220000,2.5e+09,22,34,69,125,0.5,-17,2,-17
"size_1_1356",534220000,1636820000,77920000,88240000,162800000,2.5e+09,43,35,87,165,534220000,1636820000,77920000,88240000,162800000,2.5e+09,21,32,73,126,0.5,-22,-3,-14
"size_1_1357",1058940000,1134270000,73920000,151690000,81180000,2.5e+09,40,33,82,155,1058940000,1134270000,73920000,151690000,81180000,2.5e+09,16,28,66,110,0.5,-24,-5,-16
"size_1_1358",790250000,1.394e+09,72420000,137690000,105640000,2.5e+09,39,32,84,155,790250000,1.394e+09,72420000,137690000,105640000,2.5e+09,20,30,66,116,0.5,-19,-2,-18
"size_1_1359",379250000,1745790000,116710000,155920000,102330000,2.5e+09,39,32,84,155,379250000,1745790000,116710000,155920000,102330000,2.5e+09,24,30,70,124,0.5,-15,-2,-14
"size_1_1360",460950000,1741170000,89870000,98350000,109660000,2.5e+09,41,32,87,160,460950000,1741170000,89870000,98350000,109660000,2.5e+09,23,34,69,126,0.5,-18,2,-18
"size_1_1361",388230000,326410000,98540000,133830000,1524320000,2471330000,41,37,79,157,388230000,326410000,98540000,133830000,1524320000,2471330000,20,31,64,115,0.5,-21,-6,-15
"size_1_1362",746250000,1.097e+09,280670000,102370000,273710000,2.5e+09,40,33,81,154,746250000,1.097e+09,280670000,102370000,273710000,2.5e+09,21,33,71,125,0.5,-19,0,-10
"size_1_1363",80980000,8.89e+08,82100000,30730000,1417190000,2.5e+09,43,35,93,171,80980000,8.89e+08,82100000,30730000,1417190000,2.5e+09,21,31,71,123,0.5,-22,-4,-22
"size_1_1364",1387350000,780940000,131100000,152590000,48020000,2.5e+09,33,26,67,126,1387350000,780940000,131100000,152590000,48020000,2.5e+09,21,20,63,104,0.5,-12,-6,-4
"size_1_1365",519760000,1780750000,130730000,29800000,38960000,2.5e+09,41,37,91,169,519760000,1780750000,130730000,29800000,38960000,2.5e+09,21,24,76,121,0.5,-20,-13,-15
"size_1_1366",1353780000,744280000,95650000,251020000,55270000,2.5e+09,39,34,79,152,1353780000,744280000,95650000,251020000,55270000,2.5e+09,21,19,69,109,0.5,-18,-15,-10
"size_1_1367",904040000,1132080000,111340000,224230000,128310000,2.5e+09,38,36,84,158,904040000,1132080000,111340000,224230000,128310000,2.5e+09,23,25,71,119,0.5,-15,-11,-13
"size_1_1368",1505600000,522150000,150160000,208920000,113170000,2.5e+09,41,36,83,160,1505600000,522150000,150160000,208920000,113170000,2.5e+09,22,21,65,108,0.5,-19,-15,-18
"size_1_1369",993130000,901640000,188510000,294770000,121950000,2.5e+09,38,33,89,160,993130000,901640000,188510000,294770000,121950000,2.5e+09,24,30,71,125,0.5,-14,-3,-18
"size_1_1370",1410670000,653960000,147250000,194700000,93420000,2.5e+09,40,40,85,165,1410670000,653960000,147250000,194700000,93420000,2.5e+09,24,28,73,125,0.5,-16,-12,-12
"size_1_1371",1310700000,486290000,108330000,330170000,264510000,2.5e+09,32,35,73,140,1310700000,486290000,108330000,330170000,264510000,2.5e+09,21,24,62,107,0.5,-11,-11,-11
"size_1_1372",1645580000,342950000,99940000,267130000,144400000,2.5e+09,39,40,84,163,1645580000,342950000,99940000,267130000,144400000,2.5e+09,22,21,67,110,0.5,-17,-19,-17
"size_1_1373",389630000,1796860000,201050000,99460000,1.3e+07,2.5e+09,39,29,84,152,389630000,1796860000,201050000,99460000,1.3e+07,2.5e+09,16,26,60,102,0.5,-23,-3,-24
"size_1_1374",725120000,1158030000,395910000,141450000,79490000,2.5e+09,36,33,79,148,725120000,1158030000,395910000,141450000,79490000,2.5e+09,21,27,68,116,0.5,-15,-6,-11
"size_1_1375",222940000,1712480000,173220000,334660000,56700000,2.5e+09,37,33,89,159,222940000,1712480000,173220000,334660000,56700000,2.5e+09,20,31,74,125,0.5,-17,-2,-15
"size_1_1376",736190000,1398240000,172060000,101380000,92130000,2.5e+09,36,33,85,154,736190000,1398240000,172060000,101380000,92130000,2.5e+09,18,29,66,113,0.5,-18,-4,-19
"size_1_1377",820410000,1140610000,137860000,272270000,128850000,2.5e+09,37,32,83,152,820410000,1140610000,137860000,272270000,128850000,2.5e+09,18,33,66,117,0.5,-19,1,-17
"size_1_1378",847850000,1134050000,99900000,338160000,80040000,2.5e+09,37,34,83,154,847850000,1134050000,99900000,338160000,80040000,2.5e+09,19,31,67,117,0.5,-18,-3,-16
"size_1_1379",1180250000,780500000,157760000,217470000,164020000,2.5e+09,37,33,88,158,1180250000,780500000,157760000,217470000,164020000,2.5e+09,18,32,69,119,0.5,-19,-1,-19
"size_1_1380",774410000,1122960000,231460000,296520000,74650000,2.5e+09,37,36,91,164,774410000,1122960000,231460000,296520000,74650000,2.5e+09,22,31,67,120,0.5,-15,-5,-24
"size_1_1381",303530000,1792710000,157460000,184750000,61550000,2.5e+09,38,32,85,155,303530000,1792710000,157460000,184750000,61550000,2.5e+09,17,30,69,116,0.5,-21,-2,-16
"size_1_1382",612020000,1489560000,186750000,131140000,80530000,2.5e+09,39,34,86,159,612020000,1489560000,186750000,131140000,80530000,2.5e+09,16,32,65,113,0.5,-23,-2,-21
"size_1_1383",547260000,1254800000,423230000,156240000,118470000,2.5e+09,37,33,83,153,547260000,1254800000,423230000,156240000,118470000,2.5e+09,21,34,73,128,0.5,-16,1,-10
"size_1_1384",503400000,1664140000,79130000,187540000,65790000,2.5e+09,38,35,85,158,503400000,1664140000,79130000,187540000,65790000,2.5e+09,18,30,68,116,0.5,-20,-5,-17
"size_1_1385",634790000,1283280000,67090000,465960000,48880000,2.5e+09,36,32,78,146,634790000,1283280000,67090000,465960000,48880000,2.5e+09,19,32,70,121,0.5,-17,0,-8
"size_1_1386",355390000,1851060000,87610000,99800000,106140000,2.5e+09,40,34,88,162,355390000,1851060000,87610000,99800000,106140000,2.5e+09,19,31,68,118,0.5,-21,-3,-20
"size_1_1387",472500000,1591200000,86460000,298280000,51560000,2.5e+09,35,32,71,138,472500000,1591200000,86460000,298280000,51560000,2.5e+09,17,29,63,109,0.5,-18,-3,-8
"size_1_1388",497340000,1594400000,138140000,179370000,90750000,2.5e+09,39,33,88,160,497340000,1594400000,138140000,179370000,90750000,2.5e+09,20,33,69,122,0.5,-19,0,-19
"size_1_1389",774980000,1309730000,82450000,125430000,207410000,2.5e+09,40,32,81,153,774980000,1309730000,82450000,125430000,207410000,2.5e+09,20,30,70,120,0.5,-20,-2,-11
"size_1_1390",689060000,1424290000,97570000,157640000,131440000,2.5e+09,38,32,79,149,689060000,1424290000,97570000,157640000,131440000,2.5e+09,21,28,65,114,0.5,-17,-4,-14
"size_1_1391",747120000,1306660000,113380000,182730000,150110000,2.5e+09,42,38,86,166,747120000,1306660000,113380000,182730000,150110000,2.5e+09,21,32,70,123,0.5,-21,-6,-16
"size_1_1392",1302370000,700370000,73070000,251970000,172220000,2.5e+09,41,36,83,160,1302370000,700370000,73070000,251970000,172220000,2.5e+09,22,30,67,119,0.5,-19,-6,-16
"size_1_1393",0,0,0,0,2.24e+08,2.24e+08,42,35,88,165,0,0,0,0,2.24e+08,2.24e+08,22,33,68,123,0.5,-20,-2,-20
"size_1_1394",469100000,847330000,37960000,50620000,556140000,1961150000,42,32,84,158,469100000,847330000,37960000,50620000,556140000,1961150000,20,33,70,123,0.5,-22,1,-14
"size_1_1395",0,0,0,0,0,0,43,43,92,178,0,0,0,0,0,0,22,33,69,124,NA,-21,-10,-23
"size_1_1396",346770000,818750000,25230000,74730000,71100000,1336580000,41,38,86,165,346770000,818750000,25230000,74730000,71100000,1336580000,22,32,70,124,0.5,-19,-6,-16
"size_1_1397",10470000,0,880000,0,918630000,929980000,32,29,58,119,10470000,0,880000,0,918630000,929980000,13,21,54,88,0.5,-19,-8,-4
"size_1_1398",1225890000,940640000,78100000,141790000,113580000,2.5e+09,39,37,87,163,1225890000,940640000,78100000,141790000,113580000,2.5e+09,23,23,67,113,0.5,-16,-14,-20
"size_1_1399",1293710000,594350000,128230000,283080000,200630000,2.5e+09,36,33,72,141,1293710000,594350000,128230000,283080000,200630000,2.5e+09,20,21,67,108,0.5,-16,-12,-5
"size_1_1400",1198500000,761530000,83860000,261980000,194130000,2.5e+09,38,38,87,163,1198500000,761530000,83860000,261980000,194130000,2.5e+09,23,24,66,113,0.5,-15,-14,-21
"size_1_1401",826770000,1056540000,202760000,227430000,186500000,2.5e+09,34,27,71,132,826770000,1056540000,202760000,227430000,186500000,2.5e+09,22,29,70,121,0.5,-12,2,-1
"size_1_1402",1010750000,622940000,155910000,454650000,255750000,2.5e+09,33,35,68,136,1010750000,622940000,155910000,454650000,255750000,2.5e+09,22,27,66,115,0.5,-11,-8,-2
"size_1_1403",1269990000,380770000,77250000,267350000,504640000,2.5e+09,35,33,67,135,1269990000,380770000,77250000,267350000,504640000,2.5e+09,18,18,59,95,0.5,-17,-15,-8
"size_1_1404",1304550000,785940000,125720000,246110000,37680000,2.5e+09,37,34,86,157,1304550000,785940000,125720000,246110000,37680000,2.5e+09,20,22,66,108,0.5,-17,-12,-20
"size_1_1405",1314150000,706970000,103050000,201170000,174660000,2.5e+09,37,34,80,151,1314150000,706970000,103050000,201170000,174660000,2.5e+09,21,20,62,103,0.5,-16,-14,-18
"size_1_1406",676160000,1400430000,172240000,143450000,107720000,2.5e+09,38,33,85,156,676160000,1400430000,172240000,143450000,107720000,2.5e+09,20,29,69,118,0.5,-18,-4,-16
"size_1_1407",649820000,1578450000,153610000,83560000,34560000,2.5e+09,38,30,80,148,649820000,1578450000,153610000,83560000,34560000,2.5e+09,20,28,64,112,0.5,-18,-2,-16
"size_1_1408",651960000,1302080000,238510000,162540000,144910000,2.5e+09,40,34,82,156,651960000,1302080000,238510000,162540000,144910000,2.5e+09,20,32,65,117,0.5,-20,-2,-17
"size_1_1409",527080000,1567260000,185830000,116490000,103340000,2.5e+09,38,31,87,156,527080000,1567260000,185830000,116490000,103340000,2.5e+09,18,32,68,118,0.5,-20,1,-19
"size_1_1410",473400000,1678770000,152430000,118640000,76760000,2.5e+09,40,38,86,164,473400000,1678770000,152430000,118640000,76760000,2.5e+09,20,33,73,126,0.5,-20,-5,-13
"size_1_1411",880820000,1193850000,155880000,156390000,113060000,2.5e+09,44,37,92,173,880820000,1193850000,155880000,156390000,113060000,2.5e+09,20,29,69,118,0.5,-24,-8,-23
"size_1_1412",751610000,898040000,498560000,236310000,115480000,2.5e+09,40,33,87,160,751610000,898040000,498560000,236310000,115480000,2.5e+09,19,34,77,130,0.5,-21,1,-10
"size_1_1413",891620000,1070270000,154550000,243370000,140190000,2.5e+09,42,34,87,163,891620000,1070270000,154550000,243370000,140190000,2.5e+09,22,33,73,128,0.5,-20,-1,-14
"size_1_1414",587370000,1280350000,158790000,407640000,65850000,2.5e+09,39,34,80,153,587370000,1280350000,158790000,407640000,65850000,2.5e+09,21,31,71,123,0.5,-18,-3,-9
"size_1_1415",603050000,1376070000,1.34e+08,310450000,76430000,2.5e+09,40,36,85,161,603050000,1376070000,1.34e+08,310450000,76430000,2.5e+09,20,32,75,127,0.5,-20,-4,-10
"size_1_1416",809680000,1008030000,85710000,540500000,56080000,2.5e+09,39,33,84,156,809680000,1008030000,85710000,540500000,56080000,2.5e+09,21,32,74,127,0.5,-18,-1,-10
"size_1_1417",810380000,1039120000,180690000,351980000,117830000,2.5e+09,41,34,87,162,810380000,1039120000,180690000,351980000,117830000,2.5e+09,22,34,77,133,0.5,-19,0,-10
"size_1_1418",530110000,1397160000,109200000,412640000,50890000,2.5e+09,40,39,88,167,530110000,1397160000,109200000,412640000,50890000,2.5e+09,21,35,76,132,0.5,-19,-4,-12
"size_1_1419",712660000,1311530000,111300000,317630000,46880000,2.5e+09,36,36,88,160,712660000,1311530000,111300000,317630000,46880000,2.5e+09,17,32,70,119,0.5,-19,-4,-18
"size_1_1420",651520000,1316130000,74530000,1.48e+08,309820000,2.5e+09,44,35,89,168,651520000,1316130000,74530000,1.48e+08,309820000,2.5e+09,23,32,75,130,0.5,-21,-3,-14
"size_1_1421",1238950000,484970000,38940000,631480000,105660000,2.5e+09,41,33,82,156,1238950000,484970000,38940000,631480000,105660000,2.5e+09,20,32,67,119,0.5,-21,-1,-15
"size_1_1422",708530000,1247490000,61130000,180350000,302500000,2.5e+09,41,34,84,159,708530000,1247490000,61130000,180350000,302500000,2.5e+09,23,32,70,125,0.5,-18,-2,-14
"size_1_1423",647510000,1193230000,74680000,475110000,109470000,2.5e+09,43,41,93,177,647510000,1193230000,74680000,475110000,109470000,2.5e+09,21,37,75,133,0.5,-22,-4,-18
"size_1_1424",0,0,0,0,0,0,39,38,84,161,0,0,0,0,0,0,26,35,72,133,NA,-13,-3,-12
"size_1_1425",203250000,730630000,18140000,74530000,60340000,1086890000,38,34,83,155,203250000,730630000,18140000,74530000,60340000,1086890000,22,32,72,126,0.5,-16,-2,-11
"size_1_1426",7210000,2710000,1740000,8320000,5220000,25200000,35,31,73,139,7210000,2710000,1740000,8320000,5220000,25200000,20,29,68,117,0.5,-15,-2,-5
"size_1_1427",391240000,646550000,16760000,61970000,37980000,1154500000,43,36,85,164,391240000,646550000,16760000,61970000,37980000,1154500000,22,34,72,128,0.5,-21,-2,-13
"size_1_1428",643020000,1114020000,158920000,145320000,438720000,2.5e+09,41,36,88,165,643020000,1114020000,158920000,145320000,438720000,2.5e+09,24,28,80,132,0.5,-17,-8,-8
"size_1_1429",238140000,514770000,26100000,230950000,539780000,1549740000,45,42,96,183,238140000,514770000,26100000,230950000,539780000,1549740000,28,35,82,145,0.5,-17,-7,-14
"size_1_1430",802660000,1121160000,42360000,385350000,148470000,2.5e+09,42,35,92,169,802660000,1121160000,42360000,385350000,148470000,2.5e+09,21,30,68,119,0.5,-21,-5,-24
"size_1_1431",735830000,1103740000,64790000,317190000,172280000,2393830000,40,33,81,154,735830000,1103740000,64790000,317190000,172280000,2393830000,28,34,77,139,0.5,-12,1,-4
"size_1_1432",878240000,1160570000,177120000,152680000,131390000,2.5e+09,35,34,84,153,878240000,1160570000,177120000,152680000,131390000,2.5e+09,23,28,69,120,0.5,-12,-6,-15
"size_1_1433",199360000,1629880000,141040000,343070000,186650000,2.5e+09,39,35,84,158,199360000,1629880000,141040000,343070000,186650000,2.5e+09,24,27,76,127,0.5,-15,-8,-8
"size_1_1434",223810000,1477550000,153660000,163820000,95370000,2114210000,40,37,91,168,223810000,1477550000,153660000,163820000,95370000,2114210000,25,31,80,136,0.5,-15,-6,-11
"size_1_1435",388970000,1476740000,226760000,171780000,2.35e+08,2499250000,34,30,72,136,388970000,1476740000,226760000,171780000,2.35e+08,2499250000,22,23,73,118,0.5,-12,-7,1
"size_1_1436",1462070000,647630000,75790000,297120000,17390000,2.5e+09,34,26,70,130,1462070000,647630000,75790000,297120000,17390000,2.5e+09,20,17,61,98,0.5,-14,-9,-9
"size_1_1437",1214160000,970480000,162780000,105650000,46930000,2.5e+09,33,31,74,138,1214160000,970480000,162780000,105650000,46930000,2.5e+09,20,21,61,102,0.5,-13,-10,-13
"size_1_1438",1417520000,678970000,119950000,247700000,35860000,2.5e+09,38,30,84,152,1417520000,678970000,119950000,247700000,35860000,2.5e+09,19,19,61,99,0.5,-19,-11,-23
"size_1_1439",1374430000,821770000,129340000,72570000,101890000,2.5e+09,41,38,87,166,1374430000,821770000,129340000,72570000,101890000,2.5e+09,22,26,68,116,0.5,-19,-12,-19
"size_1_1440",1068180000,1006460000,125110000,225560000,74690000,2.5e+09,37,35,85,157,1068180000,1006460000,125110000,225560000,74690000,2.5e+09,22,34,71,127,0.5,-15,-1,-14
"size_1_1441",546090000,1224580000,165820000,155430000,72590000,2164510000,38,37,92,167,546090000,1224580000,165820000,155430000,72590000,2164510000,22,27,68,117,0.5,-16,-10,-24
"size_1_1442",592190000,740650000,53460000,139390000,28120000,1553810000,47,37,96,180,592190000,740650000,53460000,139390000,28120000,1553810000,28,35,75,138,0.5,-19,-2,-21
"size_1_1443",8880000,4010000,350000,1730000,0,14970000,47,38,101,186,8880000,4010000,350000,1730000,0,14970000,25,31,71,127,0.5,-22,-7,-30
"size_1_1444",375130000,1645800000,208370000,214250000,56450000,2.5e+09,37,33,86,156,375130000,1645800000,208370000,214250000,56450000,2.5e+09,22,33,73,128,0.5,-15,0,-13
"size_1_1445",803370000,1402850000,103820000,164100000,25860000,2.5e+09,38,36,84,158,803370000,1402850000,103820000,164100000,25860000,2.5e+09,20,34,75,129,0.5,-18,-2,-9
"size_1_1446",505270000,1076980000,77330000,324680000,93270000,2077530000,45,38,99,182,505270000,1076980000,77330000,324680000,93270000,2077530000,27,35,77,139,0.5,-18,-3,-22
"size_1_1447",345530000,1724790000,128110000,275510000,26060000,2.5e+09,44,38,95,177,345530000,1724790000,128110000,275510000,26060000,2.5e+09,24,31,72,127,0.5,-20,-7,-23
"size_1_1448",585330000,1355920000,123450000,381070000,42590000,2488360000,38,37,84,159,585330000,1355920000,123450000,381070000,42590000,2488360000,21,32,72,125,0.5,-17,-5,-12
"size_1_1449",608010000,1247960000,115180000,444270000,84580000,2.5e+09,46,38,93,177,608010000,1247960000,115180000,444270000,84580000,2.5e+09,22,35,74,131,0.5,-24,-3,-19
"size_1_1450",298390000,464960000,36670000,189010000,42590000,1031620000,38,38,86,162,298390000,464960000,36670000,189010000,42590000,1031620000,26,37,77,140,0.5,-12,-1,-9
"size_1_1451",541530000,5.44e+08,35540000,197740000,57650000,1376460000,46,40,102,188,541530000,5.44e+08,35540000,197740000,57650000,1376460000,31,36,75,142,0.5,-15,-4,-27
"size_1_1452",560030000,1242090000,176850000,435170000,85860000,2.5e+09,42,38,86,166,560030000,1242090000,176850000,435170000,85860000,2.5e+09,25,34,74,133,0.5,-17,-4,-12
"size_1_1453",709920000,1296550000,85090000,352960000,55480000,2.5e+09,35,35,86,156,709920000,1296550000,85090000,352960000,55480000,2.5e+09,20,33,72,125,0.5,-15,-2,-14
"size_1_1454",1157810000,574240000,46910000,408670000,137140000,2324770000,45,41,98,184,1157810000,574240000,46910000,408670000,137140000,2324770000,25,35,76,136,0.5,-20,-6,-22
"size_1_1455",593800000,322580000,43240000,145370000,52810000,1157800000,43,39,94,176,593800000,322580000,43240000,145370000,52810000,1157800000,27,35,78,140,0.5,-16,-4,-16
"size_1_1456",873410000,1238350000,65120000,186390000,136730000,2.5e+09,42,39,86,167,873410000,1238350000,65120000,186390000,136730000,2.5e+09,21,33,70,124,0.5,-21,-6,-16
"size_1_1457",658350000,905420000,5.7e+07,580580000,298650000,2.5e+09,44,42,94,180,658350000,905420000,5.7e+07,580580000,298650000,2.5e+09,29,36,75,140,0.5,-15,-6,-19
"size_1_1458",1023170000,374530000,28650000,121250000,104710000,1652310000,43,39,89,171,1023170000,374530000,28650000,121250000,104710000,1652310000,28,37,78,143,0.5,-15,-2,-11
"size_1_1459",568870000,753070000,39480000,203210000,51250000,1615880000,39,35,87,161,568870000,753070000,39480000,203210000,51250000,1615880000,28,32,77,137,0.5,-11,-3,-10
"size_1_1460",251160000,1492180000,68190000,51300000,50190000,1913020000,40,36,87,163,251160000,1492180000,68190000,51300000,50190000,1913020000,21,29,63,113,0.5,-19,-7,-24
"size_1_1461",363840000,1621920000,31610000,159160000,90880000,2267410000,40,37,88,165,363840000,1621920000,31610000,159160000,90880000,2267410000,24,33,69,126,0.5,-16,-4,-19
"size_1_1462",823620000,1145720000,214990000,89460000,226210000,2.5e+09,38,32,83,153,823620000,1145720000,214990000,89460000,226210000,2.5e+09,25,35,76,136,0.5,-13,3,-7
"size_1_1463",440330000,1436800000,78320000,290530000,254020000,2.5e+09,44,39,92,175,440330000,1436800000,78320000,290530000,254020000,2.5e+09,27,33,75,135,0.5,-17,-6,-17
"size_1_1464",689920000,1299650000,56050000,185250000,269130000,2.5e+09,41,33,79,153,689920000,1299650000,56050000,185250000,269130000,2.5e+09,23,34,71,128,0.5,-18,1,-8
"size_1_1465",516830000,1649090000,80180000,73220000,180680000,2.5e+09,33,29,71,133,516830000,1649090000,80180000,73220000,180680000,2.5e+09,19,23,57,99,0.5,-14,-6,-14
"size_1_1466",563580000,1668420000,78730000,47710000,141560000,2.5e+09,33,27,69,129,563580000,1668420000,78730000,47710000,141560000,2.5e+09,21,24,59,104,0.5,-12,-3,-10
"size_1_1467",0,3340000,0,3190000,0,6530000,35,31,77,143,0,3340000,0,3190000,0,6530000,21,26,71,118,0.5,-14,-5,-6
"size_1_1468",137890000,1045790000,94090000,241200000,122700000,1641670000,36,34,78,148,137890000,1045790000,94090000,241200000,122700000,1641670000,22,30,71,123,0.5,-14,-4,-7
"size_1_1469",413650000,468410000,67470000,187300000,31720000,1168550000,33,32,76,141,413650000,468410000,67470000,187300000,31720000,1168550000,23,25,68,116,0.5,-10,-7,-8
"size_1_1470",910690000,148210000,22250000,178460000,44330000,1303940000,35,37,84,156,910690000,148210000,22250000,178460000,44330000,1303940000,19,19,59,97,0.5,-16,-18,-25
"size_1_1471",693720000,45260000,7150000,85440000,10420000,841990000,31,28,70,129,693720000,45260000,7150000,85440000,10420000,841990000,19,17,58,94,0.5,-12,-11,-12
"size_1_1472",372200000,159130000,45050000,181120000,32920000,790420000,35,29,74,138,372200000,159130000,45050000,181120000,32920000,790420000,17,17,58,92,0.5,-18,-12,-16
"size_1_1473",430520000,46040000,106600000,1210000,1915630000,2.5e+09,40,31,77,148,430520000,46040000,106600000,1210000,1915630000,2.5e+09,18,33,66,117,0.5,-22,2,-11
"size_1_1474",951810000,220530000,42320000,11790000,1273550000,2.5e+09,41,33,83,157,951810000,220530000,42320000,11790000,1273550000,2.5e+09,21,35,74,130,0.5,-20,2,-9
"size_1_1475",1326570000,436960000,97360000,22550000,616560000,2.5e+09,44,34,82,160,1326570000,436960000,97360000,22550000,616560000,2.5e+09,25,34,75,134,0.5,-19,0,-7
"size_1_1476",1912370000,27410000,2470000,980000,556770000,2.5e+09,37,30,64,131,1912370000,27410000,2470000,980000,556770000,2.5e+09,17,23,46,86,0.5,-20,-7,-18
"size_1_1477",1858960000,167190000,16030000,1390000,456430000,2.5e+09,39,36,82,157,1858960000,167190000,16030000,1390000,456430000,2.5e+09,21,36,68,125,0.5,-18,0,-14
"size_1_1478",545960000,40200000,9740000,650000,1688770000,2285320000,37,30,82,149,545960000,40200000,9740000,650000,1688770000,2285320000,20,31,60,111,0.5,-17,1,-22
"size_1_1479",1036900000,117210000,66800000,2940000,1276150000,2.5e+09,40,37,86,163,1036900000,117210000,66800000,2940000,1276150000,2.5e+09,21,38,71,130,0.5,-19,1,-15
"size_1_1480",745040000,909340000,64140000,239110000,542370000,2.5e+09,40,36,85,161,745040000,909340000,64140000,239110000,542370000,2.5e+09,27,36,75,138,0.5,-13,0,-10
"size_1_1481",738820000,1189310000,57170000,144950000,369750000,2.5e+09,40,40,96,176,738820000,1189310000,57170000,144950000,369750000,2.5e+09,23,38,72,133,0.5,-17,-2,-24
"size_1_1482",833890000,979740000,43510000,115410000,527450000,2.5e+09,40,32,81,153,833890000,979740000,43510000,115410000,527450000,2.5e+09,23,32,67,122,0.5,-17,0,-14
"size_1_1483",702810000,1424340000,83870000,134100000,154880000,2.5e+09,41,37,87,165,702810000,1424340000,83870000,134100000,154880000,2.5e+09,20,25,66,111,0.5,-21,-12,-21
"size_1_1484",592630000,359420000,11620000,127360000,1408970000,2.5e+09,38,33,74,145,592630000,359420000,11620000,127360000,1408970000,2.5e+09,26,35,71,132,0.5,-12,2,-3
"size_1_1485",1006910000,653540000,39080000,147950000,652520000,2.5e+09,37,33,79,149,1006910000,653540000,39080000,147950000,652520000,2.5e+09,20,33,70,123,0.5,-17,0,-9
"size_1_1486",155900000,30440000,3230000,35840000,2274590000,2.5e+09,35,29,65,129,155900000,30440000,3230000,35840000,2274590000,2.5e+09,18,34,68,120,0.5,-17,5,3
"size_1_1487",875470000,378680000,81800000,1420000,1162630000,2.5e+09,41,42,91,174,875470000,378680000,81800000,1420000,1162630000,2.5e+09,24,38,74,136,0.5,-17,-4,-17
"size_1_1488",905530000,309990000,68690000,0,1215790000,2.5e+09,42,40,87,169,905530000,309990000,68690000,0,1215790000,2.5e+09,25,40,78,143,0.5,-17,0,-9
"size_1_1489",880820000,400040000,25480000,1630000,1192030000,2.5e+09,41,39,88,168,880820000,400040000,25480000,1630000,1192030000,2.5e+09,26,39,79,144,0.5,-15,0,-9
"size_1_1490",1288530000,777730000,75540000,0,358200000,2.5e+09,41,38,82,161,1288530000,777730000,75540000,0,358200000,2.5e+09,24,39,77,140,0.5,-17,1,-5
"size_1_1491",1.209e+09,924720000,183170000,9e+05,182210000,2.5e+09,42,36,85,163,1.209e+09,924720000,183170000,9e+05,182210000,2.5e+09,24,40,76,140,0.5,-18,4,-9
"size_1_1492",1150070000,143100000,12210000,1140000,1193480000,2.5e+09,44,42,99,185,1150070000,143100000,12210000,1140000,1193480000,2.5e+09,29,41,85,155,0.5,-15,-1,-14
"size_1_1493",666400000,204610000,94800000,1720000,1532470000,2.5e+09,42,43,100,185,666400000,204610000,94800000,1720000,1532470000,2.5e+09,29,43,81,153,0.5,-13,0,-19
"size_1_1494",1604130000,425830000,19840000,0,450200000,2.5e+09,39,33,72,144,1604130000,425830000,19840000,0,450200000,2.5e+09,21,35,74,130,0.5,-18,2,2
"size_1_1495",1780020000,388620000,24630000,0,306730000,2.5e+09,38,38,84,160,1780020000,388620000,24630000,0,306730000,2.5e+09,24,37,75,136,0.5,-14,-1,-9
"size_1_1496",1.15e+09,382800000,76360000,0,890840000,2.5e+09,44,41,95,180,1.15e+09,382800000,76360000,0,890840000,2.5e+09,27,39,82,148,0.5,-17,-2,-13
"size_1_1497",1266550000,433050000,43940000,0,756460000,2.5e+09,41,41,94,176,1266550000,433050000,43940000,0,756460000,2.5e+09,28,44,81,153,0.5,-13,3,-13
"size_1_1498",1243760000,933410000,94670000,0,228160000,2.5e+09,37,34,76,147,1243760000,933410000,94670000,0,228160000,2.5e+09,22,31,74,127,0.5,-15,-3,-2
"size_1_1499",1406270000,650310000,34670000,0,408750000,2.5e+09,38,31,73,142,1406270000,650310000,34670000,0,408750000,2.5e+09,20,37,72,129,0.5,-18,6,-1
"size_1_1500",516080000,66810000,31660000,0,1885450000,2.5e+09,37,36,89,162,516080000,66810000,31660000,0,1885450000,2.5e+09,26,41,77,144,0.5,-11,5,-12
"size_1_1501",438540000,119520000,46920000,460000,1762160000,2367600000,38,38,88,164,438540000,119520000,46920000,460000,1762160000,2367600000,27,40,81,148,0.5,-11,2,-7
"size_1_1502",1284010000,540650000,34490000,0,640850000,2.5e+09,38,34,85,157,1284010000,540650000,34490000,0,640850000,2.5e+09,27,40,83,150,0.5,-11,6,-2
"size_1_1503",667290000,1286900000,51370000,120350000,374090000,2.5e+09,36,30,73,139,667290000,1286900000,51370000,120350000,374090000,2.5e+09,22,29,72,123,0.5,-14,-1,-1
"size_1_1504",662970000,1439590000,84540000,52470000,260430000,2.5e+09,37,31,80,148,662970000,1439590000,84540000,52470000,260430000,2.5e+09,20,31,60,111,0.5,-17,0,-20
"size_1_1505",604440000,1437550000,95400000,95600000,267010000,2.5e+09,36,35,79,150,604440000,1437550000,95400000,95600000,267010000,2.5e+09,22,31,67,120,0.5,-14,-4,-12
"size_1_1506",689090000,770490000,38070000,169140000,833210000,2.5e+09,43,43,84,170,689090000,770490000,38070000,169140000,833210000,2.5e+09,27,35,77,139,0.5,-16,-8,-7
"size_1_1507",370270000,152270000,188100000,78060000,1673610000,2462310000,39,42,88,169,370270000,152270000,188100000,78060000,1673610000,2462310000,22,36,72,130,0.5,-17,-6,-16
"size_1_1508",423320000,214200000,7130000,154670000,1641010000,2440330000,41,38,86,165,423320000,214200000,7130000,154670000,1641010000,2440330000,19,35,72,126,0.5,-22,-3,-14
"size_1_1509",657460000,279850000,10430000,94190000,1458070000,2.5e+09,42,42,97,181,657460000,279850000,10430000,94190000,1458070000,2.5e+09,31,40,84,155,0.5,-11,-2,-13
"size_1_1510",31430000,35150000,6650000,17930000,2135360000,2226520000,34,33,78,145,31430000,35150000,6650000,17930000,2135360000,2226520000,22,33,71,126,0.5,-12,0,-7
"size_1_1511",64480000,8080000,0,6800000,2072240000,2151600000,34,34,68,136,64480000,8080000,0,6800000,2072240000,2151600000,17,27,59,103,0.5,-17,-7,-9
"size_1_1512",370980000,114900000,14080000,155010000,1845030000,2.5e+09,40,41,95,176,370980000,114900000,14080000,155010000,1845030000,2.5e+09,26,40,75,141,0.5,-14,-1,-20
"size_1_1513",801290000,214780000,52900000,160820000,1270210000,2.5e+09,38,38,87,163,801290000,214780000,52900000,160820000,1270210000,2.5e+09,26,33,79,138,0.5,-12,-5,-8
"size_1_1514",1146920000,498970000,16860000,342540000,494710000,2.5e+09,43,42,91,176,1146920000,498970000,16860000,342540000,494710000,2.5e+09,27,37,79,143,0.5,-16,-5,-12
"size_1_1515",1460660000,563630000,71620000,0,404090000,2.5e+09,42,40,91,173,1460660000,563630000,71620000,0,404090000,2.5e+09,26,37,77,140,0.5,-16,-3,-14
"size_1_1516",282510000,18020000,12410000,0,1919480000,2232420000,40,39,89,168,282510000,18020000,12410000,0,1919480000,2232420000,26,37,71,134,0.5,-14,-2,-18
"size_1_1517",1330350000,894060000,37550000,0,238040000,2.5e+09,42,36,81,159,1330350000,894060000,37550000,0,238040000,2.5e+09,22,33,73,128,0.5,-20,-3,-8
"size_1_1518",1146090000,1117030000,52530000,460000,183890000,2.5e+09,40,37,77,154,1146090000,1117030000,52530000,460000,183890000,2.5e+09,22,34,68,124,0.5,-18,-3,-9
"size_1_1519",1.884e+09,157230000,13800000,0,444970000,2.5e+09,38,35,75,148,1.884e+09,157230000,13800000,0,444970000,2.5e+09,24,32,72,128,0.5,-14,-3,-3
"size_1_1520",1270770000,460380000,198290000,0,570560000,2.5e+09,39,36,83,158,1270770000,460380000,198290000,0,570560000,2.5e+09,24,38,78,140,0.5,-15,2,-5
"size_1_1521",1623060000,491990000,35620000,0,349330000,2.5e+09,41,36,76,153,1623060000,491990000,35620000,0,349330000,2.5e+09,22,36,73,131,0.5,-19,0,-3
"size_1_1522",1687920000,358880000,19670000,920000,432610000,2.5e+09,38,33,76,147,1687920000,358880000,19670000,920000,432610000,2.5e+09,23,34,71,128,0.5,-15,1,-5
"size_1_1523",1554350000,423850000,63870000,460000,457470000,2.5e+09,39,38,88,165,1554350000,423850000,63870000,460000,457470000,2.5e+09,24,39,82,145,0.5,-15,1,-6
"size_1_1524",1525520000,438230000,25760000,0,510490000,2.5e+09,39,34,81,154,1525520000,438230000,25760000,0,510490000,2.5e+09,23,37,71,131,0.5,-16,3,-10
"size_1_1525",1668680000,18300000,11870000,2140000,799010000,2.5e+09,35,28,68,131,1668680000,18300000,11870000,2140000,799010000,2.5e+09,17,29,52,98,0.5,-18,1,-16
"size_1_1526",1661370000,19200000,1320000,840000,817270000,2.5e+09,36,29,64,129,1661370000,19200000,1320000,840000,817270000,2.5e+09,15,21,45,81,0.5,-21,-8,-19
"size_1_1527",1251250000,7370000,1670000,730000,1238980000,2.5e+09,35,26,63,124,1251250000,7370000,1670000,730000,1238980000,2.5e+09,15,20,48,83,0.5,-20,-6,-15
"size_1_1528",794870000,0,0,2100000,1703030000,2.5e+09,29,27,62,118,794870000,0,0,2100000,1703030000,2.5e+09,7,21,27,55,0.5,-22,-6,-35
"size_1_1529",1203470000,146900000,11320000,0,1138310000,2.5e+09,34,23,64,121,1203470000,146900000,11320000,0,1138310000,2.5e+09,16,24,45,85,0.5,-18,1,-19
"size_1_1530",404730000,14670000,720000,6050000,2073830000,2.5e+09,27,19,51,97,404730000,14670000,720000,6050000,2073830000,2.5e+09,9,15,33,57,0.5,-18,-4,-18
"size_1_1531",370090000,21930000,1240000,29340000,2077400000,2.5e+09,29,25,54,108,370090000,21930000,1240000,29340000,2077400000,2.5e+09,14,25,46,85,0.5,-15,0,-8
"size_1_1532",159380000,0,0,35760000,2304860000,2.5e+09,21,19,45,85,159380000,0,0,35760000,2304860000,2.5e+09,9,20,34,63,0.5,-12,1,-11
"size_1_1533",479480000,62940000,23570000,250000,1933760000,2.5e+09,28,22,59,109,479480000,62940000,23570000,250000,1933760000,2.5e+09,17,28,48,93,0.5,-11,6,-11
"size_1_1534",127090000,13430000,2520000,0,2356960000,2.5e+09,20,14,41,75,127090000,13430000,2520000,0,2356960000,2.5e+09,10,17,28,55,0.5,-10,3,-13
"size_1_1535",3.87e+08,65830000,5540000,0,2041630000,2.5e+09,24,18,49,91,3.87e+08,65830000,5540000,0,2041630000,2.5e+09,8,17,29,54,0.5,-16,-1,-20
"size_1_1536",1765060000,11530000,3370000,1060000,718980000,2.5e+09,36,30,68,134,1765060000,11530000,3370000,1060000,718980000,2.5e+09,18,23,50,91,0.5,-18,-7,-18
"size_1_1537",1855410000,53050000,6130000,320000,585090000,2.5e+09,36,28,66,130,1855410000,53050000,6130000,320000,585090000,2.5e+09,16,21,50,87,0.5,-20,-7,-16
"size_1_1538",1909370000,199790000,31890000,3390000,355560000,2.5e+09,36,32,71,139,1909370000,199790000,31890000,3390000,355560000,2.5e+09,19,29,62,110,0.5,-17,-3,-9
"size_1_1539",1948770000,163250000,5480000,1060000,381440000,2.5e+09,36,35,75,146,1948770000,163250000,5480000,1060000,381440000,2.5e+09,20,31,65,116,0.5,-16,-4,-10
"size_1_1540",1581060000,6090000,9620000,6820000,896410000,2.5e+09,35,28,63,126,1581060000,6090000,9620000,6820000,896410000,2.5e+09,16,28,51,95,0.5,-19,0,-12
"size_1_1541",1710280000,20060000,4720000,12440000,752500000,2.5e+09,34,29,68,131,1710280000,20060000,4720000,12440000,752500000,2.5e+09,19,26,60,105,0.5,-15,-3,-8
"size_1_1542",1919420000,30270000,5370000,3110000,541830000,2.5e+09,34,29,68,131,1919420000,30270000,5370000,3110000,541830000,2.5e+09,15,18,45,78,0.5,-19,-11,-23
"size_1_1543",1644780000,470000,1350000,1370000,852030000,2.5e+09,33,28,60,121,1644780000,470000,1350000,1370000,852030000,2.5e+09,10,18,30,58,0.5,-23,-10,-30
"size_1_1544",1688960000,5100000,7300000,2850000,795790000,2.5e+09,33,28,63,124,1688960000,5100000,7300000,2850000,795790000,2.5e+09,16,26,48,90,0.5,-17,-2,-15
"size_1_1545",1758530000,0,770000,2030000,738670000,2.5e+09,32,26,61,119,1758530000,0,770000,2030000,738670000,2.5e+09,11,26,42,79,0.5,-21,0,-19
"size_1_1546",1691520000,1720000,11660000,260000,794840000,2.5e+09,33,27,64,124,1691520000,1720000,11660000,260000,794840000,2.5e+09,10,25,43,78,0.5,-23,-2,-21
"size_1_1547",745830000,0,2800000,5310000,1746060000,2.5e+09,29,28,64,121,745830000,0,2800000,5310000,1746060000,2.5e+09,9,18,33,60,0.5,-20,-10,-31
"size_1_1548",1302990000,1120000,3490000,5440000,1186960000,2.5e+09,31,25,55,111,1302990000,1120000,3490000,5440000,1186960000,2.5e+09,11,22,41,74,0.5,-20,-3,-14
"size_1_1549",1476140000,820000,1690000,2640000,1018710000,2.5e+09,32,26,56,114,1476140000,820000,1690000,2640000,1018710000,2.5e+09,9,15,29,53,0.5,-23,-11,-27
"size_1_1550",465920000,0,0,38100000,1995980000,2.5e+09,24,26,58,108,465920000,0,0,38100000,1995980000,2.5e+09,10,26,44,80,0.5,-14,0,-14
"size_1_1551",835890000,7250000,2120000,0,1654740000,2.5e+09,22,21,47,90,835890000,7250000,2120000,0,1654740000,2.5e+09,8,18,29,55,0.5,-14,-3,-18
"size_1_1552",1137950000,1930000,0,0,1360120000,2.5e+09,24,21,51,96,1137950000,1930000,0,0,1360120000,2.5e+09,8,22,37,67,0.5,-16,1,-14
"size_1_1553",459920000,1930000,0,0,2038150000,2.5e+09,13,14,38,65,459920000,1930000,0,0,2038150000,2.5e+09,9,21,31,61,0.5,-4,7,-7
"size_1_1554",496670000,55660000,22360000,4e+05,1696420000,2271510000,36,34,69,139,496670000,55660000,22360000,4e+05,1696420000,2271510000,17,31,62,110,0.5,-19,-3,-7
"size_1_1555",470950000,58840000,2e+06,320000,1562790000,2094900000,36,33,73,142,470950000,58840000,2e+06,320000,1562790000,2094900000,18,32,65,115,0.5,-18,-1,-8
"size_1_1556",491290000,24270000,40520000,3270000,1940650000,2.5e+09,36,33,78,147,491290000,24270000,40520000,3270000,1940650000,2.5e+09,22,35,65,122,0.5,-14,2,-13
"size_1_1557",1672710000,63460000,12260000,16550000,735020000,2.5e+09,37,33,74,144,1672710000,63460000,12260000,16550000,735020000,2.5e+09,18,28,56,102,0.5,-19,-5,-18
"size_1_1558",1604750000,2380000,3320000,6640000,882910000,2.5e+09,31,28,55,114,1604750000,2380000,3320000,6640000,882910000,2.5e+09,12,18,34,64,0.5,-19,-10,-21
"size_1_1559",1302700000,8600000,6080000,4090000,1178530000,2.5e+09,31,27,58,116,1302700000,8600000,6080000,4090000,1178530000,2.5e+09,13,19,41,73,0.5,-18,-8,-17
"size_1_1560",1584420000,5850000,1910000,0,907820000,2.5e+09,32,27,67,126,1584420000,5850000,1910000,0,907820000,2.5e+09,19,30,59,108,0.5,-13,3,-8
"size_1_1561",1765180000,1310000,11490000,2950000,719070000,2.5e+09,32,27,64,123,1765180000,1310000,11490000,2950000,719070000,2.5e+09,20,32,54,106,0.5,-12,5,-10
"size_1_1562",621650000,0,0,0,1878350000,2.5e+09,26,22,48,96,621650000,0,0,0,1878350000,2.5e+09,9,24,39,72,0.5,-17,2,-9
"size_1_1563",495850000,160930000,25670000,1280000,1619350000,2303080000,41,38,84,163,495850000,160930000,25670000,1280000,1619350000,2303080000,27,39,79,145,0.5,-14,1,-5
"size_1_1564",1622430000,59050000,12710000,19920000,785890000,2.5e+09,35,33,73,141,1622430000,59050000,12710000,19920000,785890000,2.5e+09,17,32,63,112,0.5,-18,-1,-10
"size_1_1565",1763610000,13040000,13090000,770000,709490000,2.5e+09,32,31,68,131,1763610000,13040000,13090000,770000,709490000,2.5e+09,18,32,58,108,0.5,-14,1,-10
"size_1_1566",1713870000,14540000,7210000,12670000,751710000,2.5e+09,34,33,71,138,1713870000,14540000,7210000,12670000,751710000,2.5e+09,16,33,62,111,0.5,-18,0,-9
"size_1_1567",1377820000,353250000,35020000,226190000,507720000,2.5e+09,33,40,75,148,1377820000,353250000,35020000,226190000,507720000,2.5e+09,22,15,63,100,0.5,-11,-25,-12
"size_1_1568",214810000,573480000,52500000,69630000,1589580000,2.5e+09,40,39,91,170,214810000,573480000,52500000,69630000,1589580000,2.5e+09,17,19,68,104,0.5,-23,-20,-23
"size_1_1569",1866070000,281230000,25310000,121220000,206170000,2.5e+09,34,32,64,130,1866070000,281230000,25310000,121220000,206170000,2.5e+09,20,16,62,98,0.5,-14,-16,-2
"size_1_1570",797410000,1158150000,75450000,224170000,244820000,2.5e+09,29,30,53,112,797410000,1158150000,75450000,224170000,244820000,2.5e+09,18,16,64,98,0.5,-11,-14,11
"size_1_1571",1394870000,555150000,49570000,275030000,225380000,2.5e+09,32,38,69,139,1394870000,555150000,49570000,275030000,225380000,2.5e+09,23,20,61,104,0.5,-9,-18,-8
"size_1_1572",944680000,669720000,101140000,680240000,104220000,2.5e+09,32,30,57,119,944680000,669720000,101140000,680240000,104220000,2.5e+09,21,22,62,105,0.5,-11,-8,5
"size_1_1573",1383720000,440390000,38510000,101570000,535810000,2.5e+09,34,36,78,148,1383720000,440390000,38510000,101570000,535810000,2.5e+09,19,14,65,98,0.5,-15,-22,-13
"size_1_1574",100590000,650500000,34620000,30380000,1582890000,2398980000,45,40,104,189,100590000,650500000,34620000,30380000,1582890000,2398980000,26,19,75,120,0.5,-19,-21,-29
"size_1_1575",940180000,804260000,42030000,116540000,596990000,2.5e+09,34,34,75,143,940180000,804260000,42030000,116540000,596990000,2.5e+09,20,15,72,107,0.5,-14,-19,-3
"size_1_1576",198580000,696010000,26490000,40900000,1516570000,2478550000,36,36,84,156,198580000,696010000,26490000,40900000,1516570000,2478550000,20,19,67,106,0.5,-16,-17,-17
"size_1_1577",1612470000,400360000,40430000,131620000,315120000,2.5e+09,35,41,79,155,1612470000,400360000,40430000,131620000,315120000,2.5e+09,20,18,67,105,0.5,-15,-23,-12
"size_1_1578",678790000,1089260000,91550000,297200000,343200000,2.5e+09,42,33,82,157,678790000,1089260000,91550000,297200000,343200000,2.5e+09,21,18,83,122,0.5,-21,-15,1
"size_1_1579",1155960000,728540000,84630000,292750000,238120000,2.5e+09,34,44,92,170,1155960000,728540000,84630000,292750000,238120000,2.5e+09,25,25,74,124,0.5,-9,-19,-18
"size_1_1580",1422230000,652280000,118130000,120810000,186550000,2.5e+09,34,41,80,155,1422230000,652280000,118130000,120810000,186550000,2.5e+09,23,21,67,111,0.5,-11,-20,-13
"size_1_1581",1441570000,395720000,117480000,406220000,139010000,2.5e+09,32,27,51,110,1441570000,395720000,117480000,406220000,139010000,2.5e+09,18,17,53,88,0.5,-14,-10,2
"size_1_1582",636740000,1113610000,197280000,479580000,72790000,2.5e+09,36,34,80,150,636740000,1113610000,197280000,479580000,72790000,2.5e+09,20,23,67,110,0.5,-16,-11,-13
"size_1_1583",1375380000,469430000,77380000,358980000,218830000,2.5e+09,35,33,73,141,1375380000,469430000,77380000,358980000,218830000,2.5e+09,19,19,58,96,0.5,-16,-14,-15
"size_1_1584",899420000,775240000,78770000,597250000,149320000,2.5e+09,37,33,72,142,899420000,775240000,78770000,597250000,149320000,2.5e+09,24,25,65,114,0.5,-13,-8,-7
"size_1_1585",1414400000,107660000,42100000,619570000,229350000,2413080000,25,25,50,100,1414400000,107660000,42100000,619570000,229350000,2413080000,14,12,43,69,0.5,-11,-13,-7
"size_1_1586",1444860000,122330000,58900000,527260000,241680000,2395030000,24,24,34,82,1444860000,122330000,58900000,527260000,241680000,2395030000,14,11,40,65,0.5,-10,-13,6
"size_1_1587",1561920000,237240000,33040000,359280000,308520000,2.5e+09,27,25,47,99,1561920000,237240000,33040000,359280000,308520000,2.5e+09,14,12,42,68,0.5,-13,-13,-5
"size_1_1588",1055950000,880360000,21210000,106080000,436400000,2.5e+09,33,33,75,141,1055950000,880360000,21210000,106080000,436400000,2.5e+09,23,15,71,109,0.5,-10,-18,-4
"size_1_1589",394200000,1033970000,47890000,94340000,929600000,2.5e+09,43,43,108,194,394200000,1033970000,47890000,94340000,929600000,2.5e+09,27,24,90,141,0.5,-16,-19,-18
"size_1_1590",1.11e+08,2009410000,63640000,139890000,176060000,2.5e+09,26,19,42,87,1.11e+08,2009410000,63640000,139890000,176060000,2.5e+09,16,14,52,82,0.5,-10,-5,10
"size_1_1591",538350000,1328860000,61710000,245310000,325770000,2.5e+09,38,37,78,153,538350000,1328860000,61710000,245310000,325770000,2.5e+09,24,22,79,125,0.5,-14,-15,1
"size_1_1592",334210000,1629120000,95200000,257710000,183760000,2.5e+09,30,32,67,129,334210000,1629120000,95200000,257710000,183760000,2.5e+09,22,19,71,112,0.5,-8,-13,4
"size_1_1593",159540000,1800420000,65130000,268900000,206010000,2.5e+09,28,26,57,111,159540000,1800420000,65130000,268900000,206010000,2.5e+09,21,17,67,105,0.5,-7,-9,10
"size_1_1594",929140000,1102540000,107410000,147510000,213400000,2.5e+09,28,29,59,116,929140000,1102540000,107410000,147510000,213400000,2.5e+09,18,18,65,101,0.5,-10,-11,6
"size_1_1595",1100730000,909450000,104700000,153990000,231130000,2.5e+09,35,39,85,159,1100730000,909450000,104700000,153990000,231130000,2.5e+09,20,21,82,123,0.5,-15,-18,-3
"size_1_1596",869390000,1218840000,133940000,127760000,150070000,2.5e+09,35,32,81,148,869390000,1218840000,133940000,127760000,150070000,2.5e+09,19,19,71,109,0.5,-16,-13,-10
"size_1_1597",659460000,1426690000,105340000,200460000,108050000,2.5e+09,36,35,78,149,659460000,1426690000,105340000,200460000,108050000,2.5e+09,21,23,85,129,0.5,-15,-12,7
"size_1_1598",229460000,1846010000,170640000,104310000,149580000,2.5e+09,38,32,69,139,229460000,1846010000,170640000,104310000,149580000,2.5e+09,24,23,77,124,0.5,-14,-9,8
"size_1_1599",460740000,1604110000,124170000,140250000,170730000,2.5e+09,45,43,93,181,460740000,1604110000,124170000,140250000,170730000,2.5e+09,23,23,75,121,0.5,-22,-20,-18
"size_1_1600",313830000,1827980000,119950000,86790000,151450000,2.5e+09,41,32,76,149,313830000,1827980000,119950000,86790000,151450000,2.5e+09,24,30,81,135,0.5,-17,-2,5
"size_1_1601",508950000,1664570000,133730000,106900000,85850000,2.5e+09,30,32,65,127,508950000,1664570000,133730000,106900000,85850000,2.5e+09,17,17,59,93,0.5,-13,-15,-6
"size_1_1602",243800000,1511030000,517980000,101790000,125400000,2.5e+09,30,24,55,109,243800000,1511030000,517980000,101790000,125400000,2.5e+09,22,21,61,104,0.5,-8,-3,6
"size_1_1603",1072620000,880830000,117790000,331750000,97010000,2.5e+09,34,29,63,126,1072620000,880830000,117790000,331750000,97010000,2.5e+09,19,21,55,95,0.5,-15,-8,-8
"size_1_1604",1557890000,354920000,112020000,401960000,73210000,2.5e+09,23,19,45,87,1557890000,354920000,112020000,401960000,73210000,2.5e+09,16,11,44,71,0.5,-7,-8,-1
"size_1_1605",1834750000,181550000,47670000,336150000,99880000,2.5e+09,34,31,63,128,1834750000,181550000,47670000,336150000,99880000,2.5e+09,12,13,46,71,0.5,-22,-18,-17
"size_1_1606",1639740000,267750000,66740000,317640000,208130000,2.5e+09,25,24,46,95,1639740000,267750000,66740000,317640000,208130000,2.5e+09,14,15,44,73,0.5,-11,-9,-2
"size_1_1607",1679170000,279360000,99820000,298220000,143430000,2.5e+09,30,29,55,114,1679170000,279360000,99820000,298220000,143430000,2.5e+09,14,15,48,77,0.5,-16,-14,-7
"size_1_1608",493480000,1374900000,219790000,356460000,55370000,2.5e+09,26,26,50,102,493480000,1374900000,219790000,356460000,55370000,2.5e+09,20,20,59,99,0.5,-6,-6,9
"size_1_1609",1221370000,871020000,49250000,134090000,224270000,2.5e+09,44,42,95,181,1221370000,871020000,49250000,134090000,224270000,2.5e+09,25,28,86,139,0.5,-19,-14,-9
"size_1_1610",653550000,130190000,22760000,22980000,1452920000,2282400000,38,37,87,162,653550000,130190000,22760000,22980000,1452920000,2282400000,25,26,86,137,0.5,-13,-11,-1
"size_1_1611",749980000,1323080000,122910000,156660000,147370000,2.5e+09,37,39,81,157,749980000,1323080000,122910000,156660000,147370000,2.5e+09,19,19,71,109,0.5,-18,-20,-10
"size_1_1612",460640000,1384670000,127620000,2.49e+08,278070000,2.5e+09,47,44,109,200,460640000,1384670000,127620000,2.49e+08,278070000,2.5e+09,31,29,96,156,0.5,-16,-15,-13
"size_1_1613",466270000,632970000,117910000,49130000,1233720000,2.5e+09,44,44,96,184,466270000,632970000,117910000,49130000,1233720000,2.5e+09,24,26,84,134,0.5,-20,-18,-12
"size_1_1614",295230000,209590000,34390000,38370000,1673040000,2250620000,40,35,81,156,295230000,209590000,34390000,38370000,1673040000,2250620000,25,24,88,137,0.5,-15,-11,7
"size_1_1615",446440000,1609410000,146990000,109040000,188120000,2.5e+09,41,36,87,164,446440000,1609410000,146990000,109040000,188120000,2.5e+09,26,33,88,147,0.5,-15,-3,1
"size_1_1616",394760000,1777070000,128390000,110860000,88920000,2.5e+09,33,30,67,130,394760000,1777070000,128390000,110860000,88920000,2.5e+09,17,12,57,86,0.5,-16,-18,-10
"size_1_1617",213140000,1939640000,156470000,71360000,119390000,2.5e+09,33,29,63,125,213140000,1939640000,156470000,71360000,119390000,2.5e+09,19,19,71,109,0.5,-14,-10,8
"size_1_1618",39730000,2014370000,103040000,299140000,43720000,2.5e+09,30,23,44,97,39730000,2014370000,103040000,299140000,43720000,2.5e+09,18,15,61,94,0.5,-12,-8,17
"size_1_1619",177350000,1416020000,81780000,222800000,35020000,1932970000,44,36,81,161,177350000,1416020000,81780000,222800000,35020000,1932970000,21,26,76,123,0.5,-23,-10,-5
"size_1_1620",560420000,1453190000,162730000,270690000,52970000,2.5e+09,25,23,44,92,560420000,1453190000,162730000,270690000,52970000,2.5e+09,14,14,47,75,0.5,-11,-9,3
"size_1_1621",340870000,1293820000,137880000,264880000,63560000,2101010000,29,26,54,109,340870000,1293820000,137880000,264880000,63560000,2101010000,21,20,65,106,0.5,-8,-6,11
"size_1_1622",108510000,958340000,88240000,287240000,51260000,1493590000,42,37,74,153,108510000,958340000,88240000,287240000,51260000,1493590000,23,24,71,118,0.5,-19,-13,-3
"size_1_1623",417450000,1310970000,230650000,390300000,111810000,2461180000,34,29,62,125,417450000,1310970000,230650000,390300000,111810000,2461180000,21,24,74,119,0.5,-13,-5,12
"size_1_1624",159560000,362480000,66900000,61800000,43470000,694210000,39,37,70,146,159560000,362480000,66900000,61800000,43470000,694210000,21,21,66,108,0.5,-18,-16,-4
"size_1_1625",31320000,1023590000,64040000,86690000,1283230000,2488870000,42,35,75,152,31320000,1023590000,64040000,86690000,1283230000,2488870000,20,28,83,131,0.5,-22,-7,8
"size_1_1626",568380000,1339700000,98010000,273270000,220640000,2.5e+09,37,35,85,157,568380000,1339700000,98010000,273270000,220640000,2.5e+09,24,26,76,126,0.5,-13,-9,-9
"size_1_1627",58730000,299180000,25670000,61220000,2055200000,2.5e+09,37,27,82,146,58730000,299180000,25670000,61220000,2055200000,2.5e+09,19,28,77,124,0.5,-18,1,-5
"size_1_1628",206100000,401590000,45290000,50500000,165340000,868820000,42,31,75,148,206100000,401590000,45290000,50500000,165340000,868820000,23,28,87,138,0.5,-19,-3,12
"size_1_1629",104880000,375250000,17700000,63240000,968030000,1529100000,39,33,73,145,104880000,375250000,17700000,63240000,968030000,1529100000,23,31,83,137,0.5,-16,-2,10
"size_1_1630",739740000,1190160000,127640000,173580000,268880000,2.5e+09,42,37,90,169,739740000,1190160000,127640000,173580000,268880000,2.5e+09,25,34,75,134,0.5,-17,-3,-15
"size_1_1631",1078540000,949170000,60550000,160100000,251640000,2.5e+09,39,35,82,156,1078540000,949170000,60550000,160100000,251640000,2.5e+09,24,31,70,125,0.5,-15,-4,-12
"size_1_1632",832530000,980940000,232550000,253990000,199990000,2.5e+09,37,35,79,151,832530000,980940000,232550000,253990000,199990000,2.5e+09,28,32,71,131,0.5,-9,-3,-8
"size_1_1633",1123630000,687430000,35200000,208040000,170580000,2224880000,39,38,84,161,1123630000,687430000,35200000,208040000,170580000,2224880000,27,34,76,137,0.5,-12,-4,-8
"size_1_1634",719440000,1502280000,90490000,82350000,105440000,2.5e+09,34,30,72,136,719440000,1502280000,90490000,82350000,105440000,2.5e+09,22,28,64,114,0.5,-12,-2,-8
"size_1_1635",725650000,1433330000,73450000,8.3e+07,184570000,2.5e+09,36,33,78,147,725650000,1433330000,73450000,8.3e+07,184570000,2.5e+09,20,26,61,107,0.5,-16,-7,-17
"size_1_1636",744620000,1340850000,58660000,174900000,180970000,2.5e+09,38,36,82,156,744620000,1340850000,58660000,174900000,180970000,2.5e+09,23,30,65,118,0.5,-15,-6,-17
"size_1_1637",584740000,1473800000,61590000,190660000,189210000,2.5e+09,37,35,82,154,584740000,1473800000,61590000,190660000,189210000,2.5e+09,19,27,69,115,0.5,-18,-8,-13
"size_1_1638",271700000,120000,340000,71290000,53190000,396640000,26,26,64,116,271700000,120000,340000,71290000,53190000,396640000,17,13,53,83,0.5,-9,-13,-11
"size_1_1639",235390000,38590000,17790000,23810000,22740000,338320000,29,24,68,121,235390000,38590000,17790000,23810000,22740000,338320000,16,14,52,82,0.5,-13,-10,-16
"size_1_1640",0,0,0,0,0,0,38,32,84,154,0,0,0,0,0,0,26,31,71,128,NA,-12,-1,-13
"size_1_1641",15930000,55070000,3360000,21080000,560000,9.6e+07,38,34,88,160,15930000,55070000,3360000,21080000,560000,9.6e+07,22,29,65,116,0.5,-16,-5,-23
"size_1_1642",715160000,90110000,7630000,37750000,137980000,988630000,37,37,81,155,715160000,90110000,7630000,37750000,137980000,988630000,24,36,76,136,0.5,-13,-1,-5
"size_1_1643",720190000,310710000,40380000,89480000,158380000,1319140000,39,35,80,154,720190000,310710000,40380000,89480000,158380000,1319140000,23,36,76,135,0.5,-16,1,-4
"size_1_1644",0,0,0,0,0,0,42,39,87,168,0,0,0,0,0,0,26,37,79,142,NA,-16,-2,-8
"size_1_1645",789570000,1111460000,40810000,289020000,269140000,2.5e+09,41,33,80,154,789570000,1111460000,40810000,289020000,269140000,2.5e+09,26,36,75,137,0.5,-15,3,-5
"size_1_1646",1162320000,709390000,60500000,240260000,327530000,2.5e+09,39,37,86,162,1162320000,709390000,60500000,240260000,327530000,2.5e+09,29,38,80,147,0.5,-10,1,-6
"size_1_1647",702580000,527090000,69230000,249240000,360670000,1908810000,41,36,86,163,702580000,527090000,69230000,249240000,360670000,1908810000,30,39,78,147,0.5,-11,3,-8
"size_1_1648",270090000,634400000,21790000,128950000,176910000,1232140000,41,36,82,159,270090000,634400000,21790000,128950000,176910000,1232140000,30,38,82,150,0.5,-11,2,0
"size_1_1649",139510000,1331990000,160110000,423330000,44240000,2099180000,36,32,75,143,139510000,1331990000,160110000,423330000,44240000,2099180000,22,22,68,112,0.5,-14,-10,-7
"size_1_1650",229830000,226530000,11410000,98320000,96760000,662850000,45,38,81,164,229830000,226530000,11410000,98320000,96760000,662850000,29,39,82,150,0.5,-16,1,1
"size_1_1651",11950000,222140000,19080000,49660000,36790000,339620000,39,35,67,141,11950000,222140000,19080000,49660000,36790000,339620000,20,18,64,102,0.5,-19,-17,-3
"size_1_1652",935590000,1014360000,49770000,194670000,305610000,2.5e+09,35,29,69,133,935590000,1014360000,49770000,194670000,305610000,2.5e+09,17,32,70,119,0.5,-18,3,1
"size_1_1653",338580000,1984890000,73650000,28840000,74040000,2.5e+09,30,29,68,127,338580000,1984890000,73650000,28840000,74040000,2.5e+09,21,26,62,109,0.5,-9,-3,-6
"size_1_1654",1133590000,563940000,36060000,224420000,541990000,2.5e+09,38,32,76,146,1133590000,563940000,36060000,224420000,541990000,2.5e+09,23,31,72,126,0.5,-15,-1,-4
"size_1_1655",7.76e+08,1330400000,41020000,136180000,216400000,2.5e+09,36,31,77,144,7.76e+08,1330400000,41020000,136180000,216400000,2.5e+09,22,31,72,125,0.5,-14,0,-5
"size_1_1656",742130000,245580000,341820000,140920000,1029550000,2.5e+09,39,38,84,161,742130000,245580000,341820000,140920000,1029550000,2.5e+09,24,37,73,134,0.5,-15,-1,-11
"size_1_1657",963090000,790170000,19180000,126520000,601040000,2.5e+09,36,34,78,148,963090000,790170000,19180000,126520000,601040000,2.5e+09,22,32,74,128,0.5,-14,-2,-4
"size_1_1658",1092250000,614420000,40010000,243020000,510300000,2.5e+09,39,36,76,151,1092250000,614420000,40010000,243020000,510300000,2.5e+09,20,30,72,122,0.5,-19,-6,-4
"size_1_1659",1183430000,431710000,42780000,103920000,738160000,2.5e+09,45,42,90,177,1183430000,431710000,42780000,103920000,738160000,2.5e+09,27,38,80,145,0.5,-18,-4,-10
"size_1_1660",1144310000,602020000,16850000,105700000,631120000,2.5e+09,43,38,93,174,1144310000,602020000,16850000,105700000,631120000,2.5e+09,25,37,78,140,0.5,-18,-1,-15
"size_1_1661",893500000,478570000,229300000,416150000,482480000,2.5e+09,45,42,91,178,893500000,478570000,229300000,416150000,482480000,2.5e+09,27,37,73,137,0.5,-18,-5,-18
"size_1_1662",1322890000,579590000,30230000,223680000,343610000,2.5e+09,37,35,73,145,1322890000,579590000,30230000,223680000,343610000,2.5e+09,19,29,71,119,0.5,-18,-6,-2
"size_1_1663",908280000,335860000,447570000,1310000,806980000,2.5e+09,42,41,96,179,908280000,335860000,447570000,1310000,806980000,2.5e+09,29,40,81,150,0.5,-13,-1,-15
"size_1_1664",1461880000,497040000,7.7e+07,0,464080000,2.5e+09,42,39,86,167,1461880000,497040000,7.7e+07,0,464080000,2.5e+09,22,38,76,136,0.5,-20,-1,-10
"size_1_1665",1461930000,697120000,122470000,720000,217760000,2.5e+09,40,36,85,161,1461930000,697120000,122470000,720000,217760000,2.5e+09,22,38,77,137,0.5,-18,2,-8
"size_1_1666",1823920000,142940000,24870000,0,508270000,2.5e+09,38,35,74,147,1823920000,142940000,24870000,0,508270000,2.5e+09,25,33,73,131,0.5,-13,-2,-1
"size_1_1667",1507040000,335700000,25510000,0,631750000,2.5e+09,38,38,80,156,1507040000,335700000,25510000,0,631750000,2.5e+09,23,35,73,131,0.5,-15,-3,-7
"size_1_1668",1889930000,169140000,9870000,0,431060000,2.5e+09,39,35,75,149,1889930000,169140000,9870000,0,431060000,2.5e+09,23,33,72,128,0.5,-16,-2,-3
"size_1_1669",2034880000,56180000,12700000,0,396240000,2.5e+09,36,30,73,139,2034880000,56180000,12700000,0,396240000,2.5e+09,23,31,73,127,0.5,-13,1,0
"size_1_1670",1565040000,412400000,22020000,0,500540000,2.5e+09,38,30,73,141,1565040000,412400000,22020000,0,500540000,2.5e+09,22,34,73,129,0.5,-16,4,0
"size_1_1671",1699900000,175090000,6700000,0,618310000,2.5e+09,39,34,80,153,1699900000,175090000,6700000,0,618310000,2.5e+09,20,32,72,124,0.5,-19,-2,-8
"size_1_1672",981600000,636350000,35230000,280140000,566680000,2.5e+09,40,35,78,153,981600000,636350000,35230000,280140000,566680000,2.5e+09,23,31,69,123,0.5,-17,-4,-9
"size_1_1673",681660000,841260000,12800000,285430000,678850000,2.5e+09,44,44,90,178,681660000,841260000,12800000,285430000,678850000,2.5e+09,26,40,82,148,0.5,-18,-4,-8
"size_1_1674",1145060000,675030000,34230000,187880000,457800000,2.5e+09,37,33,78,148,1145060000,675030000,34230000,187880000,457800000,2.5e+09,22,31,69,122,0.5,-15,-2,-9
"size_1_1675",1022710000,450400000,11300000,444090000,571500000,2.5e+09,37,31,69,137,1022710000,450400000,11300000,444090000,571500000,2.5e+09,22,31,70,123,0.5,-15,0,1
"size_1_1676",1265020000,5.69e+08,12090000,280260000,373630000,2.5e+09,39,33,81,153,1265020000,5.69e+08,12090000,280260000,373630000,2.5e+09,22,29,66,117,0.5,-17,-4,-15
"size_1_1677",1156110000,612520000,25500000,306050000,399820000,2.5e+09,37,37,78,152,1156110000,612520000,25500000,306050000,399820000,2.5e+09,23,34,72,129,0.5,-14,-3,-6
"size_1_1678",1061920000,816590000,34230000,106740000,480520000,2.5e+09,39,39,82,160,1061920000,816590000,34230000,106740000,480520000,2.5e+09,22,31,70,123,0.5,-17,-8,-12
"size_1_1679",1125130000,776270000,33370000,124540000,440690000,2.5e+09,38,35,78,151,1125130000,776270000,33370000,124540000,440690000,2.5e+09,22,33,71,126,0.5,-16,-2,-7
"size_1_1680",911680000,1025610000,71660000,124740000,366310000,2.5e+09,43,41,90,174,911680000,1025610000,71660000,124740000,366310000,2.5e+09,25,34,80,139,0.5,-18,-7,-10
"size_1_1681",1076330000,1088370000,32490000,138640000,164170000,2.5e+09,36,35,77,148,1076330000,1088370000,32490000,138640000,164170000,2.5e+09,22,36,65,123,0.5,-14,1,-12
"size_1_1682",1247620000,569800000,26740000,182480000,473360000,2.5e+09,43,41,89,173,1247620000,569800000,26740000,182480000,473360000,2.5e+09,23,34,76,133,0.5,-20,-7,-13
"size_1_1683",1147540000,877580000,36650000,156500000,281730000,2.5e+09,36,33,78,147,1147540000,877580000,36650000,156500000,281730000,2.5e+09,19,27,66,112,0.5,-17,-6,-12
"size_1_1684",1036770000,764380000,46680000,184930000,467240000,2.5e+09,41,35,84,160,1036770000,764380000,46680000,184930000,467240000,2.5e+09,25,35,78,138,0.5,-16,0,-6
"size_1_1685",1308100000,721810000,29670000,134780000,305640000,2.5e+09,36,40,83,159,1308100000,721810000,29670000,134780000,305640000,2.5e+09,21,33,74,128,0.5,-15,-7,-9
"size_1_1686",548300000,185780000,66040000,350000,1663320000,2463790000,39,39,89,167,548300000,185780000,66040000,350000,1663320000,2463790000,27,42,77,146,0.5,-12,3,-12
"size_1_1687",206080000,29220000,5760000,15870000,1882340000,2139270000,40,36,79,155,206080000,29220000,5760000,15870000,1882340000,2139270000,25,31,74,130,0.5,-15,-5,-5
"size_1_1688",145650000,7790000,9040000,0,2006560000,2169040000,33,30,78,141,145650000,7790000,9040000,0,2006560000,2169040000,20,31,70,121,0.5,-13,1,-8
"size_1_1689",1391380000,443480000,135420000,0,529720000,2.5e+09,43,39,92,174,1391380000,443480000,135420000,0,529720000,2.5e+09,23,35,70,128,0.5,-20,-4,-22
"size_1_1690",1357030000,921630000,61410000,530000,159400000,2.5e+09,38,37,80,155,1357030000,921630000,61410000,530000,159400000,2.5e+09,24,37,73,134,0.5,-14,0,-7
"size_1_1691",1599160000,242250000,54390000,0,604200000,2.5e+09,41,35,82,158,1599160000,242250000,54390000,0,604200000,2.5e+09,25,35,75,135,0.5,-16,0,-7
"size_1_1692",1356460000,740120000,96920000,0,306500000,2.5e+09,42,40,89,171,1356460000,740120000,96920000,0,306500000,2.5e+09,26,41,82,149,0.5,-16,1,-7
"size_1_1693",1663310000,158360000,47540000,0,630790000,2.5e+09,40,36,79,155,1663310000,158360000,47540000,0,630790000,2.5e+09,23,34,68,125,0.5,-17,-2,-11
"size_1_1694",1355740000,182160000,12860000,0,949240000,2.5e+09,36,35,74,145,1355740000,182160000,12860000,0,949240000,2.5e+09,22,29,70,121,0.5,-14,-6,-4
"size_1_1695",1753930000,81260000,9850000,0,654960000,2.5e+09,38,35,74,147,1753930000,81260000,9850000,0,654960000,2.5e+09,23,31,69,123,0.5,-15,-4,-5
"size_1_1696",1689760000,76080000,9920000,0,724240000,2.5e+09,37,32,72,141,1689760000,76080000,9920000,0,724240000,2.5e+09,21,27,61,109,0.5,-16,-5,-11
"size_1_1697",1698720000,102280000,13440000,0,685560000,2.5e+09,40,35,76,151,1698720000,102280000,13440000,0,685560000,2.5e+09,21,31,66,118,0.5,-19,-4,-10
"size_1_1698",1731170000,208040000,117330000,0,443460000,2.5e+09,39,35,80,154,1731170000,208040000,117330000,0,443460000,2.5e+09,24,34,68,126,0.5,-15,-1,-12
"size_1_1699",1472860000,135760000,4120000,0,887260000,2.5e+09,40,34,81,155,1472860000,135760000,4120000,0,887260000,2.5e+09,21,32,67,120,0.5,-19,-2,-14
"size_1_1700",1626890000,151920000,10050000,0,711140000,2.5e+09,39,35,83,157,1626890000,151920000,10050000,0,711140000,2.5e+09,22,34,69,125,0.5,-17,-1,-14
"size_1_1701",1802560000,399900000,12490000,370000,284680000,2.5e+09,36,34,72,142,1802560000,399900000,12490000,370000,284680000,2.5e+09,22,34,72,128,0.5,-14,0,0
"size_1_1702",1822590000,125780000,7620000,0,544010000,2.5e+09,38,34,74,146,1822590000,125780000,7620000,0,544010000,2.5e+09,21,32,74,127,0.5,-17,-2,0
"size_1_1703",1743440000,345240000,10720000,0,400600000,2.5e+09,35,32,72,139,1743440000,345240000,10720000,0,400600000,2.5e+09,21,31,70,122,0.5,-14,-1,-2
"size_1_1704",1796250000,181150000,4520000,0,518080000,2.5e+09,38,33,71,142,1796250000,181150000,4520000,0,518080000,2.5e+09,22,33,63,118,0.5,-16,0,-8
"size_1_1705",651380000,903760000,35570000,508090000,401200000,2.5e+09,33,33,70,136,651380000,903760000,35570000,508090000,401200000,2.5e+09,23,31,72,126,0.5,-10,-2,2
"size_1_1706",833790000,683140000,16450000,411750000,548120000,2493250000,32,31,66,129,833790000,683140000,16450000,411750000,548120000,2493250000,22,33,67,122,0.5,-10,2,1
"size_1_1707",349010000,169640000,4560000,177730000,211360000,912300000,43,37,82,162,349010000,169640000,4560000,177730000,211360000,912300000,26,40,82,148,0.5,-17,3,0
"size_1_1708",9.04e+08,390140000,14630000,129120000,275350000,1713240000,40,32,76,148,9.04e+08,390140000,14630000,129120000,275350000,1713240000,20,28,65,113,0.5,-20,-4,-11
"size_1_1709",936890000,626610000,16840000,295370000,509720000,2385430000,35,31,69,135,936890000,626610000,16840000,295370000,509720000,2385430000,21,33,73,127,0.5,-14,2,4
"size_1_1710",395750000,245880000,6590000,26540000,837480000,1512240000,37,36,77,150,395750000,245880000,6590000,26540000,837480000,1512240000,24,36,74,134,0.5,-13,0,-3
"size_1_1711",852270000,684800000,37210000,82920000,306510000,1963710000,35,41,84,160,852270000,684800000,37210000,82920000,306510000,1963710000,24,33,68,125,0.5,-11,-8,-16
"size_1_1712",1010280000,250480000,53550000,1.21e+08,1064690000,2.5e+09,38,37,82,157,1010280000,250480000,53550000,1.21e+08,1064690000,2.5e+09,25,34,81,140,0.5,-13,-3,-1
"size_1_1713",333560000,71540000,7040000,26180000,1167430000,1605750000,38,35,76,149,333560000,71540000,7040000,26180000,1167430000,1605750000,23,33,70,126,0.5,-15,-2,-6
"size_1_1714",1752710000,199070000,14650000,0,533570000,2.5e+09,37,34,77,148,1752710000,199070000,14650000,0,533570000,2.5e+09,22,33,70,125,0.5,-15,-1,-7
"size_1_1715",1557400000,311350000,60140000,0,560710000,2489600000,41,40,97,178,1557400000,311350000,60140000,0,560710000,2489600000,31,41,81,153,0.5,-10,1,-16
"size_1_1716",1009820000,286330000,105580000,0,835960000,2237690000,41,39,87,167,1009820000,286330000,105580000,0,835960000,2237690000,24,39,78,141,0.5,-17,0,-9
"size_1_1717",1718860000,166800000,11660000,0,602680000,2.5e+09,38,35,74,147,1718860000,166800000,11660000,0,602680000,2.5e+09,23,32,70,125,0.5,-15,-3,-4
"size_1_1718",1678070000,93630000,37420000,0,690880000,2.5e+09,36,32,73,141,1678070000,93630000,37420000,0,690880000,2.5e+09,23,35,69,127,0.5,-13,3,-4
"size_1_1719",1320860000,148090000,12950000,0,1018100000,2.5e+09,38,34,77,149,1320860000,148090000,12950000,0,1018100000,2.5e+09,23,31,65,119,0.5,-15,-3,-12
"size_1_1720",1556160000,46090000,3970000,0,893780000,2.5e+09,38,32,74,144,1556160000,46090000,3970000,0,893780000,2.5e+09,19,29,63,111,0.5,-19,-3,-11
"size_1_1721",1369210000,196190000,72240000,0,862360000,2.5e+09,39,32,72,143,1369210000,196190000,72240000,0,862360000,2.5e+09,23,33,67,123,0.5,-16,1,-5
"size_1_1722",1701140000,105370000,44750000,0,648740000,2.5e+09,38,35,74,147,1701140000,105370000,44750000,0,648740000,2.5e+09,22,35,71,128,0.5,-16,0,-3
"size_1_1723",1636050000,177150000,10330000,0,676470000,2.5e+09,37,32,70,139,1636050000,177150000,10330000,0,676470000,2.5e+09,22,29,68,119,0.5,-15,-3,-2
"size_1_1724",1689820000,41470000,12300000,0,756410000,2.5e+09,38,35,73,146,1689820000,41470000,12300000,0,756410000,2.5e+09,21,27,58,106,0.5,-17,-8,-15
"size_1_1725",1827920000,205730000,6310000,870000,459170000,2.5e+09,36,30,72,138,1827920000,205730000,6310000,870000,459170000,2.5e+09,21,29,63,113,0.5,-15,-1,-9
"size_1_1726",1582050000,397670000,24290000,0,495990000,2.5e+09,40,39,82,161,1582050000,397670000,24290000,0,495990000,2.5e+09,24,35,69,128,0.5,-16,-4,-13
"size_1_1727",2056060000,86210000,2210000,0,355520000,2.5e+09,34,30,67,131,2056060000,86210000,2210000,0,355520000,2.5e+09,19,31,65,115,0.5,-15,1,-2
"size_1_1728",1906270000,116480000,12640000,0,464610000,2.5e+09,37,31,72,140,1906270000,116480000,12640000,0,464610000,2.5e+09,21,31,63,115,0.5,-16,0,-9
"size_1_1729",1393290000,111710000,23730000,0,971270000,2.5e+09,34,37,78,149,1393290000,111710000,23730000,0,971270000,2.5e+09,22,38,70,130,0.5,-12,1,-8
"size_1_1730",951240000,159340000,11290000,0,628750000,1750620000,41,38,84,163,951240000,159340000,11290000,0,628750000,1750620000,22,39,74,135,0.5,-19,1,-10
"size_1_1731",1625560000,186390000,40770000,0,647280000,2.5e+09,39,36,77,152,1625560000,186390000,40770000,0,647280000,2.5e+09,24,40,74,138,0.5,-15,4,-3
"size_1_1732",1207080000,259010000,51540000,0,982370000,2.5e+09,41,36,83,160,1207080000,259010000,51540000,0,982370000,2.5e+09,24,41,71,136,0.5,-17,5,-12
"size_1_1733",2124260000,43090000,0,0,331580000,2498930000,35,31,69,135,2124260000,43090000,0,0,331580000,2498930000,23,29,62,114,0.5,-12,-2,-7
"size_1_1734",1479670000,117750000,12640000,0,889940000,2.5e+09,38,33,74,145,1479670000,117750000,12640000,0,889940000,2.5e+09,22,31,69,122,0.5,-16,-2,-5
"size_1_1735",861500000,151020000,36900000,3610000,1437450000,2490480000,43,42,100,185,861500000,151020000,36900000,3610000,1437450000,2490480000,28,41,88,157,0.5,-15,-1,-12
"size_1_1736",1682100000,473130000,39890000,0,304880000,2.5e+09,36,33,77,146,1682100000,473130000,39890000,0,304880000,2.5e+09,24,39,77,140,0.5,-12,6,0
"size_1_1737",280210000,9930000,41830000,2050000,2147600000,2481620000,36,35,85,156,280210000,9930000,41830000,2050000,2147600000,2481620000,27,35,77,139,0.5,-9,0,-8
"size_1_1738",1423930000,28460000,970000,70000,1046570000,2.5e+09,34,32,69,135,1423930000,28460000,970000,70000,1046570000,2.5e+09,16,29,55,100,0.5,-18,-3,-14
"size_1_1739",1637180000,209060000,54400000,12230000,587130000,2.5e+09,37,34,77,148,1637180000,209060000,54400000,12230000,587130000,2.5e+09,21,37,69,127,0.5,-16,3,-8
"size_1_1740",1338160000,625210000,41750000,11310000,483570000,2.5e+09,43,39,95,177,1338160000,625210000,41750000,11310000,483570000,2.5e+09,23,44,86,153,0.5,-20,5,-9
"size_1_1741",1745170000,318210000,12330000,0,424290000,2.5e+09,39,32,79,150,1745170000,318210000,12330000,0,424290000,2.5e+09,21,35,68,124,0.5,-18,3,-11
"size_1_1742",1465510000,149400000,9640000,0,875450000,2.5e+09,38,32,79,149,1465510000,149400000,9640000,0,875450000,2.5e+09,21,38,72,131,0.5,-17,6,-7
"size_1_1743",1626360000,146720000,5010000,0,721910000,2.5e+09,38,32,80,150,1626360000,146720000,5010000,0,721910000,2.5e+09,19,36,72,127,0.5,-19,4,-8
"size_1_1744",1274850000,57610000,6900000,0,1160640000,2.5e+09,38,32,88,158,1274850000,57610000,6900000,0,1160640000,2.5e+09,25,38,72,135,0.5,-13,6,-16
"size_1_1745",1016530000,93600000,172750000,4010000,1213110000,2.5e+09,41,39,94,174,1016530000,93600000,172750000,4010000,1213110000,2.5e+09,29,47,84,160,0.5,-12,8,-10
"size_1_1746",1339800000,32240000,270000,0,1127690000,2.5e+09,36,30,75,141,1339800000,32240000,270000,0,1127690000,2.5e+09,18,30,57,105,0.5,-18,0,-18
"size_1_1747",1632090000,39420000,2400000,0,826090000,2.5e+09,37,29,75,141,1632090000,39420000,2400000,0,826090000,2.5e+09,21,33,64,118,0.5,-16,4,-11
"size_1_1748",1627820000,15120000,53860000,0,803200000,2.5e+09,35,31,74,140,1627820000,15120000,53860000,0,803200000,2.5e+09,20,36,70,126,0.5,-15,5,-4
"size_1_1749",1568530000,73170000,2230000,310000,855760000,2.5e+09,33,28,71,132,1568530000,73170000,2230000,310000,855760000,2.5e+09,21,28,65,114,0.5,-12,0,-6
"size_1_1750",1926960000,12480000,3280000,0,557280000,2.5e+09,32,31,68,131,1926960000,12480000,3280000,0,557280000,2.5e+09,19,33,59,111,0.5,-13,2,-9
"size_1_1751",1505280000,25800000,3030000,0,965890000,2.5e+09,32,30,73,135,1505280000,25800000,3030000,0,965890000,2.5e+09,16,31,53,100,0.5,-16,1,-20
"size_1_1752",1657770000,5890000,1480000,0,834860000,2.5e+09,29,26,57,112,1657770000,5890000,1480000,0,834860000,2.5e+09,16,28,51,95,0.5,-13,2,-6
"size_1_1753",1948690000,11220000,720000,0,539370000,2.5e+09,31,28,64,123,1948690000,11220000,720000,0,539370000,2.5e+09,18,27,50,95,0.5,-13,-1,-14
"size_1_1754",1543270000,20650000,10250000,0,925830000,2.5e+09,31,29,66,126,1543270000,20650000,10250000,0,925830000,2.5e+09,17,30,52,99,0.5,-14,1,-14
"size_1_1755",1728010000,6020000,0,0,765970000,2.5e+09,31,28,62,121,1728010000,6020000,0,0,765970000,2.5e+09,15,28,46,89,0.5,-16,0,-16
"size_1_1756",1560510000,1850000,0,0,937640000,2.5e+09,28,22,53,103,1560510000,1850000,0,0,937640000,2.5e+09,13,22,46,81,0.5,-15,0,-7
"size_1_1757",1514210000,10610000,14140000,0,961040000,2.5e+09,31,27,63,121,1514210000,10610000,14140000,0,961040000,2.5e+09,15,27,55,97,0.5,-16,0,-8
"size_1_1758",1.619e+09,0,0,0,8.81e+08,2.5e+09,31,26,58,115,1.619e+09,0,0,0,8.81e+08,2.5e+09,12,22,44,78,0.5,-19,-4,-14
"size_1_1759",1364050000,1300000,0,0,1134650000,2.5e+09,30,27,68,125,1364050000,1300000,0,0,1134650000,2.5e+09,14,32,47,93,0.5,-16,5,-21
"size_1_1760",1677250000,770000,0,0,821980000,2.5e+09,15,15,41,71,1677250000,770000,0,0,821980000,2.5e+09,6,16,31,53,0.5,-9,1,-10
"size_1_1761",1460080000,0,0,20000,1039900000,2.5e+09,30,26,53,109,1460080000,0,0,20000,1039900000,2.5e+09,11,24,43,78,0.5,-19,-2,-10
"size_1_1762",1344920000,0,0,0,1155080000,2.5e+09,30,27,61,118,1344920000,0,0,0,1155080000,2.5e+09,14,24,47,85,0.5,-16,-3,-14
"size_1_1763",1867040000,290000,1380000,0,631290000,2.5e+09,33,27,68,128,1867040000,290000,1380000,0,631290000,2.5e+09,14,28,52,94,0.5,-19,1,-16
"size_1_1764",417940000,13190000,4720000,0,2064150000,2.5e+09,32,27,60,119,417940000,13190000,4720000,0,2064150000,2.5e+09,15,28,51,94,0.5,-17,1,-9
"size_1_1765",1122940000,2490000,0,0,1374570000,2.5e+09,25,18,52,95,1122940000,2490000,0,0,1374570000,2.5e+09,10,22,33,65,0.5,-15,4,-19
"size_1_1766",194710000,0,0,0,2305290000,2.5e+09,23,19,42,84,194710000,0,0,0,2305290000,2.5e+09,10,22,35,67,0.5,-13,3,-7
"size_1_1767",629530000,4070000,0,0,1866400000,2.5e+09,31,26,65,122,629530000,4070000,0,0,1866400000,2.5e+09,13,29,50,92,0.5,-18,3,-15
"size_1_1768",1170000,0,6e+05,0,2498230000,2.5e+09,22,19,49,90,1170000,0,6e+05,0,2498230000,2.5e+09,10,17,25,52,0.5,-12,-2,-24
"size_1_1769",181240000,8300000,1120000,0,2309340000,2.5e+09,22,19,49,90,181240000,8300000,1120000,0,2309340000,2.5e+09,7,18,33,58,0.5,-15,-1,-16
"size_1_1770",1649640000,27300000,3170000,0,819890000,2.5e+09,34,28,70,132,1649640000,27300000,3170000,0,819890000,2.5e+09,18,34,60,112,0.5,-16,6,-10
"size_1_1771",1773910000,22110000,7030000,0,696950000,2.5e+09,33,30,67,130,1773910000,22110000,7030000,0,696950000,2.5e+09,20,29,62,111,0.5,-13,-1,-5
"size_1_1772",1773280000,68320000,11230000,0,647170000,2.5e+09,36,30,72,138,1773280000,68320000,11230000,0,647170000,2.5e+09,21,34,68,123,0.5,-15,4,-4
"size_1_1773",1812220000,18560000,0,0,669220000,2.5e+09,32,31,75,138,1812220000,18560000,0,0,669220000,2.5e+09,18,34,60,112,0.5,-14,3,-15
"size_1_1774",1520250000,14560000,0,0,965190000,2.5e+09,36,35,75,146,1520250000,14560000,0,0,965190000,2.5e+09,19,28,58,105,0.5,-17,-7,-17
"size_1_1775",1463120000,17120000,5070000,0,1014690000,2.5e+09,32,30,64,126,1463120000,17120000,5070000,0,1014690000,2.5e+09,19,33,55,107,0.5,-13,3,-9
"size_1_1776",1758190000,19920000,11010000,0,710880000,2.5e+09,31,29,67,127,1758190000,19920000,11010000,0,710880000,2.5e+09,17,32,49,98,0.5,-14,3,-18
"size_1_1777",1851790000,15380000,1710000,0,631120000,2.5e+09,32,32,70,134,1851790000,15380000,1710000,0,631120000,2.5e+09,19,32,49,100,0.5,-13,0,-21
"size_1_1778",1748710000,19790000,0,0,731410000,2499910000,30,28,61,119,1748710000,19790000,0,0,731410000,2499910000,20,34,53,107,0.5,-10,6,-8
"size_1_1779",1560760000,9360000,0,0,929880000,2.5e+09,32,29,61,122,1560760000,9360000,0,0,929880000,2.5e+09,15,29,55,99,0.5,-17,0,-6
"size_1_1780",1692170000,16160000,7310000,0,784360000,2.5e+09,32,30,65,127,1692170000,16160000,7310000,0,784360000,2.5e+09,21,35,57,113,0.5,-11,5,-8
"size_1_1781",1720930000,5610000,1140000,0,772320000,2.5e+09,32,27,60,119,1720930000,5610000,1140000,0,772320000,2.5e+09,14,27,53,94,0.5,-18,0,-7
"size_1_1782",1768500000,320000,1820000,0,729360000,2.5e+09,33,27,65,125,1768500000,320000,1820000,0,729360000,2.5e+09,16,29,51,96,0.5,-17,2,-14
"size_1_1783",1.18e+09,0,0,0,1.32e+09,2.5e+09,33,28,64,125,1.18e+09,0,0,0,1.32e+09,2.5e+09,14,25,48,87,0.5,-19,-3,-16
"size_1_1784",1719010000,0,0,0,775720000,2494730000,27,26,56,109,1719010000,0,0,0,775720000,2494730000,12,20,42,74,0.5,-15,-6,-14
"size_1_1785",1258820000,0,0,0,1241180000,2.5e+09,30,27,67,124,1258820000,0,0,0,1241180000,2.5e+09,14,27,54,95,0.5,-16,0,-13
"size_1_1786",1852610000,3380000,10250000,0,633760000,2.5e+09,33,33,75,141,1852610000,3380000,10250000,0,633760000,2.5e+09,18,30,64,112,0.5,-15,-3,-11
"size_1_1787",737140000,33650000,2400000,0,1726810000,2.5e+09,25,22,59,106,737140000,33650000,2400000,0,1726810000,2.5e+09,15,26,46,87,0.5,-10,4,-13
"size_1_1788",4.42e+08,0,0,0,2.058e+09,2.5e+09,30,23,59,112,4.42e+08,0,0,0,2.058e+09,2.5e+09,12,27,47,86,0.5,-18,4,-12
"size_1_1789",410590000,23670000,5050000,0,2060690000,2.5e+09,19,22,57,98,410590000,23670000,5050000,0,2060690000,2.5e+09,15,29,45,89,0.5,-4,7,-12
"size_1_1790",1111720000,3080000,960000,0,1384240000,2.5e+09,29,27,60,116,1111720000,3080000,960000,0,1384240000,2.5e+09,19,28,58,105,0.5,-10,1,-2
"size_1_1791",304470000,18440000,230000,0,2176860000,2.5e+09,20,16,45,81,304470000,18440000,230000,0,2176860000,2.5e+09,10,19,32,61,0.5,-10,3,-13
"size_1_1792",86450000,7430000,2370000,0,2403750000,2.5e+09,18,16,51,85,86450000,7430000,2370000,0,2403750000,2.5e+09,10,23,38,71,0.5,-8,7,-13
"size_1_1793",1543740000,9130000,280000,0,756450000,2309600000,34,28,65,127,1543740000,9130000,280000,0,756450000,2309600000,19,25,48,92,0.5,-15,-3,-17
"size_1_1794",1746770000,22260000,6630000,0,718560000,2494220000,34,30,68,132,1746770000,22260000,6630000,0,718560000,2494220000,20,32,61,113,0.5,-14,2,-7
"size_1_1795",1430440000,8650000,0,0,477980000,1917070000,33,34,72,139,1430440000,8650000,0,0,477980000,1917070000,19,30,51,100,0.5,-14,-4,-21
"size_1_1796",1033180000,4970000,0,0,624090000,1662240000,34,25,61,120,1033180000,4970000,0,0,624090000,1662240000,18,32,52,102,0.5,-16,7,-9
"size_1_1797",1483150000,51760000,18150000,0,618210000,2171270000,38,35,83,156,1483150000,51760000,18150000,0,618210000,2171270000,22,38,73,133,0.5,-16,3,-10
"size_1_1798",720540000,1382320000,249050000,88850000,59240000,2.5e+09,37,31,80,148,720540000,1382320000,249050000,88850000,59240000,2.5e+09,20,23,64,107,0.5,-17,-8,-16
"size_1_1799",1863370000,31950000,7380000,0,597300000,2.5e+09,38,34,78,150,1863370000,31950000,7380000,0,597300000,2.5e+09,24,37,73,134,0.5,-14,3,-5
"size_1_1800",1911620000,92500000,6460000,0,394790000,2405370000,37,35,78,150,1911620000,92500000,6460000,0,394790000,2405370000,23,39,75,137,0.5,-14,4,-3
"size_1_1801",1585430000,21980000,10070000,0,435780000,2053260000,38,33,75,146,1585430000,21980000,10070000,0,435780000,2053260000,23,33,69,125,0.5,-15,0,-6
"size_1_1802",3700000,706980000,98280000,32150000,1503430000,2344540000,42,30,73,145,3700000,706980000,98280000,32150000,1503430000,2344540000,15,24,64,103,0.5,-27,-6,-9
"size_1_1803",887140000,565650000,62850000,340930000,643430000,2.5e+09,39,33,79,151,887140000,565650000,62850000,340930000,643430000,2.5e+09,31,21,80,132,0.5,-8,-12,1
"size_1_1804",0,6450000,280000,0,2238680000,2245410000,12,18,42,72,0,6450000,280000,0,2238680000,2245410000,11,19,38,68,0.5,-1,1,-4
"size_4_001",843360000,4252360000,1019700000,3631010000,3090810000,12837240000,44,27,82,153,843360000,4252360000,1019700000,3631010000,3090810000,12837240000,21,30,76,127,0.5,-23,3,-6
"size_4_002",489500000,2245360000,373990000,2756950000,3016710000,8882510000,39,26,72,137,489500000,2245360000,373990000,2756950000,3016710000,8882510000,14,26,69,109,0.5,-25,0,-3
"size_4_003",7199390000,259440000,31710000,6780000,2870260000,10367580000,38,28,73,139,7199390000,259440000,31710000,6780000,2870260000,10367580000,20,28,69,117,0.5,-18,0,-4
"size_4_004",306420000,494530000,96160000,205340000,3717170000,4819620000,45,32,80,157,306420000,494530000,96160000,205340000,3717170000,4819620000,21,30,65,116,0.5,-24,-2,-15
"size_4_005",6078560000,886920000,107620000,1470000,3011910000,10086480000,44,37,91,172,6078560000,886920000,107620000,1470000,3011910000,10086480000,18,34,72,124,0.5,-26,-3,-19
"size_4_006",3983430000,1948990000,138380000,486040000,3444660000,10001500000,45,45,90,180,3983430000,1948990000,138380000,486040000,3444660000,10001500000,29,40,87,156,0.5,-16,-5,-3
"size_4_007",11041660000,4.42e+08,43330000,0,3052300000,14579290000,39,35,81,155,11041660000,4.42e+08,43330000,0,3052300000,14579290000,23,38,76,137,0.5,-16,3,-5
"size_4_008",351060000,2831830000,1785290000,2002140000,3171660000,10141980000,46,37,90,173,351060000,2831830000,1785290000,2002140000,3171660000,10141980000,34,39,96,169,0.5,-12,2,6
"size_4_009",1278490000,1854900000,57450000,846400000,1323450000,5360690000,38,37,77,152,1278490000,1854900000,57450000,846400000,1323450000,5360690000,28,20,72,120,0.5,-10,-17,-5
"size_4_010",4102960000,2324760000,273490000,72710000,2157180000,8931100000,41,31,83,155,4102960000,2324760000,273490000,72710000,2157180000,8931100000,26,37,79,142,0.5,-15,6,-4
"size_4_011",2651320000,2021900000,708930000,1985290000,2708670000,10076110000,45,38,87,170,2651320000,2021900000,708930000,1985290000,2708670000,10076110000,27,25,76,128,0.5,-18,-13,-11
"size_4_012",74790000,1985290000,56490000,93270000,290160000,2.5e+09,30,27,63,120,74790000,1985290000,56490000,93270000,290160000,2.5e+09,27,19,69,115,0.5,-3,-8,6
"size_4_013",3724040000,51770000,4200000,3990000,1381240000,5165240000,37,30,68,135,3724040000,51770000,4200000,3990000,1381240000,5165240000,18,24,53,95,0.5,-19,-6,-15
"size_4_014",2304850000,1395100000,192680000,1141660000,85930000,5120220000,43,31,90,164,2304850000,1395100000,192680000,1141660000,85930000,5120220000,24,30,79,133,0.5,-19,-1,-11
"size_4_015",6524710000,2138590000,401940000,43390000,6795960000,15904590000,45,37,99,181,6524710000,2138590000,401940000,43390000,6795960000,15904590000,25,36,79,140,0.5,-20,-1,-20
"size_4_016",2355570000,3460410000,430740000,471240000,3081740000,9799700000,45,46,98,189,2355570000,3460410000,430740000,471240000,3081740000,9799700000,28,37,82,147,0.5,-17,-9,-16
"size_4_017",7611190000,34510000,38160000,5340000,3672070000,11361270000,34,32,75,141,7611190000,34510000,38160000,5340000,3672070000,11361270000,21,37,67,125,0.5,-13,5,-8
"size_4_018",2281850000,1865500000,160670000,47600000,4655740000,9011360000,31,25,58,114,2281850000,1865500000,160670000,47600000,4655740000,9011360000,23,16,60,99,0.5,-8,-9,2
"size_4_019",664660000,30050000,6440000,0,7862200000,8563350000,35,30,69,134,664660000,30050000,6440000,0,7862200000,8563350000,18,32,55,105,0.5,-17,2,-14
"size_4_020",3189480000,6628410000,1357860000,1147120000,233880000,12556750000,46,35,89,170,3189480000,6628410000,1357860000,1147120000,233880000,12556750000,24,29,79,132,0.5,-22,-6,-10
"size_4_021",2161690000,382690000,16600000,883480000,1760850000,5205310000,37,37,79,153,2161690000,382690000,16600000,883480000,1760850000,5205310000,22,18,68,108,0.5,-15,-19,-11
"size_4_022",2145130000,1372760000,210230000,178210000,12923540000,16829870000,48,44,102,194,2145130000,1372760000,210230000,178210000,12923540000,16829870000,24,41,81,146,0.5,-24,-3,-21
"size_4_023",6042820000,17560000,3440000,20000,6064220000,12128060000,34,29,72,135,6042820000,17560000,3440000,20000,6064220000,12128060000,15,32,56,103,0.5,-19,3,-16
"size_4_024",3137820000,4012680000,1071850000,1525210000,333300000,10080860000,48,34,98,180,3137820000,4012680000,1071850000,1525210000,333300000,10080860000,24,34,83,141,0.5,-24,0,-15
"size_4_025",4626260000,2454140000,76020000,1098870000,1697810000,9953100000,44,41,89,174,4626260000,2454140000,76020000,1098870000,1697810000,9953100000,25,37,78,140,0.5,-19,-4,-11
"size_4_026",1805800000,540080000,800740000,29830000,5396880000,8573330000,44,34,83,161,1805800000,540080000,800740000,29830000,5396880000,8573330000,22,36,73,131,0.5,-22,2,-10
"size_4_027",5.536e+09,1207590000,185250000,563430000,2840280000,10332550000,42,41,100,183,5.536e+09,1207590000,185250000,563430000,2840280000,10332550000,25,22,80,127,0.5,-17,-19,-20
"size_4_028",5205300000,35860000,9010000,288750000,7164540000,12703460000,36,31,76,143,5205300000,35860000,9010000,288750000,7164540000,12703460000,16,28,57,101,0.5,-20,-3,-19
"size_4_029",1790700000,8388070000,346980000,1082140000,1255080000,12862970000,40,41,88,169,1790700000,8388070000,346980000,1082140000,1255080000,12862970000,24,23,83,130,0.5,-16,-18,-5
"size_4_030",7986340000,363930000,58530000,11270000,2032130000,10452200000,39,31,82,152,7986340000,363930000,58530000,11270000,2032130000,10452200000,22,33,65,120,0.5,-17,2,-17
"size_4_031",519500000,1736530000,1042550000,4656910000,5449460000,13404950000,45,31,80,156,519500000,1736530000,1042550000,4656910000,5449460000,13404950000,21,31,79,131,0.5,-24,0,-1
"size_4_032",2529650000,6403130000,812430000,1051930000,350330000,11147470000,43,39,94,176,2529650000,6403130000,812430000,1051930000,350330000,11147470000,19,32,73,124,0.5,-24,-7,-21
"size_4_033",2173300000,398260000,86740000,1633680000,3998420000,8290400000,38,41,81,160,2173300000,398260000,86740000,1633680000,3998420000,8290400000,26,19,60,105,0.5,-12,-22,-21
"size_4_034",1455980000,3319410000,1138720000,3396030000,1422930000,10733070000,48,40,93,181,1455980000,3319410000,1138720000,3396030000,1422930000,10733070000,32,39,95,166,0.5,-16,-1,2
"size_4_035",1163270000,8565090000,601840000,209670000,6053960000,16593830000,45,36,85,166,1163270000,8565090000,601840000,209670000,6053960000,16593830000,22,36,78,136,0.5,-23,0,-7
"size_4_036",5478900000,6565080000,7.32e+08,889020000,1049800000,14714800000,43,47,109,199,5478900000,6565080000,7.32e+08,889020000,1049800000,14714800000,25,27,93,145,0.5,-18,-20,-16
"size_4_037",3424280000,1371220000,339760000,66310000,3589620000,8791190000,42,43,102,187,3424280000,1371220000,339760000,66310000,3589620000,8791190000,29,19,81,129,0.5,-13,-24,-21
"size_4_038",1300760000,1758530000,790740000,1227380000,1.38e+08,5215410000,40,37,81,158,1300760000,1758530000,790740000,1227380000,1.38e+08,5215410000,25,24,81,130,0.5,-15,-13,0
"size_4_039",1087720000,3065140000,54530000,174580000,1564880000,5946850000,34,35,84,153,1087720000,3065140000,54530000,174580000,1564880000,5946850000,31,16,83,130,0.5,-3,-19,-1
"size_4_040",1245260000,3749420000,92230000,143100000,180790000,5410800000,36,31,72,139,1245260000,3749420000,92230000,143100000,180790000,5410800000,28,20,70,118,0.5,-8,-11,-2
"size_4_041",2654250000,2230570000,346270000,696360000,4153530000,10080980000,43,44,93,180,2654250000,2230570000,346270000,696360000,4153530000,10080980000,31,26,78,135,0.5,-12,-18,-15
"size_4_042",984660000,7252390000,593150000,1761750000,205880000,10797830000,42,31,81,154,984660000,7252390000,593150000,1761750000,205880000,10797830000,19,19,70,108,0.5,-23,-12,-11
"size_4_043",1631450000,5553460000,236520000,418980000,6962670000,14803080000,36,34,80,150,1631450000,5553460000,236520000,418980000,6962670000,14803080000,31,21,79,131,0.5,-5,-13,-1
"size_4_044",3455930000,2496310000,406830000,336870000,3268440000,9964380000,43,43,106,192,3455930000,2496310000,406830000,336870000,3268440000,9964380000,37,31,98,166,0.5,-6,-12,-8
"size_4_045",956410000,1508020000,226920000,7398630000,9881370000,19971350000,41,21,59,121,956410000,1508020000,226920000,7398630000,9881370000,19971350000,12,23,51,86,0.5,-29,2,-8
"size_4_046",623830000,6642090000,115300000,1001940000,792910000,9176070000,36,34,80,150,623830000,6642090000,115300000,1001940000,792910000,9176070000,31,22,78,131,0.5,-5,-12,-2
"size_4_047",3646450000,3282760000,152110000,409310000,1755530000,9246160000,43,44,93,180,3646450000,3282760000,152110000,409310000,1755530000,9246160000,27,40,83,150,0.5,-16,-4,-10
"size_4_048",11662100000,16580000,51700000,27770000,10652950000,22411100000,35,32,74,141,11662100000,16580000,51700000,27770000,10652950000,22411100000,18,29,60,107,0.5,-17,-3,-14
"size_4_049",3491310000,5244350000,678940000,746480000,180840000,10341920000,43,34,94,171,3491310000,5244350000,678940000,746480000,180840000,10341920000,27,33,77,137,0.5,-16,-1,-17
"size_4_050",178180000,76250000,27510000,822120000,6824760000,7928820000,39,25,64,128,178180000,76250000,27510000,822120000,6824760000,7928820000,15,31,64,110,0.5,-24,6,0
"size_4_051",3876160000,4252300000,568900000,1639490000,212390000,10549240000,40,33,81,154,3876160000,4252300000,568900000,1639490000,212390000,10549240000,25,27,84,136,0.5,-15,-6,3
"size_4_052",2545080000,537700000,160560000,21150000,9327700000,12592190000,44,35,84,163,2545080000,537700000,160560000,21150000,9327700000,12592190000,16,34,69,119,0.5,-28,-1,-15
"size_4_053",3130150000,920540000,118700000,0,5916940000,10086330000,41,35,88,164,3130150000,920540000,118700000,0,5916940000,10086330000,22,36,75,133,0.5,-19,1,-13
"size_4_054",4598040000,3129080000,397680000,1077800000,1575680000,10778280000,43,42,96,181,4598040000,3129080000,397680000,1077800000,1575680000,10778280000,33,23,93,149,0.5,-10,-19,-3
"size_4_055",3756110000,4673510000,484390000,1248990000,173880000,10336880000,42,38,95,175,3756110000,4673510000,484390000,1248990000,173880000,10336880000,29,31,82,142,0.5,-13,-7,-13
"size_4_056",9518570000,862720000,162130000,0,4232570000,14775990000,42,37,84,163,9518570000,862720000,162130000,0,4232570000,14775990000,24,38,75,137,0.5,-18,1,-9
"size_4_057",6089710000,2190370000,733160000,981940000,342170000,10337350000,39,38,82,159,6089710000,2190370000,733160000,981940000,342170000,10337350000,24,22,73,119,0.5,-15,-16,-9
"size_4_058",7235450000,2524770000,601560000,2069140000,491460000,12922380000,39,40,80,159,7235450000,2524770000,601560000,2069140000,491460000,12922380000,21,22,64,107,0.5,-18,-18,-16
"size_4_059",2418130000,717250000,527780000,1259610000,117130000,5039900000,37,25,71,133,2418130000,717250000,527780000,1259610000,117130000,5039900000,19,20,62,101,0.5,-18,-5,-9
"size_4_060",1781330000,340350000,12660000,7e+05,9446250000,11581290000,42,30,77,149,1781330000,340350000,12660000,7e+05,9446250000,11581290000,18,30,64,112,0.5,-24,0,-13
"size_4_061",3894530000,4525900000,285620000,1349170000,396100000,10451320000,38,32,68,138,3894530000,4525900000,285620000,1349170000,396100000,10451320000,19,18,66,103,0.5,-19,-14,-2
"size_4_062",4863110000,3931530000,559220000,777810000,566550000,10698220000,42,42,94,178,4863110000,3931530000,559220000,777810000,566550000,10698220000,27,28,71,126,0.5,-15,-14,-23
"size_4_063",5677250000,5005390000,824460000,256960000,2020790000,13784850000,40,38,89,167,5677250000,5005390000,824460000,256960000,2020790000,13784850000,32,25,81,138,0.5,-8,-13,-8
"size_4_064",3806480000,6293860000,1231470000,1029470000,310950000,12672230000,42,35,94,171,3806480000,6293860000,1231470000,1029470000,310950000,12672230000,26,31,74,131,0.5,-16,-4,-20
"size_4_065",5434150000,588050000,401820000,2416280000,1486490000,10326790000,36,36,71,143,5434150000,588050000,401820000,2416280000,1486490000,10326790000,22,19,65,106,0.5,-14,-17,-6
"size_4_066",1001990000,5410870000,104080000,2543860000,2632440000,11693240000,39,38,90,167,1001990000,5410870000,104080000,2543860000,2632440000,11693240000,34,23,89,146,0.5,-5,-15,-1
"size_4_067",2259700000,4579810000,90520000,945300000,5647140000,13522470000,37,36,82,155,2259700000,4579810000,90520000,945300000,5647140000,13522470000,25,17,73,115,0.5,-12,-19,-9
"size_4_068",2109740000,2577180000,101980000,85200000,681990000,5556090000,32,31,74,137,2109740000,2577180000,101980000,85200000,681990000,5556090000,25,19,69,113,0.5,-7,-12,-5
"size_4_069",1283540000,4857750000,139680000,1894510000,2815360000,10990840000,40,42,90,172,1283540000,4857750000,139680000,1894510000,2815360000,10990840000,29,21,79,129,0.5,-11,-21,-11
"size_4_070",3056400000,2781260000,244070000,483620000,3704530000,10269880000,50,49,118,217,3056400000,2781260000,244070000,483620000,3704530000,10269880000,33,32,107,172,0.5,-17,-17,-11
"size_4_071",2324120000,5607250000,370690000,45830000,2093390000,10441280000,41,35,85,161,2324120000,5607250000,370690000,45830000,2093390000,10441280000,28,25,83,136,0.5,-13,-10,-2
"size_4_072",2799810000,5798920000,736150000,902220000,471030000,10708130000,46,40,95,181,2799810000,5798920000,736150000,902220000,471030000,10708130000,26,34,81,141,0.5,-20,-6,-14
"size_4_073",2833910000,2737850000,146880000,1161330000,2195930000,9075900000,39,45,104,188,2833910000,2737850000,146880000,1161330000,2195930000,9075900000,31,23,81,135,0.5,-8,-22,-23
"size_4_074",681390000,6459870000,182010000,104920000,1667230000,9095420000,39,35,81,155,681390000,6459870000,182010000,104920000,1667230000,9095420000,27,19,82,128,0.5,-12,-16,1
"size_4_075",2996970000,3788070000,658240000,1307570000,165250000,8916100000,40,29,83,152,2996970000,3788070000,658240000,1307570000,165250000,8916100000,27,24,74,125,0.5,-13,-5,-9
"size_4_076",2197260000,1070340000,236100000,2545030000,8536380000,14585110000,45,28,81,154,2197260000,1070340000,236100000,2545030000,8536380000,14585110000,19,33,75,127,0.5,-26,5,-6
"size_4_077",4502050000,1183770000,162820000,273010000,6558450000,12680100000,46,38,95,179,4502050000,1183770000,162820000,273010000,6558450000,12680100000,25,42,80,147,0.5,-21,4,-15
"size_4_078",1558620000,266370000,71280000,1270000,6006640000,7904180000,39,39,91,169,1558620000,266370000,71280000,1270000,6006640000,7904180000,27,41,81,149,0.5,-12,2,-10
"size_4_079",6653700000,3924370000,434870000,4390000,4293570000,15310900000,49,44,103,196,6653700000,3924370000,434870000,4390000,4293570000,15310900000,29,46,91,166,0.5,-20,2,-12
"size_4_080",6142280000,501620000,57440000,0,4025510000,10726850000,44,39,89,172,6142280000,501620000,57440000,0,4025510000,10726850000,24,43,78,145,0.5,-20,4,-11
"size_4_081",2479810000,3950330000,841030000,1378560000,266180000,8915910000,42,35,88,165,2479810000,3950330000,841030000,1378560000,266180000,8915910000,23,31,78,132,0.5,-19,-4,-10
"size_4_082",5763140000,26440000,31920000,2510000,3491650000,9315660000,39,29,82,150,5763140000,26440000,31920000,2510000,3491650000,9315660000,20,27,59,106,0.5,-19,-2,-23
"size_4_083",1143180000,5745570000,290360000,318560000,211530000,7709200000,35,32,70,137,1143180000,5745570000,290360000,318560000,211530000,7709200000,22,17,69,108,0.5,-13,-15,-1
"size_4_084",2604410000,10345020000,1388990000,2440160000,551850000,17330430000,49,43,96,188,2604410000,10345020000,1388990000,2440160000,551850000,17330430000,24,28,82,134,0.5,-25,-15,-14
"size_4_085",2462710000,4207400000,368960000,1657060000,197140000,8893270000,46,35,93,174,2462710000,4207400000,368960000,1657060000,197140000,8893270000,23,33,78,134,0.5,-23,-2,-15
"size_4_086",2182770000,1590730000,129250000,1277450000,180470000,5360670000,44,36,92,172,2182770000,1590730000,129250000,1277450000,180470000,5360670000,24,35,77,136,0.5,-20,-1,-15
"size_4_087",6948800000,2463380000,397260000,0,2275580000,12085020000,44,40,91,175,6948800000,2463380000,397260000,0,2275580000,12085020000,25,43,81,149,0.5,-19,3,-10
"size_4_088",4683830000,2069790000,185600000,592390000,962580000,8494190000,47,45,94,186,4683830000,2069790000,185600000,592390000,962580000,8494190000,26,24,87,137,0.5,-21,-21,-7
"size_4_089",5648170000,753090000,98950000,1346270000,2595600000,10442080000,36,42,80,158,5648170000,753090000,98950000,1346270000,2595600000,10442080000,26,18,73,117,0.5,-10,-24,-7
"size_4_090",1837420000,5194850000,258840000,2956610000,208660000,10456380000,43,35,83,161,1837420000,5194850000,258840000,2956610000,208660000,10456380000,24,24,85,133,0.5,-19,-11,2
"size_4_091",2259520000,2455960000,516500000,5.067e+09,153130000,10452110000,41,36,83,160,2259520000,2455960000,516500000,5.067e+09,153130000,10452110000,23,26,86,135,0.5,-18,-10,3
"size_4_092",5004970000,1323370000,923630000,2059320000,4526700000,13837990000,45,43,85,173,5004970000,1323370000,923630000,2059320000,4526700000,13837990000,31,26,80,137,0.5,-14,-17,-5
"size_4_093",3437460000,2277220000,171250000,501990000,4569170000,10957090000,50,50,119,219,3437460000,2277220000,171250000,501990000,4569170000,10957090000,35,25,95,155,0.5,-15,-25,-24
"size_4_094",1331510000,6379570000,677470000,957830000,4456300000,13802680000,44,32,86,162,1331510000,6379570000,677470000,957830000,4456300000,13802680000,23,22,77,122,0.5,-21,-10,-9
"size_4_095",2665180000,143650000,231990000,2650990000,4384330000,10076140000,37,35,77,149,2665180000,143650000,231990000,2650990000,4384330000,10076140000,24,17,64,105,0.5,-13,-18,-13
"size_4_096",1211250000,254720000,67780000,183060000,5990400000,7707210000,43,44,101,188,1211250000,254720000,67780000,183060000,5990400000,7707210000,28,44,85,157,0.5,-15,0,-16
"size_4_097",531600000,3790510000,1804860000,766090000,1067870000,7960930000,46,30,86,162,531600000,3790510000,1804860000,766090000,1067870000,7960930000,30,32,86,148,0.5,-16,2,0
"size_4_098",1630670000,1750820000,88060000,513570000,1422660000,5405780000,39,39,89,167,1630670000,1750820000,88060000,513570000,1422660000,5405780000,26,19,74,119,0.5,-13,-20,-15
"size_4_099",2454320000,7650460000,934310000,460390000,1041060000,12540540000,42,42,97,181,2454320000,7650460000,934310000,460390000,1041060000,12540540000,33,28,82,143,0.5,-9,-14,-15
"size_4_100",832700000,4169580000,642030000,1459460000,2982420000,10086190000,49,33,92,174,832700000,4169580000,642030000,1459460000,2982420000,10086190000,24,33,85,142,0.5,-25,0,-7
"size_4_101",7829460000,104420000,69470000,6610000,3011910000,11021870000,37,27,75,139,7829460000,104420000,69470000,6610000,3011910000,11021870000,21,33,72,126,0.5,-16,6,-3
"size_4_102",444240000,4431440000,508080000,2228120000,4944960000,12556840000,47,36,93,176,444240000,4431440000,508080000,2228120000,4944960000,12556840000,23,35,87,145,0.5,-24,-1,-6
"size_4_103",3908830000,4921920000,617410000,907750000,351750000,10707660000,46,39,99,184,3908830000,4921920000,617410000,907750000,351750000,10707660000,26,37,79,142,0.5,-20,-2,-20
"size_4_104",11447750000,1792430000,130930000,0,3429540000,16800650000,43,40,96,179,11447750000,1792430000,130930000,0,3429540000,16800650000,25,41,80,146,0.5,-18,1,-16
"size_4_105",2901810000,6703450000,509530000,434380000,810930000,11360100000,44,38,96,178,2901810000,6703450000,509530000,434380000,810930000,11360100000,30,38,82,150,0.5,-14,0,-14
"size_4_106",6240460000,3125900000,328430000,138980000,2401680000,12235450000,43,36,86,165,6240460000,3125900000,328430000,138980000,2401680000,12235450000,25,37,80,142,0.5,-18,1,-6
"size_4_107",1869340000,780450000,252200000,10460000,5088730000,8001180000,34,26,56,116,1869340000,780450000,252200000,10460000,5088730000,8001180000,21,20,66,107,0.5,-13,-6,10
"size_4_108",2030260000,397280000,25570000,640000,7242720000,9696470000,41,30,73,144,2030260000,397280000,25570000,640000,7242720000,9696470000,19,31,66,116,0.5,-22,1,-7
"size_4_109",661320000,4.041e+09,245860000,368940000,3714180000,9031300000,36,36,73,145,661320000,4.041e+09,245860000,368940000,3714180000,9031300000,25,23,72,120,0.5,-11,-13,-1
"size_4_110",1272610000,3149950000,214700000,545450000,71840000,5254550000,50,39,105,194,1272610000,3149950000,214700000,545450000,71840000,5254550000,29,35,82,146,0.5,-21,-4,-23
"size_4_111",1907130000,2479750000,960640000,422160000,6077770000,11847450000,45,39,109,193,1907130000,2479750000,960640000,422160000,6077770000,11847450000,35,29,95,159,0.5,-10,-10,-14
"size_4_112",3730800000,11656550000,1865870000,1788380000,1883210000,20924810000,45,37,101,183,3730800000,11656550000,1865870000,1788380000,1883210000,20924810000,26,32,94,152,0.5,-19,-5,-7
"size_4_113",3101160000,6703380000,784960000,1344550000,135960000,12070010000,44,34,86,164,3101160000,6703380000,784960000,1344550000,135960000,12070010000,21,30,80,131,0.5,-23,-4,-6
"size_4_114",3866280000,3577940000,181550000,758910000,896320000,9.281e+09,48,43,98,189,3866280000,3577940000,181550000,758910000,896320000,9.281e+09,31,39,89,159,0.5,-17,-4,-9
"size_4_115",3155490000,4250440000,404790000,200960000,2053430000,10065110000,34,29,76,139,3155490000,4250440000,404790000,200960000,2053430000,10065110000,27,19,64,110,0.5,-7,-10,-12
"size_4_116",1863920000,7497260000,725080000,4197810000,139070000,14423140000,42,32,79,153,1863920000,7497260000,725080000,4197810000,139070000,14423140000,24,25,85,134,0.5,-18,-7,6
"size_4_117",5666540000,8085350000,573350000,1487400000,4678180000,20490820000,36,40,75,151,5666540000,8085350000,573350000,1487400000,4678180000,20490820000,23,19,70,112,0.5,-13,-21,-5
"size_4_118",429770000,6516390000,624630000,1534370000,1686990000,10792150000,46,32,89,167,429770000,6516390000,624630000,1534370000,1686990000,10792150000,26,27,80,133,0.5,-20,-5,-9
"size_4_119",3355400000,11190000,2120000,73410000,9702160000,13144280000,31,29,66,126,3355400000,11190000,2120000,73410000,9702160000,13144280000,13,30,48,91,0.5,-18,1,-18
"size_4_120",3857960000,2943600000,121840000,1286640000,3017610000,11227650000,45,50,109,204,3857960000,2943600000,121840000,1286640000,3017610000,11227650000,27,31,91,149,0.5,-18,-19,-18
"size_4_121",200280000,1608600000,177540000,1054860000,6255810000,9297090000,39,26,62,127,200280000,1608600000,177540000,1054860000,6255810000,9297090000,14,21,61,96,0.5,-25,-5,-1
"size_4_122",10159270000,38300000,12300000,0,6465940000,16675810000,35,32,79,146,10159270000,38300000,12300000,0,6465940000,16675810000,21,36,67,124,0.5,-14,4,-12
"size_4_123",1754040000,7355190000,804730000,347170000,201610000,10462740000,44,33,79,156,1754040000,7355190000,804730000,347170000,201610000,10462740000,24,23,77,124,0.5,-20,-10,-2
"size_4_124",3762030000,7262440000,494130000,1577260000,233900000,13329760000,41,33,72,146,3762030000,7262440000,494130000,1577260000,233900000,13329760000,21,17,73,111,0.5,-20,-16,1
"size_4_125",797590000,9188140000,222930000,185450000,387940000,10782050000,39,37,81,157,797590000,9188140000,222930000,185450000,387940000,10782050000,26,23,80,129,0.5,-13,-14,-1
"size_4_126",4235340000,3082080000,997290000,1631740000,134880000,10081330000,39,34,76,149,4235340000,3082080000,997290000,1631740000,134880000,10081330000,21,22,66,109,0.5,-18,-12,-10
"size_4_127",4885620000,1754380000,211430000,2052080000,1544120000,10447630000,44,41,90,175,4885620000,1754380000,211430000,2052080000,1544120000,10447630000,23,18,80,121,0.5,-21,-23,-10
"size_4_128",2472810000,4244260000,538460000,1463380000,76630000,8795540000,41,31,82,154,2472810000,4244260000,538460000,1463380000,76630000,8795540000,20,27,74,121,0.5,-21,-4,-8
"size_4_129",1017130000,7415420000,1133200000,96940000,413890000,10076580000,40,36,87,163,1017130000,7415420000,1133200000,96940000,413890000,10076580000,28,27,82,137,0.5,-12,-9,-5
"size_4_130",3778620000,9214820000,1145210000,1446730000,470460000,16055840000,41,38,98,177,3778620000,9214820000,1145210000,1446730000,470460000,16055840000,26,34,78,138,0.5,-15,-4,-20
"size_4_131",1715330000,819400000,669700000,32700000,1937490000,5174620000,40,35,81,156,1715330000,819400000,669700000,32700000,1937490000,5174620000,29,20,75,124,0.5,-11,-15,-6
"size_4_132",1256520000,3501020000,1166300000,226050000,5622010000,11771900000,47,37,92,176,1256520000,3501020000,1166300000,226050000,5622010000,11771900000,24,35,78,137,0.5,-23,-2,-14
"size_4_133",4019950000,3730060000,113090000,2028020000,2926030000,12817150000,41,39,87,167,4019950000,3730060000,113090000,2028020000,2926030000,12817150000,24,21,80,125,0.5,-17,-18,-7
"size_4_134",702860000,326850000,30620000,123530000,3951220000,5135080000,44,45,98,187,702860000,326850000,30620000,123530000,3951220000,5135080000,32,40,87,159,0.5,-12,-5,-11
"size_4_135",3881770000,108120000,58820000,14510000,1122070000,5185290000,39,30,72,141,3881770000,108120000,58820000,14510000,1122070000,5185290000,19,33,69,121,0.5,-20,3,-3
"size_4_136",2033050000,5019320000,400580000,1619520000,891220000,9963690000,50,36,93,179,2033050000,5019320000,400580000,1619520000,891220000,9963690000,26,36,78,140,0.5,-24,0,-15
"size_4_137",2568510000,2803210000,481150000,560010000,3333980000,9746860000,45,41,96,182,2568510000,2803210000,481150000,560010000,3333980000,9746860000,26,34,78,138,0.5,-19,-7,-18
"size_4_138",5158620000,3705290000,268900000,876710000,332780000,10342300000,45,36,91,172,5158620000,3705290000,268900000,876710000,332780000,10342300000,25,32,75,132,0.5,-20,-4,-16
"size_4_139",3189480000,5215360000,599090000,282640000,794510000,10081080000,39,40,83,162,3189480000,5215360000,599090000,282640000,794510000,10081080000,27,22,70,119,0.5,-12,-18,-13
"size_4_140",1430910000,432400000,13230000,0,6924130000,8800670000,40,29,82,151,1430910000,432400000,13230000,0,6924130000,8800670000,22,33,67,122,0.5,-18,4,-15
"size_4_141",1223020000,2571100000,136220000,728480000,6003090000,10661910000,36,30,70,136,1223020000,2571100000,136220000,728480000,6003090000,10661910000,20,15,55,90,0.5,-16,-15,-15
"size_4_142",480440000,3605400000,326600000,312950000,3736500000,8461890000,38,28,72,138,480440000,3605400000,326600000,312950000,3736500000,8461890000,19,20,67,106,0.5,-19,-8,-5
"size_4_143",2689890000,2302100000,460170000,153130000,5463520000,11068810000,36,34,83,153,2689890000,2302100000,460170000,153130000,5463520000,11068810000,25,18,72,115,0.5,-11,-16,-11
"size_4_144",4291090000,2517390000,941420000,2202670000,129110000,10081680000,40,30,79,149,4291090000,2517390000,941420000,2202670000,129110000,10081680000,19,30,79,128,0.5,-21,0,0
"size_4_145",2939470000,63490000,281240000,1407790000,498370000,5190360000,37,33,69,139,2939470000,63490000,281240000,1407790000,498370000,5190360000,21,21,67,109,0.5,-16,-12,-2
"size_4_146",1005980000,1751420000,761830000,12186150000,15011030000,30716410000,39,24,71,134,1005980000,1751420000,761830000,12186150000,15011030000,30716410000,12,26,69,107,0.5,-27,2,-2
"size_4_147",2023580000,7271550000,760920000,66540000,214220000,10336810000,49,38,96,183,2023580000,7271550000,760920000,66540000,214220000,10336810000,29,32,88,149,0.5,-20,-6,-8
"size_4_148",7222350000,3118550000,328420000,0,5472340000,16141660000,45,44,108,197,7222350000,3118550000,328420000,0,5472340000,16141660000,29,48,89,166,0.5,-16,4,-19
"size_4_149",1840340000,1544570000,277460000,416060000,437660000,4516090000,43,40,96,179,1840340000,1544570000,277460000,416060000,437660000,4516090000,30,40,83,153,0.5,-13,0,-13
"size_4_150",3832570000,2531880000,475720000,767700000,2508850000,10116720000,42,42,95,179,3832570000,2531880000,475720000,767700000,2508850000,10116720000,24,40,80,144,0.5,-18,-2,-15
"size_4_151",7705700000,566700000,106070000,7420000,5773100000,14158990000,43,41,91,175,7705700000,566700000,106070000,7420000,5773100000,14158990000,22,39,73,134,0.5,-21,-2,-18
"size_4_152",7807530000,22440000,20800000,13420000,4472600000,12336790000,36,29,67,132,7807530000,22440000,20800000,13420000,4472600000,12336790000,20,33,57,110,0.5,-16,4,-10
"size_4_153",7920360000,3990000,13450000,0,3201370000,11139170000,35,37,80,152,7920360000,3990000,13450000,0,3201370000,11139170000,20,33,68,121,0.5,-15,-4,-12
"size_4_154",705900000,1383650000,103820000,4316730000,16674960000,23185060000,38,20,66,124,705900000,1383650000,103820000,4316730000,16674960000,23185060000,12,26,53,91,0.5,-26,6,-13
"size_4_155",938210000,3628690000,33330000,1672980000,2170050000,8443260000,36,38,85,159,938210000,3628690000,33330000,1672980000,2170050000,8443260000,27,22,74,123,0.5,-9,-16,-11
"size_4_156",6529850000,4923270000,225840000,1206390000,1196260000,14081610000,36,34,87,157,6529850000,4923270000,225840000,1206390000,1196260000,14081610000,25,28,82,135,0.5,-11,-6,-5
"size_4_157",90080000,785020000,539880000,817570000,3002860000,5235410000,44,32,82,158,90080000,785020000,539880000,817570000,3002860000,5235410000,27,32,81,140,0.5,-17,0,-1
"size_4_158",3063390000,3252040000,411150000,64560000,4267700000,11058840000,32,34,76,142,3063390000,3252040000,411150000,64560000,4267700000,11058840000,26,20,68,114,0.5,-6,-14,-8
"size_4_159",3236630000,7006470000,644270000,1919460000,412950000,13219780000,49,44,107,200,3236630000,7006470000,644270000,1919460000,412950000,13219780000,32,37,84,153,0.5,-17,-7,-23
"size_4_160",5073290000,2719060000,339630000,1043300000,1908160000,11083440000,47,46,98,191,5073290000,2719060000,339630000,1043300000,1908160000,11083440000,27,40,83,150,0.5,-20,-6,-15
"size_4_161",4839900000,8832140000,623040000,321910000,3873590000,18490580000,42,40,99,181,4839900000,8832140000,623040000,321910000,3873590000,18490580000,34,26,89,149,0.5,-8,-14,-10
"size_4_162",2203990000,3943360000,337380000,1554300000,519250000,8558280000,35,38,73,146,2203990000,3943360000,337380000,1554300000,519250000,8558280000,21,17,75,113,0.5,-14,-21,2
"size_4_163",3228210000,4764020000,292730000,177480000,613800000,9076240000,32,33,75,140,3228210000,4764020000,292730000,177480000,613800000,9076240000,21,21,65,107,0.5,-11,-12,-10
"size_4_164",1962650000,10094490000,1156380000,623160000,819040000,14655720000,46,44,106,196,1962650000,10094490000,1156380000,623160000,819040000,14655720000,30,31,89,150,0.5,-16,-13,-17
"size_4_165",5769810000,4959040000,180310000,129120000,3687060000,14725340000,34,27,59,120,5769810000,4959040000,180310000,129120000,3687060000,14725340000,18,15,58,91,0.5,-16,-12,-1
"size_4_166",2271780000,1641620000,64280000,381850000,1161460000,5520990000,38,38,82,158,2271780000,1641620000,64280000,381850000,1161460000,5520990000,24,34,76,134,0.5,-14,-4,-6
"size_4_167",2582610000,12609430000,1299630000,3003900000,1160450000,20656020000,43,37,101,181,2582610000,12609430000,1299630000,3003900000,1160450000,20656020000,26,33,96,155,0.5,-17,-4,-5
"size_4_168",3871280000,3879640000,826100000,1962500000,225290000,10764810000,42,35,82,159,3871280000,3879640000,826100000,1962500000,225290000,10764810000,23,28,79,130,0.5,-19,-7,-3
"size_4_169",7532130000,637320000,192350000,0,2742120000,11103920000,42,37,94,173,7532130000,637320000,192350000,0,2742120000,11103920000,25,38,75,138,0.5,-17,1,-19
"size_4_170",5803460000,4829670000,512520000,1306830000,1378380000,13830860000,40,49,105,194,5803460000,4829670000,512520000,1306830000,1378380000,13830860000,29,27,87,143,0.5,-11,-22,-18
"size_4_171",668560000,2243170000,671050000,6132350000,3186700000,12901830000,38,25,63,126,668560000,2243170000,671050000,6132350000,3186700000,12901830000,16,24,57,97,0.5,-22,-1,-6
"size_4_172",1807220000,5822370000,1005010000,238420000,103150000,8976170000,38,32,66,136,1807220000,5822370000,1005010000,238420000,103150000,8976170000,24,21,71,116,0.5,-14,-11,5
"size_4_173",3059940000,3292610000,197650000,1017960000,1170650000,8738810000,47,40,96,183,3059940000,3292610000,197650000,1017960000,1170650000,8738810000,32,42,86,160,0.5,-15,2,-10
"size_4_174",3149400000,5016530000,536100000,790390000,843670000,10336090000,43,35,93,171,3149400000,5016530000,536100000,790390000,843670000,10336090000,22,32,85,139,0.5,-21,-3,-8
"size_4_175",1258290000,3244250000,225150000,293350000,334640000,5355680000,41,33,87,161,1258290000,3244250000,225150000,293350000,334640000,5355680000,25,31,74,130,0.5,-16,-2,-13
"size_4_176",769560000,3076360000,44370000,372100000,1138370000,5400760000,39,33,82,154,769560000,3076360000,44370000,372100000,1138370000,5400760000,27,23,74,124,0.5,-12,-10,-8
"size_4_177",1271220000,2662580000,188540000,978810000,264540000,5365690000,44,41,94,179,1271220000,2662580000,188540000,978810000,264540000,5365690000,25,38,80,143,0.5,-19,-3,-14
"size_4_178",2203670000,419030000,246600000,440550000,4455530000,7765380000,34,37,79,150,2203670000,419030000,246600000,440550000,4455530000,7765380000,26,22,63,111,0.5,-8,-15,-16
"size_4_179",3212210000,3638480000,375250000,1414980000,348610000,8989530000,47,42,105,194,3212210000,3638480000,375250000,1414980000,348610000,8989530000,30,37,80,147,0.5,-17,-5,-25
"size_4_180",4620020000,8200950000,605730000,815350000,1434560000,15676610000,41,35,92,168,4620020000,8200950000,605730000,815350000,1434560000,15676610000,24,24,83,131,0.5,-17,-11,-9
"size_4_181",3606500000,3439850000,790680000,1738390000,292130000,9867550000,39,31,86,156,3606500000,3439850000,790680000,1738390000,292130000,9867550000,23,30,80,133,0.5,-16,-1,-6
"size_4_182",3496070000,4907620000,256160000,1389550000,403200000,10452600000,38,36,76,150,3496070000,4907620000,256160000,1389550000,403200000,10452600000,23,18,74,115,0.5,-15,-18,-2
"size_4_183",2764600000,4600810000,664960000,1037700000,127880000,9195950000,40,34,82,156,2764600000,4600810000,664960000,1037700000,127880000,9195950000,23,31,79,133,0.5,-17,-3,-3
"size_4_184",1530740000,7646160000,444560000,687440000,403790000,10712690000,48,36,94,178,1530740000,7646160000,444560000,687440000,403790000,10712690000,22,33,80,135,0.5,-26,-3,-14
"size_4_185",5281510000,5592310000,280570000,644390000,644210000,12442990000,39,41,91,171,5281510000,5592310000,280570000,644390000,644210000,12442990000,29,26,76,131,0.5,-10,-15,-15
"size_4_186",2066200000,2190710000,164500000,393200000,355670000,5170280000,42,34,82,158,2066200000,2190710000,164500000,393200000,355670000,5170280000,22,33,72,127,0.5,-20,-1,-10
"size_4_187",3382260000,167450000,133160000,894020000,583310000,5160200000,34,33,63,130,3382260000,167450000,133160000,894020000,583310000,5160200000,20,18,62,100,0.5,-14,-15,-1
"size_4_188",7553960000,3148190000,304900000,249340000,2852310000,14108700000,44,37,85,166,7553960000,3148190000,304900000,249340000,2852310000,14108700000,23,35,78,136,0.5,-21,-2,-7
"size_4_189",582270000,9359110000,963960000,1419180000,6001710000,18326230000,46,33,87,166,582270000,9359110000,963960000,1419180000,6001710000,18326230000,24,36,81,141,0.5,-22,3,-6
"size_4_190",64700000,964260000,218880000,31470000,3355240000,4634550000,42,33,95,170,64700000,964260000,218880000,31470000,3355240000,4634550000,33,27,90,150,0.5,-9,-6,-5
"size_4_191",2218420000,4367110000,1722580000,938720000,195220000,9442050000,41,28,77,146,2218420000,4367110000,1722580000,938720000,195220000,9442050000,24,27,80,131,0.5,-17,-1,3
"size_4_192",6432620000,1990570000,290160000,125320000,5308380000,14147050000,45,38,89,172,6432620000,1990570000,290160000,125320000,5308380000,14147050000,26,37,80,143,0.5,-19,-1,-9
"size_4_193",1370270000,7808310000,242330000,907490000,4141180000,14469580000,42,36,80,158,1370270000,7808310000,242330000,907490000,4141180000,14469580000,29,20,79,128,0.5,-13,-16,-1
"size_4_194",2722070000,3565660000,350680000,585830000,1751810000,8976050000,42,44,96,182,2722070000,3565660000,350680000,585830000,1751810000,8976050000,35,24,86,145,0.5,-7,-20,-10
"size_4_195",1742160000,6273050000,472820000,5680860000,71680000,14240570000,38,31,71,140,1742160000,6273050000,472820000,5680860000,71680000,14240570000,18,20,70,108,0.5,-20,-11,-1
"size_4_196",2221470000,1205570000,55610000,788550000,1274850000,5546050000,41,35,81,157,2221470000,1205570000,55610000,788550000,1274850000,5546050000,24,34,72,130,0.5,-17,-1,-9
"size_4_197",1482240000,5521450000,3989540000,4182070000,8285150000,23460450000,46,30,83,159,1482240000,5521450000,3989540000,4182070000,8285150000,23460450000,21,28,83,132,0.5,-25,-2,0
"size_4_198",659880000,2881430000,576820000,3428860000,2534670000,10081660000,48,36,95,179,659880000,2881430000,576820000,3428860000,2534670000,10081660000,23,36,84,143,0.5,-25,0,-11
"size_4_199",4120020000,3430980000,672380000,2275070000,442500000,10940950000,44,43,94,181,4120020000,3430980000,672380000,2275070000,442500000,10940950000,32,26,94,152,0.5,-12,-17,0
"size_4_200",18490000,0,1290000,0,1174180000,1193960000,45,43,100,188,18490000,0,1290000,0,1174180000,1193960000,23,34,72,129,0.5,-22,-9,-28
"size_4_201",2357240000,4121910000,324450000,3465250000,188940000,10457790000,43,34,79,156,2357240000,4121910000,324450000,3465250000,188940000,10457790000,25,22,79,126,0.5,-18,-12,0
"size_4_202",3729740000,2843990000,417620000,2149600000,1586350000,10727300000,43,43,93,179,3729740000,2843990000,417620000,2149600000,1586350000,10727300000,26,25,86,137,0.5,-17,-18,-7
"size_4_203",3591230000,2307950000,56040000,1140230000,3175120000,10270570000,42,47,100,189,3591230000,2307950000,56040000,1140230000,3175120000,10270570000,31,20,83,134,0.5,-11,-27,-17
"size_4_204",5619360000,3445360000,787340000,886400000,1337510000,12075970000,42,43,91,176,5619360000,3445360000,787340000,886400000,1337510000,12075970000,29,22,73,124,0.5,-13,-21,-18
"size_4_205",6276040000,4245800000,332870000,7393780000,711710000,18960200000,41,37,83,161,6276040000,4245800000,332870000,7393780000,711710000,18960200000,21,22,75,118,0.5,-20,-15,-8
"size_4_206",535500000,1989300000,734880000,90960000,4796790000,8147430000,32,30,75,137,535500000,1989300000,734880000,90960000,4796790000,8147430000,25,17,70,112,0.5,-7,-13,-5
"size_4_207",2415840000,106370000,73490000,22390000,2767640000,5385730000,38,35,83,156,2415840000,106370000,73490000,22390000,2767640000,5385730000,24,36,70,130,0.5,-14,1,-13
"size_4_208",3839230000,4227590000,822450000,984830000,468230000,10342330000,42,40,95,177,3839230000,4227590000,822450000,984830000,468230000,10342330000,27,31,77,135,0.5,-15,-9,-18
"size_4_209",1702910000,8697880000,1553190000,1619150000,264110000,13837240000,43,33,84,160,1702910000,8697880000,1553190000,1619150000,264110000,13837240000,23,33,84,140,0.5,-20,0,0
"size_4_210",9690300000,99130000,14190000,0,5074600000,14878220000,39,37,80,156,9690300000,99130000,14190000,0,5074600000,14878220000,23,38,72,133,0.5,-16,1,-8
"size_4_211",4252210000,2268840000,337210000,3244980000,353860000,10457100000,41,34,75,150,4252210000,2268840000,337210000,3244980000,353860000,10457100000,20,18,67,105,0.5,-21,-16,-8
"size_4_212",2795270000,662060000,36430000,65680000,6502440000,10061880000,43,34,86,163,2795270000,662060000,36430000,65680000,6502440000,10061880000,23,34,75,132,0.5,-20,0,-11
"size_4_213",4121960000,370310000,112580000,520000,4832390000,9437760000,45,41,96,182,4121960000,370310000,112580000,520000,4832390000,9437760000,21,36,75,132,0.5,-24,-5,-21
"size_4_214",3556240000,3301540000,432210000,2629860000,323370000,10243220000,37,41,83,161,3556240000,3301540000,432210000,2629860000,323370000,10243220000,25,26,75,126,0.5,-12,-15,-8
"size_4_215",908760000,5405590000,155660000,126350000,898600000,7494960000,36,29,65,130,908760000,5405590000,155660000,126350000,898600000,7494960000,21,17,68,106,0.5,-15,-12,3
"size_4_216",4625400000,214890000,106200000,0,4765950000,9712440000,47,36,87,170,4625400000,214890000,106200000,0,4765950000,9712440000,20,35,70,125,0.5,-27,-1,-17
"size_4_217",950520000,3067300000,31040000,505610000,856330000,5410800000,35,28,61,124,950520000,3067300000,31040000,505610000,856330000,5410800000,21,19,68,108,0.5,-14,-9,7
"size_4_218",5709350000,8300000,3570000,20000,5116230000,10837470000,34,31,68,133,5709350000,8300000,3570000,20000,5116230000,10837470000,20,30,62,112,0.5,-14,-1,-6
"size_4_219",2435200000,1799110000,133080000,322930000,414870000,5105190000,43,35,88,166,2435200000,1799110000,133080000,322930000,414870000,5105190000,20,32,73,125,0.5,-23,-3,-15
"size_4_220",5435990000,661070000,130790000,6310000,4394470000,10628630000,43,37,93,173,5435990000,661070000,130790000,6310000,4394470000,10628630000,22,34,77,133,0.5,-21,-3,-16
"size_4_221",2838910000,3997210000,615990000,228810000,1229300000,8910220000,44,42,95,181,2838910000,3997210000,615990000,228810000,1229300000,8910220000,33,26,89,148,0.5,-11,-16,-6
"size_4_222",2706580000,2935150000,103750000,995820000,5499310000,12240610000,45,41,102,188,2706580000,2935150000,103750000,995820000,5499310000,12240610000,33,26,87,146,0.5,-12,-15,-15
"size_4_223",4163420000,1525370000,104300000,1477270000,5666110000,12936470000,39,45,83,167,4163420000,1525370000,104300000,1477270000,5666110000,12936470000,24,20,72,116,0.5,-15,-25,-11
"size_4_224",511320000,4271180000,525270000,452620000,5040840000,10801230000,41,33,80,154,511320000,4271180000,525270000,452620000,5040840000,10801230000,21,21,70,112,0.5,-20,-12,-10
"size_4_225",4243320000,3404430000,645560000,1512380000,541270000,10346960000,47,28,90,165,4243320000,3404430000,645560000,1512380000,541270000,10346960000,27,33,80,140,0.5,-20,5,-10
"size_4_226",3121490000,580160000,106930000,15210000,8762960000,12586750000,44,32,82,158,3121490000,580160000,106930000,15210000,8762960000,12586750000,19,33,66,118,0.5,-25,1,-16
"size_4_227",1737940000,4808460000,119030000,533520000,1977780000,9176730000,33,32,73,138,1737940000,4808460000,119030000,533520000,1977780000,9176730000,25,20,73,118,0.5,-8,-12,0
"size_4_228",8166370000,383340000,106970000,16680000,7266800000,15940160000,44,41,97,182,8166370000,383340000,106970000,16680000,7266800000,15940160000,28,43,82,153,0.5,-16,2,-15
"size_4_229",6238750000,511490000,136860000,10930000,3790700000,10688730000,44,35,90,169,6238750000,511490000,136860000,10930000,3790700000,10688730000,25,39,75,139,0.5,-19,4,-15
"size_4_230",3122570000,747310000,404330000,2163340000,2.859e+09,9296550000,40,38,78,156,3122570000,747310000,404330000,2163340000,2.859e+09,9296550000,26,20,67,113,0.5,-14,-18,-11
"size_4_231",2007210000,0,0,0,3568920000,5576130000,34,28,72,134,2007210000,0,0,0,3568920000,5576130000,17,29,56,102,0.5,-17,1,-16
"size_4_232",2003940000,3023580000,220490000,1106990000,11126360000,17481360000,39,42,104,185,2003940000,3023580000,220490000,1106990000,11126360000,17481360000,27,22,81,130,0.5,-12,-20,-23
"size_4_233",4393140000,4046200000,990130000,2326320000,228740000,11984530000,42,35,79,156,4393140000,4046200000,990130000,2326320000,228740000,11984530000,23,27,71,121,0.5,-19,-8,-8
"size_4_234",4005600000,3320560000,967420000,1498860000,287850000,10080290000,46,41,88,175,4005600000,3320560000,967420000,1498860000,287850000,10080290000,30,28,86,144,0.5,-16,-13,-2
"size_4_235",1481860000,5605240000,2166960000,1326160000,579290000,11159510000,47,29,86,162,1481860000,5605240000,2166960000,1326160000,579290000,11159510000,29,35,90,154,0.5,-18,6,4
"size_4_236",623610000,696680000,436450000,5950910000,6615360000,14323010000,48,32,79,159,623610000,696680000,436450000,5950910000,6615360000,14323010000,25,33,81,139,0.5,-23,1,2
"size_4_237",3020460000,453100000,21710000,0,4986820000,8482090000,43,32,83,158,3020460000,453100000,21710000,0,4986820000,8482090000,21,30,65,116,0.5,-22,-2,-18
"size_4_238",2870550000,6428480000,490600000,531410000,398700000,10719740000,44,34,90,168,2870550000,6428480000,490600000,531410000,398700000,10719740000,24,34,75,133,0.5,-20,0,-15
"size_4_239",7223150000,100400000,26150000,4210000,3013680000,10367590000,41,32,77,150,7223150000,100400000,26150000,4210000,3013680000,10367590000,19,32,68,119,0.5,-22,0,-9
"size_4_240",2410960000,6966860000,187060000,868180000,5053580000,15486640000,40,39,85,164,2410960000,6966860000,187060000,868180000,5053580000,15486640000,34,22,88,144,0.5,-6,-17,3
"size_4_241",6382390000,14089400000,757290000,1011240000,9385380000,31625700000,37,38,75,150,6382390000,14089400000,757290000,1011240000,9385380000,31625700000,26,16,72,114,0.5,-11,-22,-3
"size_4_242",475430000,4922630000,274060000,219640000,3240050000,9131810000,37,34,84,155,475430000,4922630000,274060000,219640000,3240050000,9131810000,34,23,89,146,0.5,-3,-11,5
"size_4_243",2867280000,6068750000,296880000,569830000,675960000,10478700000,41,38,85,164,2867280000,6068750000,296880000,569830000,675960000,10478700000,26,34,74,134,0.5,-15,-4,-11
"size_4_244",1010900000,3325280000,90120000,545750000,11432730000,16404780000,35,31,67,133,1010900000,3325280000,90120000,545750000,11432730000,16404780000,18,13,59,90,0.5,-17,-18,-8
"size_4_245",5050090000,3474640000,602760000,2943920000,259590000,1.2331e+10,44,36,79,159,5050090000,3474640000,602760000,2943920000,259590000,1.2331e+10,23,27,79,129,0.5,-21,-9,0
"size_4_246",11343530000,804190000,129850000,0,4404570000,16682140000,43,38,93,174,11343530000,804190000,129850000,0,4404570000,16682140000,25,44,81,150,0.5,-18,6,-12
"size_4_247",1121700000,3028960000,621960000,361970000,226110000,5360700000,40,34,90,164,1121700000,3028960000,621960000,361970000,226110000,5360700000,24,34,77,135,0.5,-16,0,-13
"size_4_248",1031190000,2344910000,502860000,179290000,4206160000,8264410000,47,40,101,188,1031190000,2344910000,502860000,179290000,4206160000,8264410000,34,25,89,148,0.5,-13,-15,-12
"size_4_249",4804600000,2137470000,192120000,1525850000,2879250000,11539290000,44,47,96,187,4804600000,2137470000,192120000,1525850000,2879250000,11539290000,30,22,76,128,0.5,-14,-25,-20
"size_4_250",3012800000,4881540000,1077660000,1374730000,366410000,10713140000,44,37,95,176,3012800000,4881540000,1077660000,1374730000,366410000,10713140000,24,35,84,143,0.5,-20,-2,-11
"size_4_251",1495480000,58830000,3210000,0,7654200000,9211720000,28,26,66,120,1495480000,58830000,3210000,0,7654200000,9211720000,17,28,53,98,0.5,-11,2,-13
"size_4_252",7386790000,3450610000,698850000,176800000,5310500000,17023550000,44,37,92,173,7386790000,3450610000,698850000,176800000,5310500000,17023550000,25,38,76,139,0.5,-19,1,-16
"size_4_253",7951120000,60450000,43280000,0,3069270000,11124120000,33,32,77,142,7951120000,60450000,43280000,0,3069270000,11124120000,22,40,65,127,0.5,-11,8,-12
"size_4_254",3843870000,457900000,92650000,4170000,8163690000,12562280000,39,37,86,162,3843870000,457900000,92650000,4170000,8163690000,12562280000,21,29,66,116,0.5,-18,-8,-20
"size_4_255",2482020000,5680250000,419330000,244720000,154660000,8980980000,42,32,79,153,2482020000,5680250000,419330000,244720000,154660000,8980980000,23,23,76,122,0.5,-19,-9,-3
"size_4_256",2037570000,3808470000,310040000,517340000,8234820000,14908240000,39,33,72,144,2037570000,3808470000,310040000,517340000,8234820000,14908240000,23,17,71,111,0.5,-16,-16,-1
"size_4_257",2120320000,6848450000,703370000,619790000,296520000,10588450000,44,37,97,178,2120320000,6848450000,703370000,619790000,296520000,10588450000,22,34,76,132,0.5,-22,-3,-21
"size_4_258",2283790000,2907380000,272800000,688970000,2780320000,8933260000,44,37,89,170,2283790000,2907380000,272800000,688970000,2780320000,8933260000,21,33,73,127,0.5,-23,-4,-16
"size_4_259",4817040000,3841790000,576280000,1666890000,1910900000,12812900000,46,49,105,200,4817040000,3841790000,576280000,1666890000,1910900000,12812900000,29,29,89,147,0.5,-17,-20,-16
"size_4_260",1744580000,4477210000,109900000,1051500000,1697500000,9080690000,36,40,82,158,1744580000,4477210000,109900000,1051500000,1697500000,9080690000,33,24,82,139,0.5,-3,-16,0
"size_4_261",4883300000,2876510000,138450000,511970000,2668160000,11078390000,49,44,98,191,4883300000,2876510000,138450000,511970000,2668160000,11078390000,28,42,84,154,0.5,-21,-2,-14
"size_4_262",2558040000,4773680000,639990000,2073650000,290690000,10336050000,44,30,85,159,2558040000,4773680000,639990000,2073650000,290690000,10336050000,20,27,80,127,0.5,-24,-3,-5
"size_4_263",7194590000,3e+05,2490000,163180000,9878250000,17238810000,37,31,70,138,7194590000,3e+05,2490000,163180000,9878250000,17238810000,14,28,53,95,0.5,-23,-3,-17
"size_4_264",1058560000,3505980000,263730000,1232250000,4081770000,10142290000,50,37,95,182,1058560000,3505980000,263730000,1232250000,4081770000,10142290000,30,36,83,149,0.5,-20,-1,-12
"size_4_265",2046400000,5319900000,253910000,330990000,721660000,8672860000,41,37,89,167,2046400000,5319900000,253910000,330990000,721660000,8672860000,26,35,75,136,0.5,-15,-2,-14
"size_4_266",134320000,1516980000,262630000,1473220000,5952450000,9339600000,43,35,85,163,134320000,1516980000,262630000,1473220000,5952450000,9339600000,24,28,79,131,0.5,-19,-7,-6
"size_4_267",3164890000,3340770000,1293250000,8682440000,10664660000,27146010000,47,34,83,164,3164890000,3340770000,1293250000,8682440000,10664660000,27146010000,18,31,77,126,0.5,-29,-3,-6
"size_4_268",7525720000,1166060000,101960000,17440000,3417570000,12228750000,39,32,79,150,7525720000,1166060000,101960000,17440000,3417570000,12228750000,22,33,76,131,0.5,-17,1,-3
"size_4_269",3460990000,3562470000,1241750000,1728820000,82290000,10076320000,40,27,78,145,3460990000,3562470000,1241750000,1728820000,82290000,10076320000,19,26,79,124,0.5,-21,-1,1
"size_4_270",2655680000,717380000,127110000,1334520000,340630000,5175320000,42,39,94,175,2655680000,717380000,127110000,1334520000,340630000,5175320000,27,32,83,142,0.5,-15,-7,-11
"size_4_271",4903270000,6443220000,521430000,198650000,12905020000,24971590000,35,31,70,136,4903270000,6443220000,521430000,198650000,12905020000,24971590000,21,13,62,96,0.5,-14,-18,-8
"size_4_272",3902530000,392950000,52360000,83540000,16738510000,21169890000,39,33,82,154,3902530000,392950000,52360000,83540000,16738510000,21169890000,21,36,65,122,0.5,-18,3,-17
"size_4_273",155900000,30440000,3230000,35840000,2274590000,2.5e+09,35,29,65,129,155900000,30440000,3230000,35840000,2274590000,2.5e+09,18,34,68,120,0.5,-17,5,3
"size_4_274",2374620000,1884910000,228160000,529340000,158300000,5175330000,47,36,91,174,2374620000,1884910000,228160000,529340000,158300000,5175330000,25,34,81,140,0.5,-22,-2,-10
"size_4_275",807350000,3479760000,206820000,503630000,318030000,5315590000,39,33,85,157,807350000,3479760000,206820000,503630000,318030000,5315590000,19,32,77,128,0.5,-20,-1,-8
"size_4_276",559880000,7396490000,2276580000,4141350000,169440000,14543740000,38,24,63,125,559880000,7396490000,2276580000,4141350000,169440000,14543740000,18,27,71,116,0.5,-20,3,8
"size_4_277",2770900000,3.912e+09,463380000,5397010000,184500000,12727790000,44,38,86,168,2770900000,3.912e+09,463380000,5397010000,184500000,12727790000,23,24,79,126,0.5,-21,-14,-7
"size_4_278",1660330000,2366170000,792820000,33200000,4213230000,9065750000,32,28,63,123,1660330000,2366170000,792820000,33200000,4213230000,9065750000,25,16,60,101,0.5,-7,-12,-3
"size_4_279",4286720000,452210000,14900000,0,8019780000,12773610000,39,31,77,147,4286720000,452210000,14900000,0,8019780000,12773610000,22,31,66,119,0.5,-17,0,-11
"size_4_280",5854890000,2597600000,378930000,1019210000,847030000,10697660000,44,44,94,182,5854890000,2597600000,378930000,1019210000,847030000,10697660000,26,26,74,126,0.5,-18,-18,-20
"size_4_281",4140720000,3422370000,33840000,1500650000,1665670000,10763250000,39,31,74,144,4140720000,3422370000,33840000,1500650000,1665670000,10763250000,26,21,78,125,0.5,-13,-10,4
"size_4_282",5872640000,5723020000,411880000,2274460000,5058370000,19340370000,39,31,83,153,5872640000,5723020000,411880000,2274460000,5058370000,19340370000,31,20,77,128,0.5,-8,-11,-6
"size_4_283",2319210000,8646260000,879110000,152560000,549120000,12546260000,40,37,84,161,2319210000,8646260000,879110000,152560000,549120000,12546260000,28,24,80,132,0.5,-12,-13,-4
"size_4_284",2689180000,6362350000,424880000,836800000,144540000,10457750000,44,33,83,160,2689180000,6362350000,424880000,836800000,144540000,10457750000,23,22,84,129,0.5,-21,-11,1
"size_4_285",4069730000,9029300000,384760000,409410000,4000050000,17893250000,37,32,78,147,4069730000,9029300000,384760000,409410000,4000050000,17893250000,31,20,76,127,0.5,-6,-12,-2
"size_4_286",1710470000,4393540000,747950000,1556450000,4828480000,13236890000,40,35,94,169,1710470000,4393540000,747950000,1556450000,4828480000,13236890000,35,24,93,152,0.5,-5,-11,-1
"size_4_287",2412510000,1000630000,42370000,722340000,4690040000,8867890000,46,44,102,192,2412510000,1000630000,42370000,722340000,4690040000,8867890000,31,42,87,160,0.5,-15,-2,-15
"size_4_288",1573040000,1785670000,386600000,987720000,432170000,5165200000,39,33,87,159,1573040000,1785670000,386600000,987720000,432170000,5165200000,26,29,75,130,0.5,-13,-4,-12
"size_4_289",1488640000,1881630000,51220000,897170000,1197350000,5516010000,44,45,93,182,1488640000,1881630000,51220000,897170000,1197350000,5516010000,26,40,82,148,0.5,-18,-5,-11
"size_4_290",4596400000,4042690000,493960000,832750000,381600000,10347400000,45,37,95,177,4596400000,4042690000,493960000,832750000,381600000,10347400000,21,32,73,126,0.5,-24,-5,-22
"size_4_291",3050820000,2934550000,1404990000,1158960000,376790000,8926110000,46,35,90,171,3050820000,2934550000,1404990000,1158960000,376790000,8926110000,25,33,80,138,0.5,-21,-2,-10
"size_4_292",591460000,4199970000,828940000,2959870000,1501010000,10081250000,44,32,93,169,591460000,4199970000,828940000,2959870000,1501010000,10081250000,24,38,84,146,0.5,-20,6,-9
"size_4_293",2125480000,6286340000,702750000,1.151e+09,185810000,10451380000,37,43,74,154,2125480000,6286340000,702750000,1.151e+09,185810000,10451380000,27,20,79,126,0.5,-10,-23,5
"size_4_294",7210000,2710000,1740000,8320000,5220000,25200000,39,39,87,165,7210000,2710000,1740000,8320000,5220000,25200000,27,37,75,139,0.5,-12,-2,-12
"size_4_295",3220660000,5467330000,382760000,866180000,447160000,10384090000,45,39,89,173,3220660000,5467330000,382760000,866180000,447160000,10384090000,23,34,77,134,0.5,-22,-5,-12
"size_4_296",1061500000,7975370000,807820000,326910000,9086270000,19257870000,44,33,89,166,1061500000,7975370000,807820000,326910000,9086270000,19257870000,25,30,78,133,0.5,-19,-3,-11
"size_4_297",1111720000,3080000,960000,0,1384240000,2.5e+09,29,27,60,116,1111720000,3080000,960000,0,1384240000,2.5e+09,19,28,58,105,0.5,-10,1,-2
"size_4_298",967980000,6122330000,473950000,708600000,429380000,8702240000,38,31,74,143,967980000,6122330000,473950000,708600000,429380000,8702240000,23,29,82,134,0.5,-15,-2,8
"size_4_299",7929030000,2443400000,480770000,1017410000,786540000,12657150000,46,47,98,191,7929030000,2443400000,480770000,1017410000,786540000,12657150000,30,31,84,145,0.5,-16,-16,-14
"size_4_300",3491850000,5663180000,337710000,1282610000,429410000,11204760000,42,36,82,160,3491850000,5663180000,337710000,1282610000,429410000,11204760000,26,28,85,139,0.5,-16,-8,3
"size_4_301",6439060000,2222910000,315280000,54610000,5081650000,14113510000,43,33,83,159,6439060000,2222910000,315280000,54610000,5081650000,14113510000,23,38,78,139,0.5,-20,5,-5
"size_4_302",5980460000,6027380000,380640000,3080260000,210730000,15679470000,41,34,81,156,5980460000,6027380000,380640000,3080260000,210730000,15679470000,22,25,76,123,0.5,-19,-9,-5
"size_4_303",2105140000,82390000,116140000,1549950000,1301600000,5155220000,32,31,65,128,2105140000,82390000,116140000,1549950000,1301600000,5155220000,19,16,55,90,0.5,-13,-15,-10
"size_4_304",688210000,2373430000,123130000,791510000,1324240000,5300520000,35,38,75,148,688210000,2373430000,123130000,791510000,1324240000,5300520000,18,12,56,86,0.5,-17,-26,-19
"size_4_305",3083440000,6166090000,660850000,7.06e+08,392220000,11008600000,45,40,93,178,3083440000,6166090000,660850000,7.06e+08,392220000,11008600000,29,32,79,140,0.5,-16,-8,-14
"size_4_306",1468410000,5282420000,928680000,2124990000,277360000,10081860000,44,29,89,162,1468410000,5282420000,928680000,2124990000,277360000,10081860000,24,31,83,138,0.5,-20,2,-6
"size_4_307",8588420000,861990000,80240000,920000,2057250000,11588820000,38,36,83,157,8588420000,861990000,80240000,920000,2057250000,11588820000,26,38,82,146,0.5,-12,2,-1
"size_4_308",785560000,12222130000,3441210000,4937250000,1147930000,22534080000,46,35,81,162,785560000,12222130000,3441210000,4937250000,1147930000,22534080000,21,33,78,132,0.5,-25,-2,-3
"size_4_309",3799170000,2730590000,560970000,3038100000,318750000,10447580000,44,37,86,167,3799170000,2730590000,560970000,3038100000,318750000,10447580000,25,25,86,136,0.5,-19,-12,0
"size_4_310",2885440000,2293130000,694900000,2011510000,2200630000,10085610000,48,46,96,190,2885440000,2293130000,694900000,2011510000,2200630000,10085610000,31,24,85,140,0.5,-17,-22,-11
"size_4_311",338410000,3721850000,377630000,2384350000,2299010000,9121250000,41,33,84,158,338410000,3721850000,377630000,2384350000,2299010000,9121250000,19,22,73,114,0.5,-22,-11,-11
"size_4_312",3960780000,2547290000,1411200000,2469150000,354830000,10743250000,38,30,75,143,3960780000,2547290000,1411200000,2469150000,354830000,10743250000,25,21,75,121,0.5,-13,-9,0
"size_4_313",1306750000,3362770000,394810000,8040260000,3062590000,16167180000,45,28,72,145,1306750000,3362770000,394810000,8040260000,3062590000,16167180000,15,27,77,119,0.5,-30,-1,5
"size_4_314",3937020000,396310000,273260000,2256240000,3551730000,10414560000,39,34,78,151,3937020000,396310000,273260000,2256240000,3551730000,10414560000,24,19,63,106,0.5,-15,-15,-15
"size_4_315",2015180000,604830000,89200000,1980000,7172450000,9883640000,44,35,86,165,2015180000,604830000,89200000,1980000,7172450000,9883640000,19,32,66,117,0.5,-25,-3,-20
"size_4_316",1556240000,1195420000,33970000,757010000,939590000,4482230000,46,42,91,179,1556240000,1195420000,33970000,757010000,939590000,4482230000,30,41,86,157,0.5,-16,-1,-5
"size_4_317",830930000,5222580000,87910000,404500000,4516690000,11062610000,36,31,82,149,830930000,5222580000,87910000,404500000,4516690000,11062610000,23,16,68,107,0.5,-13,-15,-14
"size_4_318",9891620000,1410340000,63960000,870000,3409520000,14776310000,41,41,91,173,9891620000,1410340000,63960000,870000,3409520000,14776310000,25,40,78,143,0.5,-16,-1,-13
"size_4_319",3246360000,2407120000,156450000,1183020000,3534460000,10527410000,39,42,87,168,3246360000,2407120000,156450000,1183020000,3534460000,10527410000,26,20,80,126,0.5,-13,-22,-7
"size_4_320",4099910000,3341530000,1350380000,1105080000,184850000,10081750000,42,32,84,158,4099910000,3341530000,1350380000,1105080000,184850000,10081750000,24,26,79,129,0.5,-18,-6,-5
"size_4_321",13086950000,179590000,29120000,0,5238370000,18534030000,39,37,88,164,13086950000,179590000,29120000,0,5238370000,18534030000,23,39,78,140,0.5,-16,2,-10
"size_4_322",6393130000,69550000,18300000,4430000,3470030000,9955440000,37,30,69,136,6393130000,69550000,18300000,4430000,3470030000,9955440000,18,32,59,109,0.5,-19,2,-10
"size_4_323",593660000,1850980000,132170000,87030000,2137710000,4801550000,45,36,97,178,593660000,1850980000,132170000,87030000,2137710000,4801550000,23,34,76,133,0.5,-22,-2,-21
"size_4_324",236400000,4351200000,849840000,1495990000,5283870000,12217300000,44,34,85,163,236400000,4351200000,849840000,1495990000,5283870000,12217300000,31,29,90,150,0.5,-13,-5,5
"size_4_325",3800370000,4339190000,656590000,433730000,1211480000,10441360000,40,41,93,174,3800370000,4339190000,656590000,433730000,1211480000,10441360000,28,22,76,126,0.5,-12,-19,-17
"size_4_326",1199870000,3067620000,171940000,804990000,106230000,5350650000,37,34,79,150,1199870000,3067620000,171940000,804990000,106230000,5350650000,21,34,70,125,0.5,-16,0,-9
"size_4_327",154830000,5729010000,676820000,3210000,3621210000,10185080000,40,29,71,140,154830000,5729010000,676820000,3210000,3621210000,10185080000,28,24,71,123,0.5,-12,-5,0
"size_4_328",4657630000,86670000,33470000,50650000,3032730000,7861150000,36,28,79,143,4657630000,86670000,33470000,50650000,3032730000,7861150000,21,30,61,112,0.5,-15,2,-18
"size_4_329",2788540000,4788330000,482680000,2205270000,192280000,10457100000,43,38,85,166,2788540000,4788330000,482680000,2205270000,192280000,10457100000,24,26,82,132,0.5,-19,-12,-3
"size_4_330",3246560000,5517320000,610510000,882040000,456780000,10713210000,40,38,94,172,3246560000,5517320000,610510000,882040000,456780000,10713210000,22,34,75,131,0.5,-18,-4,-19
"size_4_331",2107330000,4417370000,244620000,510290000,642370000,7921980000,45,42,103,190,2107330000,4417370000,244620000,510290000,642370000,7921980000,26,33,82,141,0.5,-19,-9,-21
"size_4_332",2369900000,6590760000,5.26e+08,798640000,171050000,10456350000,43,32,79,154,2369900000,6590760000,5.26e+08,798640000,171050000,10456350000,25,23,80,128,0.5,-18,-9,1
"size_4_333",3188840000,4825390000,530160000,1710430000,2422470000,12677290000,50,41,95,186,3188840000,4825390000,530160000,1710430000,2422470000,12677290000,26,34,80,140,0.5,-24,-7,-15
"size_4_334",2740990000,389090000,768120000,4334610000,14253800000,22486610000,43,34,80,157,2740990000,389090000,768120000,4334610000,14253800000,22486610000,18,36,71,125,0.5,-25,2,-9
"size_4_335",2366050000,714620000,141310000,35210000,2078430000,5335620000,44,34,85,163,2366050000,714620000,141310000,35210000,2078430000,5335620000,25,36,76,137,0.5,-19,2,-9
"size_4_336",4195360000,4152890000,1487430000,990670000,538070000,11364420000,43,38,95,176,4195360000,4152890000,1487430000,990670000,538070000,11364420000,24,34,79,137,0.5,-19,-4,-16
"size_4_337",1487540000,11042810000,729690000,1759520000,1011260000,16030820000,44,33,90,167,1487540000,11042810000,729690000,1759520000,1011260000,16030820000,25,31,89,145,0.5,-19,-2,-1
"size_4_338",2493510000,651100000,63770000,9920000,11080580000,14298880000,49,37,90,176,2493510000,651100000,63770000,9920000,11080580000,14298880000,14,33,64,111,0.5,-35,-4,-26
"size_4_339",1183310000,3311230000,117870000,193930000,308860000,5115200000,36,32,79,147,1183310000,3311230000,117870000,193930000,308860000,5115200000,24,31,73,128,0.5,-12,-1,-6
"size_4_340",1615040000,2744810000,139080000,544050000,327720000,5370700000,44,38,94,176,1615040000,2744810000,139080000,544050000,327720000,5370700000,23,31,72,126,0.5,-21,-7,-22
"size_4_341",1386120000,242750000,6460000,3e+05,3399420000,5035050000,41,29,82,152,1386120000,242750000,6460000,3e+05,3399420000,5035050000,18,33,64,115,0.5,-23,4,-18
"size_4_342",8500560000,7264380000,1047700000,1310420000,414410000,18537470000,44,44,103,191,8500560000,7264380000,1047700000,1310420000,414410000,18537470000,27,31,74,132,0.5,-17,-13,-29
"size_4_343",6639020000,7672100000,1674420000,1673960000,863380000,18522880000,48,52,107,207,6639020000,7672100000,1674420000,1673960000,863380000,18522880000,33,34,90,157,0.5,-15,-18,-17
"size_4_344",1773860000,4371670000,163330000,463240000,555270000,7327370000,44,40,96,180,1773860000,4371670000,163330000,463240000,555270000,7327370000,26,34,73,133,0.5,-18,-6,-23
"size_4_345",9500640000,4298860000,741830000,3193480000,1363490000,19098300000,41,43,92,176,9500640000,4298860000,741830000,3193480000,1363490000,19098300000,25,26,75,126,0.5,-16,-17,-17
"size_4_346",9004480000,2237410000,220220000,5170000,2702440000,14169720000,46,35,89,170,9004480000,2237410000,220220000,5170000,2702440000,14169720000,20,35,77,132,0.5,-26,0,-12
"size_4_347",9483460000,6850200000,501480000,2457210000,1354040000,20646390000,44,48,105,197,9483460000,6850200000,501480000,2457210000,1354040000,20646390000,32,32,89,153,0.5,-12,-16,-16
"size_4_348",2539200000,1815830000,144820000,384570000,290850000,5175270000,42,33,83,158,2539200000,1815830000,144820000,384570000,290850000,5175270000,20,34,69,123,0.5,-22,1,-14
"size_4_349",2592030000,4566930000,202860000,509500000,8074790000,15946110000,39,38,85,162,2592030000,4566930000,202860000,509500000,8074790000,15946110000,26,20,71,117,0.5,-13,-18,-14
"size_4_350",2413350000,4235540000,474080000,843900000,448050000,8414920000,45,46,103,194,2413350000,4235540000,474080000,843900000,448050000,8414920000,30,36,87,153,0.5,-15,-10,-16
"size_4_351",1735570000,6499980000,1042110000,346300000,712220000,10336180000,49,38,102,189,1735570000,6499980000,1042110000,346300000,712220000,10336180000,28,31,95,154,0.5,-21,-7,-7
"size_4_352",6132070000,3075790000,325540000,91930000,1665850000,11291180000,44,35,82,161,6132070000,3075790000,325540000,91930000,1665850000,11291180000,23,38,81,142,0.5,-21,3,-1
"size_4_353",1142780000,2937850000,181360000,898550000,64890000,5225430000,42,32,70,144,1142780000,2937850000,181360000,898550000,64890000,5225430000,21,20,77,118,0.5,-21,-12,7
"size_4_354",6825800000,1080710000,234740000,0,2947610000,11088860000,44,39,96,179,6825800000,1080710000,234740000,0,2947610000,11088860000,28,37,79,144,0.5,-16,-2,-17
"size_4_355",5484180000,887560000,296380000,2344180000,652470000,9664770000,37,31,85,153,5484180000,887560000,296380000,2344180000,652470000,9664770000,21,19,65,105,0.5,-16,-12,-20
"size_4_356",7869310000,2424990000,311560000,2860000,5527550000,16136270000,46,45,110,201,7869310000,2424990000,311560000,2860000,5527550000,16136270000,32,47,89,168,0.5,-14,2,-21
"size_4_357",3605810000,3094790000,305250000,414530000,4468090000,11888470000,45,40,97,182,3605810000,3094790000,305250000,414530000,4468090000,11888470000,24,38,83,145,0.5,-21,-2,-14
"size_4_358",3609330000,4619660000,646470000,1055630000,150170000,10081260000,44,34,87,165,3609330000,4619660000,646470000,1055630000,150170000,10081260000,25,29,73,127,0.5,-19,-5,-14
"size_4_359",5115260000,4389350000,798500000,2149180000,94010000,12546300000,39,33,85,157,5115260000,4389350000,798500000,2149180000,94010000,12546300000,23,27,74,124,0.5,-16,-6,-11
"size_4_360",956090000,9151120000,130240000,1990670000,1918730000,14146850000,35,34,85,154,956090000,9151120000,130240000,1990670000,1918730000,14146850000,34,22,83,139,0.5,-1,-12,-2
"size_4_361",1421390000,2401220000,225920000,300320000,1021860000,5370710000,43,41,98,182,1421390000,2401220000,225920000,300320000,1021860000,5370710000,27,38,83,148,0.5,-16,-3,-15
"size_4_362",2783450000,6098560000,823800000,804960000,296050000,10806820000,45,37,93,175,2783450000,6098560000,823800000,804960000,296050000,10806820000,26,33,80,139,0.5,-19,-4,-13
"size_4_363",1050110000,1679880000,97620000,570390000,736520000,4134520000,46,42,98,186,1050110000,1679880000,97620000,570390000,736520000,4134520000,31,37,86,154,0.5,-15,-5,-12
"size_4_364",2796260000,3122340000,975900000,2094990000,1788420000,10777910000,43,41,88,172,2796260000,3122340000,975900000,2094990000,1788420000,10777910000,32,23,82,137,0.5,-11,-18,-6
"size_4_365",4566180000,3887980000,1378130000,2858680000,1141810000,13832780000,51,41,90,182,4566180000,3887980000,1378130000,2858680000,1141810000,13832780000,27,28,84,139,0.5,-24,-13,-6
"size_4_366",1526390000,4019760000,100470000,681510000,4724450000,11052580000,38,34,84,156,1526390000,4019760000,100470000,681510000,4724450000,11052580000,25,16,70,111,0.5,-13,-18,-14
"size_4_367",4590280000,53180000,5050000,135190000,9329460000,14113160000,37,32,70,139,4590280000,53180000,5050000,135190000,9329460000,14113160000,20,30,61,111,0.5,-17,-2,-9
"size_4_368",1820200000,4591500000,135020000,1506080000,5110430000,13163230000,40,33,80,153,1820200000,4591500000,135020000,1506080000,5110430000,13163230000,32,22,80,134,0.5,-8,-11,0
"size_4_369",5864970000,470880000,199260000,22860000,4103430000,10661400000,43,38,87,168,5864970000,470880000,199260000,22860000,4103430000,10661400000,24,38,81,143,0.5,-19,0,-6
"size_4_370",2280750000,4.74e+09,81210000,684970000,1314730000,9101660000,39,35,83,157,2280750000,4.74e+09,81210000,684970000,1314730000,9101660000,24,20,73,117,0.5,-15,-15,-10
"size_4_371",1338630000,348560000,114790000,1688680000,9765530000,13256190000,43,27,81,151,1338630000,348560000,114790000,1688680000,9765530000,13256190000,19,30,68,117,0.5,-24,3,-13
"size_4_372",2405990000,11836060000,751210000,452320000,1133090000,16578670000,44,37,94,175,2405990000,11836060000,751210000,452320000,1133090000,16578670000,24,26,77,127,0.5,-20,-11,-17
"size_4_373",2719530000,2970780000,2219200000,1786650000,384820000,10080980000,38,26,74,138,2719530000,2970780000,2219200000,1786650000,384820000,10080980000,21,26,77,124,0.5,-17,0,3
"size_4_374",982220000,4507840000,462350000,1501170000,1661830000,9115410000,41,34,89,164,982220000,4507840000,462350000,1501170000,1661830000,9115410000,33,24,88,145,0.5,-8,-10,-1
"size_4_375",6276180000,5775820000,1470020000,1515840000,1007540000,16045400000,44,44,101,189,6276180000,5775820000,1470020000,1515840000,1007540000,16045400000,28,34,81,143,0.5,-16,-10,-20
"size_4_376",2888920000,505230000,42340000,5580000,10391120000,13833190000,46,35,90,171,2888920000,505230000,42340000,5580000,10391120000,13833190000,21,32,67,120,0.5,-25,-3,-23
"size_4_377",2121500000,8134190000,1098860000,2475960000,2545320000,16375830000,45,35,88,168,2121500000,8134190000,1098860000,2475960000,2545320000,16375830000,26,28,82,136,0.5,-19,-7,-6
"size_4_378",3149400000,297340000,52800000,67190000,16480990000,20047720000,45,35,91,171,3149400000,297340000,52800000,67190000,16480990000,20047720000,21,33,70,124,0.5,-24,-2,-21
"size_4_379",4642200000,1535930000,714620000,984910000,5487390000,13365050000,42,44,98,184,4642200000,1535930000,714620000,984910000,5487390000,13365050000,36,26,81,143,0.5,-6,-18,-17
"size_4_380",1020020000,1953620000,1194140000,5289350000,5072360000,14529490000,43,27,70,140,1020020000,1953620000,1194140000,5289350000,5072360000,14529490000,18,30,76,124,0.5,-25,3,6
"size_4_381",5450070000,4827150000,277240000,1044230000,2845250000,14443940000,49,49,117,215,5450070000,4827150000,277240000,1044230000,2845250000,14443940000,34,32,93,159,0.5,-15,-17,-24
"size_4_382",3858270000,3459640000,791260000,1703390000,263590000,10076150000,39,29,75,143,3858270000,3459640000,791260000,1703390000,263590000,10076150000,20,25,74,119,0.5,-19,-4,-1
"size_4_383",8007660000,69070000,20030000,38640000,5591240000,13726640000,38,32,81,151,8007660000,69070000,20030000,38640000,5591240000,13726640000,20,35,68,123,0.5,-18,3,-13
"size_4_384",609660000,90220000,28400000,653180000,9415670000,10797130000,39,28,69,136,609660000,90220000,28400000,653180000,9415670000,10797130000,20,32,67,119,0.5,-19,4,-2
"size_4_385",5906030000,5712050000,583810000,919320000,951890000,14073100000,42,42,98,182,5906030000,5712050000,583810000,919320000,951890000,14073100000,28,33,85,146,0.5,-14,-9,-13
"size_4_386",1297990000,707510000,216390000,449500000,2894860000,5566250000,39,33,82,154,1297990000,707510000,216390000,449500000,2894860000,5566250000,32,21,81,134,0.5,-7,-12,-1
"size_4_387",3.972e+09,7895680000,1402240000,1624250000,1146460000,16040630000,48,39,108,195,3.972e+09,7895680000,1402240000,1624250000,1146460000,16040630000,29,33,92,154,0.5,-19,-6,-16
"size_4_388",2953800000,873020000,64380000,910120000,4213240000,9014560000,33,36,81,150,2953800000,873020000,64380000,910120000,4213240000,9014560000,20,15,62,97,0.5,-13,-21,-19
"size_4_389",4197050000,5323150000,876100000,635980000,1565290000,12597570000,39,31,70,140,4197050000,5323150000,876100000,635980000,1565290000,12597570000,25,23,73,121,0.5,-14,-8,3
"size_4_390",10450420000,1288420000,252080000,131580000,3773630000,15896130000,45,37,90,172,10450420000,1288420000,252080000,131580000,3773630000,15896130000,28,41,81,150,0.5,-17,4,-9
"size_4_391",2691360000,10189340000,867240000,779710000,4185300000,18712950000,55,49,116,220,2691360000,10189340000,867240000,779710000,4185300000,18712950000,28,35,103,166,0.5,-27,-14,-13
"size_4_392",3424160000,1998320000,285070000,1748730000,505480000,7961760000,45,42,89,176,3424160000,1998320000,285070000,1748730000,505480000,7961760000,27,25,81,133,0.5,-18,-17,-8
"size_4_393",1252180000,1225590000,249690000,11897840000,4460140000,19085440000,36,23,59,118,1252180000,1225590000,249690000,11897840000,4460140000,19085440000,11,26,57,94,0.5,-25,3,-2
"size_4_394",1833220000,3382670000,406020000,654830000,5823250000,12099990000,45,32,71,148,1833220000,3382670000,406020000,654830000,5823250000,12099990000,29,28,79,136,0.5,-16,-4,8
"size_4_395",1677780000,9937990000,276090000,384310000,5995170000,18271340000,44,38,87,169,1677780000,9937990000,276090000,384310000,5995170000,18271340000,27,20,74,121,0.5,-17,-18,-13
"size_4_396",2428750000,5029240000,61340000,615740000,956380000,9091450000,39,38,81,158,2428750000,5029240000,61340000,615740000,956380000,9091450000,27,21,68,116,0.5,-12,-17,-13
"size_4_397",7834480000,284350000,45390000,22300000,2586760000,10773280000,37,35,76,148,7834480000,284350000,45390000,22300000,2586760000,10773280000,22,34,69,125,0.5,-15,-1,-7
"size_4_398",2099380000,1416910000,126760000,679540000,4359240000,8681830000,37,40,76,153,2099380000,1416910000,126760000,679540000,4359240000,8681830000,27,25,79,131,0.5,-10,-15,3
"size_4_399",1043740000,6176820000,489150000,1505710000,115350000,9330770000,46,31,71,148,1043740000,6176820000,489150000,1505710000,115350000,9330770000,21,22,78,121,0.5,-25,-9,7
"size_4_400",706520000,5029480000,1940360000,1139280000,160800000,8976440000,45,30,76,151,706520000,5029480000,1940360000,1139280000,160800000,8976440000,28,23,79,130,0.5,-17,-7,3
"size_4_401",1676960000,518210000,38450000,704920000,4899640000,7838180000,39,40,79,158,1676960000,518210000,38450000,704920000,4899640000,7838180000,26,16,73,115,0.5,-13,-24,-6
"size_4_402",7374360000,1003430000,235390000,0,3360960000,11974140000,42,42,103,187,7374360000,1003430000,235390000,0,3360960000,11974140000,31,45,86,162,0.5,-11,3,-17
"size_4_403",647790000,3570860000,60760000,58940000,912130000,5250480000,39,33,82,154,647790000,3570860000,60760000,58940000,912130000,5250480000,30,19,85,134,0.5,-9,-14,3
"size_4_404",3513420000,1195810000,788380000,2415040000,776840000,8689490000,46,42,88,176,3513420000,1195810000,788380000,2415040000,776840000,8689490000,23,27,83,133,0.5,-23,-15,-5
"size_4_405",9268220000,202690000,24400000,41280000,4567290000,14103880000,38,29,73,140,9268220000,202690000,24400000,41280000,4567290000,14103880000,20,30,61,111,0.5,-18,1,-12
"size_4_406",2381080000,6219390000,909660000,956670000,344620000,10811420000,48,36,89,173,2381080000,6219390000,909660000,956670000,344620000,10811420000,25,34,81,140,0.5,-23,-2,-8
"size_4_407",7421490000,10179280000,977830000,3090560000,609700000,22278860000,43,46,99,188,7421490000,10179280000,977830000,3090560000,609700000,22278860000,30,33,91,154,0.5,-13,-13,-8
"size_4_408",3338360000,3682010000,931130000,1167380000,478240000,9597120000,46,45,94,185,3338360000,3682010000,931130000,1167380000,478240000,9597120000,31,29,95,155,0.5,-15,-16,1
"size_4_409",549890000,6947050000,645440000,141520000,4272900000,12556800000,45,36,86,167,549890000,6947050000,645440000,141520000,4272900000,12556800000,23,33,77,133,0.5,-22,-3,-9
"size_4_410",4440510000,3301690000,1167270000,908630000,263700000,10081800000,46,38,84,168,4440510000,3301690000,1167270000,908630000,263700000,10081800000,26,25,80,131,0.5,-20,-13,-4
"size_4_411",6851950000,3429590000,964870000,20440000,9153220000,20420070000,48,44,113,205,6851950000,3429590000,964870000,20440000,9153220000,20420070000,30,48,93,171,0.5,-18,4,-20
"size_4_412",4098880000,2462280000,908460000,1168410000,157460000,8795490000,48,41,87,176,4098880000,2462280000,908460000,1168410000,157460000,8795490000,27,26,82,135,0.5,-21,-15,-5
"size_4_413",2124550000,1629100000,364290000,602470000,449870000,5170280000,43,32,90,165,2124550000,1629100000,364290000,602470000,449870000,5170280000,24,33,75,132,0.5,-19,1,-15
"size_4_414",1210790000,17471280000,1425860000,912750000,1237120000,22257800000,49,40,102,191,1210790000,17471280000,1425860000,912750000,1237120000,22257800000,26,31,89,146,0.5,-23,-9,-13
"size_4_415",2011420000,1814390000,21630000,720420000,802860000,5370720000,38,32,77,147,2011420000,1814390000,21630000,720420000,802860000,5370720000,21,19,69,109,0.5,-17,-13,-8
"size_4_416",2145170000,2232420000,189210000,455730000,333160000,5355690000,42,36,87,165,2145170000,2232420000,189210000,455730000,333160000,5355690000,23,30,70,123,0.5,-19,-6,-17
"size_4_417",11553780000,806720000,169280000,15390000,3000490000,15545660000,42,33,80,155,11553780000,806720000,169280000,15390000,3000490000,15545660000,19,33,75,127,0.5,-23,0,-5
"size_4_418",3872030000,3059510000,717490000,1691310000,63650000,9403990000,41,30,84,155,3872030000,3059510000,717490000,1691310000,63650000,9403990000,21,28,76,125,0.5,-20,-2,-8
"size_4_419",2709650000,311320000,61060000,8600000,2295270000,5385900000,41,35,85,161,2709650000,311320000,61060000,8600000,2295270000,5385900000,23,35,74,132,0.5,-18,0,-11
"size_4_420",4045020000,3427210000,1072840000,4741120000,540500000,13826690000,50,41,89,180,4045020000,3427210000,1072840000,4741120000,540500000,13826690000,22,26,82,130,0.5,-28,-15,-7
"size_4_421",5789410000,1350730000,539110000,1480000,2405800000,10086530000,48,41,98,187,5789410000,1350730000,539110000,1480000,2405800000,10086530000,22,35,77,134,0.5,-26,-6,-21
"size_4_422",2435790000,5736220000,855350000,119070000,4193030000,13339460000,39,38,75,152,2435790000,5736220000,855350000,119070000,4193030000,13339460000,26,19,64,109,0.5,-13,-19,-11
"size_4_423",3354020000,3080810000,168250000,671470000,3453600000,10728150000,44,44,94,182,3354020000,3080810000,168250000,671470000,3453600000,10728150000,28,37,76,141,0.5,-16,-7,-18
"size_4_424",47460000,218490000,51480000,676100000,3519170000,4512700000,38,25,62,125,47460000,218490000,51480000,676100000,3519170000,4512700000,12,17,65,94,0.5,-26,-8,3
"size_4_425",617110000,7441980000,1181650000,1166420000,4092650000,14499810000,46,36,92,174,617110000,7441980000,1181650000,1166420000,4092650000,14499810000,32,28,86,146,0.5,-14,-8,-6
"size_4_426",2838060000,9393050000,1346280000,256050000,370140000,14203580000,43,34,75,152,2838060000,9393050000,1346280000,256050000,370140000,14203580000,27,24,80,131,0.5,-16,-10,5
"size_4_427",2478610000,2039510000,193720000,3.96e+08,62460000,5170300000,40,31,79,150,2478610000,2039510000,193720000,3.96e+08,62460000,5170300000,22,27,69,118,0.5,-18,-4,-10
"size_4_428",2059220000,1841900000,192060000,759240000,322910000,5175330000,43,30,85,158,2059220000,1841900000,192060000,759240000,322910000,5175330000,22,32,74,128,0.5,-21,2,-11
"size_4_429",3258050000,4980040000,149300000,309710000,2069930000,10767030000,42,45,94,181,3258050000,4980040000,149300000,309710000,2069930000,10767030000,34,28,93,155,0.5,-8,-17,-1
"size_4_430",4743810000,7035330000,996240000,802370000,4068910000,17646660000,38,41,73,152,4743810000,7035330000,996240000,802370000,4068910000,17646660000,24,15,60,99,0.5,-14,-26,-13
"size_4_431",3288390000,3462500000,206450000,1158650000,609410000,8725400000,49,45,99,193,3288390000,3462500000,206450000,1158650000,609410000,8725400000,32,40,86,158,0.5,-17,-5,-13
"size_4_432",1616780000,11550140000,758890000,1526310000,4389130000,19841250000,52,44,109,205,1616780000,11550140000,758890000,1526310000,4389130000,19841250000,28,34,97,159,0.5,-24,-10,-12
"size_4_433",6576360000,201560000,61240000,0,6998690000,13837850000,40,35,83,158,6576360000,201560000,61240000,0,6998690000,13837850000,20,30,64,114,0.5,-20,-5,-19
"size_4_434",1415450000,1948370000,327300000,1881480000,5672070000,11244670000,37,38,78,153,1415450000,1948370000,327300000,1881480000,5672070000,11244670000,26,20,71,117,0.5,-11,-18,-7
"size_4_435",11081850000,1677240000,286670000,22880000,7547980000,20616620000,45,46,111,202,11081850000,1677240000,286670000,22880000,7547980000,20616620000,31,49,91,171,0.5,-14,3,-20
"size_4_436",9364150000,124970000,75370000,32510000,4086380000,13683380000,37,34,82,153,9364150000,124970000,75370000,32510000,4086380000,13683380000,21,39,74,134,0.5,-16,5,-8
"size_4_437",694650000,45870000,9630000,0,9305360000,10055510000,24,24,63,111,694650000,45870000,9630000,0,9305360000,10055510000,16,31,50,97,0.5,-8,7,-13
"size_4_438",764580000,7274710000,1951130000,4759810000,8800510000,23550740000,49,35,88,172,764580000,7274710000,1951130000,4759810000,8800510000,23550740000,24,36,83,143,0.5,-25,1,-5
"size_4_439",2502450000,764910000,161730000,155160000,1460300000,5044550000,33,30,68,131,2502450000,764910000,161730000,155160000,1460300000,5044550000,18,13,53,84,0.5,-15,-17,-15
"size_4_440",4835080000,3941590000,624890000,801250000,129450000,10332260000,42,40,86,168,4835080000,3941590000,624890000,801250000,129450000,10332260000,27,29,76,132,0.5,-15,-11,-10
"size_4_441",3612960000,660820000,708300000,687750000,3125780000,8795610000,38,41,87,166,3612960000,660820000,708300000,687750000,3125780000,8795610000,29,24,71,124,0.5,-9,-17,-16
"size_4_442",2700480000,3778570000,147670000,406220000,3908350000,10941290000,46,45,115,206,2700480000,3778570000,147670000,406220000,3908350000,10941290000,32,27,98,157,0.5,-14,-18,-17
"size_4_443",2199110000,5388470000,617600000,535210000,185730000,8926120000,44,37,96,177,2199110000,5388470000,617600000,535210000,185730000,8926120000,27,31,78,136,0.5,-17,-6,-18
"size_4_444",4763860000,485080000,56880000,67380000,15262450000,20635650000,36,31,75,142,4763860000,485080000,56880000,67380000,15262450000,20635650000,19,31,60,110,0.5,-17,0,-15
"size_4_445",7991530000,2015850000,170700000,2110000,3759980000,13940170000,43,42,101,186,7991530000,2015850000,170700000,2110000,3759980000,13940170000,29,45,90,164,0.5,-14,3,-11
"size_4_446",330420000,1534900000,477430000,3417360000,4542310000,10302420000,45,38,90,173,330420000,1534900000,477430000,3417360000,4542310000,10302420000,30,38,97,165,0.5,-15,0,7
"size_4_447",1405640000,5594280000,447800000,334550000,2879490000,10661760000,45,44,106,195,1405640000,5594280000,447800000,334550000,2879490000,10661760000,30,29,85,144,0.5,-15,-15,-21
"size_4_448",2907600000,38420000,224080000,848030000,1147140000,5165270000,39,31,68,138,2907600000,38420000,224080000,848030000,1147140000,5165270000,19,17,65,101,0.5,-20,-14,-3
"size_4_449",3742160000,8663950000,1024170000,278020000,254430000,13962730000,48,42,102,192,3742160000,8663950000,1024170000,278020000,254430000,13962730000,30,35,91,156,0.5,-18,-7,-11
"size_4_450",6603670000,1095730000,140720000,133420000,947620000,8921160000,39,31,71,141,6603670000,1095730000,140720000,133420000,947620000,8921160000,19,29,71,119,0.5,-20,-2,0
"size_4_451",3339850000,5390060000,441190000,928360000,243080000,10342540000,48,40,98,186,3339850000,5390060000,441190000,928360000,243080000,10342540000,31,33,84,148,0.5,-17,-7,-14
"size_16_001",2400740000,20473550000,1827540000,627280000,21243580000,46572690000,47,39,96,182,2400740000,20473550000,1827540000,627280000,21243580000,46572690000,27,36,87,150,0.5,-20,-3,-9
"size_16_002",6761180000,14152280000,1082730000,2215920000,41177810000,65389920000,41,41,96,178,6761180000,14152280000,1082730000,2215920000,41177810000,65389920000,29,22,84,135,0.5,-12,-19,-12
"size_16_003",11192140000,2306730000,504630000,199140000,35091360000,4.9294e+10,53,46,112,211,11192140000,2306730000,504630000,199140000,35091360000,4.9294e+10,27,45,83,155,0.5,-26,-1,-29
"size_16_004",19484980000,13319040000,4518590000,11892800000,7239760000,56455170000,54,49,105,208,19484980000,13319040000,4518590000,11892800000,7239760000,56455170000,38,31,98,167,0.5,-16,-18,-7
"size_16_005",17080310000,110060000,41080000,40000,33626280000,50857770000,41,40,97,178,17080310000,110060000,41080000,40000,33626280000,50857770000,27,42,77,146,0.5,-14,2,-20
"size_16_006",14529880000,7045480000,606570000,4342410000,10407500000,36931840000,45,52,116,213,14529880000,7045480000,606570000,4342410000,10407500000,36931840000,34,31,100,165,0.5,-11,-21,-16
"size_16_007",36509290000,12273960000,1697110000,694720000,17603060000,68778140000,47,41,104,192,36509290000,12273960000,1697110000,694720000,17603060000,68778140000,31,44,85,160,0.5,-16,3,-19
"size_16_008",16433140000,7266680000,2048100000,4186540000,19728600000,49663060000,50,50,117,217,16433140000,7266680000,2048100000,4186540000,19728600000,49663060000,42,31,104,177,0.5,-8,-19,-13
"size_16_009",10079190000,39667130000,1325360000,4752850000,23080580000,78905110000,48,44,104,196,10079190000,39667130000,1325360000,4752850000,23080580000,78905110000,38,31,102,171,0.5,-10,-13,-2
"size_16_010",2115440000,4715160000,1486520000,25600190000,29985310000,63902620000,40,28,79,147,2115440000,4715160000,1486520000,25600190000,29985310000,63902620000,16,29,72,117,0.5,-24,1,-7
"size_16_011",16771030000,28988700000,2243710000,3641480000,3781630000,55426550000,46,46,113,205,16771030000,28988700000,2243710000,3641480000,3781630000,55426550000,32,34,96,162,0.5,-14,-12,-17
"size_16_012",25569160000,4568010000,327280000,19710000,11695850000,42180010000,46,47,114,207,25569160000,4568010000,327280000,19710000,11695850000,42180010000,31,47,92,170,0.5,-15,0,-22
"size_16_013",8831630000,17479860000,2120130000,2974570000,1000240000,32406430000,46,42,101,189,8831630000,17479860000,2120130000,2974570000,1000240000,32406430000,27,35,84,146,0.5,-19,-7,-17
"size_16_014",14152650000,21408650000,1396500000,6095290000,26162820000,69215910000,52,55,125,232,14152650000,21408650000,1396500000,6095290000,26162820000,69215910000,39,37,101,177,0.5,-13,-18,-24
"size_16_015",18479810000,16391770000,6609280000,10055980000,1098900000,52635740000,42,38,93,173,18479810000,16391770000,6609280000,10055980000,1098900000,52635740000,31,32,88,151,0.5,-11,-6,-5
"size_16_016",17851970000,8114300000,1350910000,2556470000,29462100000,59335750000,52,49,122,223,17851970000,8114300000,1350910000,2556470000,29462100000,59335750000,34,49,95,178,0.5,-18,0,-27
"size_16_017",10327340000,16896740000,1546410000,5419080000,9664380000,43853950000,52,43,103,198,10327340000,16896740000,1546410000,5419080000,9664380000,43853950000,32,39,91,162,0.5,-20,-4,-12
"size_16_018",13156950000,26848320000,2007920000,2416730000,17075510000,61505430000,42,43,93,178,13156950000,26848320000,2007920000,2416730000,17075510000,61505430000,34,24,86,144,0.5,-8,-19,-7
"size_16_019",1856460000,25831060000,6181180000,10160480000,9975670000,54004850000,51,38,95,184,1856460000,25831060000,6181180000,10160480000,9975670000,54004850000,29,40,88,157,0.5,-22,2,-7
"size_16_020",17317550000,10839480000,448700000,2.922e+09,8550830000,40078560000,50,49,105,204,17317550000,10839480000,448700000,2.922e+09,8550830000,40078560000,32,43,88,163,0.5,-18,-6,-17
"size_16_021",33344380000,10158070000,2188220000,337330000,20881030000,66909030000,47,41,101,189,33344380000,10158070000,2188220000,337330000,20881030000,66909030000,28,43,85,156,0.5,-19,2,-16
"size_16_022",18582650000,7908630000,2782100000,12974280000,9420970000,51668630000,52,47,102,201,18582650000,7908630000,2782100000,12974280000,9420970000,51668630000,30,33,90,153,0.5,-22,-14,-12
"size_16_023",11551780000,21348960000,874910000,5388520000,15673870000,54838040000,47,47,108,202,11551780000,21348960000,874910000,5388520000,15673870000,54838040000,33,27,97,157,0.5,-14,-20,-11
"size_16_024",13011620000,32730250000,4413660000,4062830000,914020000,55132380000,46,34,95,175,13011620000,32730250000,4413660000,4062830000,914020000,55132380000,28,27,90,145,0.5,-18,-7,-5
"size_16_025",20507980000,21681610000,1902200000,3123050000,22998660000,70213500000,54,51,132,237,20507980000,21681610000,1902200000,3123050000,22998660000,70213500000,43,32,121,196,0.5,-11,-19,-11
"size_16_026",4990510000,11599920000,1104630000,2748050000,633410000,21076520000,49,44,110,203,4990510000,11599920000,1104630000,2748050000,633410000,21076520000,33,38,88,159,0.5,-16,-6,-22
"size_16_027",9344970000,27465490000,2720690000,6295310000,10662010000,56488470000,48,37,99,184,9344970000,27465490000,2720690000,6295310000,10662010000,56488470000,32,30,98,160,0.5,-16,-7,-1
"size_16_028",13300970000,14008360000,1567800000,20131200000,1131050000,50139380000,47,42,99,188,13300970000,14008360000,1567800000,20131200000,1131050000,50139380000,27,31,93,151,0.5,-20,-11,-6
"size_16_029",19483190000,21164470000,5293800000,7673550000,610610000,54225620000,47,36,92,175,19483190000,21164470000,5293800000,7673550000,610610000,54225620000,30,32,90,152,0.5,-17,-4,-2
"size_16_030",18817870000,25056500000,937300000,5063670000,11971300000,61846640000,49,46,106,201,18817870000,25056500000,937300000,5063670000,11971300000,61846640000,35,30,102,167,0.5,-14,-16,-4
"size_16_031",9126970000,8560350000,998210000,1816760000,8522290000,29024580000,47,44,99,190,9126970000,8560350000,998210000,1816760000,8522290000,29024580000,26,34,81,141,0.5,-21,-10,-18
"size_16_032",26741650000,5000720000,1233140000,56580000,18520270000,51552360000,52,43,114,209,26741650000,5000720000,1233140000,56580000,18520270000,51552360000,29,41,87,157,0.5,-23,-2,-27
"size_16_033",31746770000,1288740000,358410000,34270000,19899850000,53328040000,45,46,110,201,31746770000,1288740000,358410000,34270000,19899850000,53328040000,30,50,93,173,0.5,-15,4,-17
"size_16_034",18703900000,12526920000,2611980000,3937700000,2410910000,40191410000,55,48,107,210,18703900000,12526920000,2611980000,3937700000,2410910000,40191410000,34,32,100,166,0.5,-21,-16,-7
"size_16_035",39161100000,1551380000,410920000,91150000,20519820000,61734370000,47,42,103,192,39161100000,1551380000,410920000,91150000,20519820000,61734370000,28,43,85,156,0.5,-19,1,-18
"size_16_036",36648930000,4472290000,832780000,34240000,18379370000,60367610000,51,44,108,203,36648930000,4472290000,832780000,34240000,18379370000,60367610000,24,41,91,156,0.5,-27,-3,-17
"size_16_037",31994010000,1270630000,360340000,84110000,21994230000,55703320000,42,43,94,179,31994010000,1270630000,360340000,84110000,21994230000,55703320000,26,41,81,148,0.5,-16,-2,-13
"size_16_038",5645350000,1685410000,410520000,7732960000,46619320000,62093560000,47,34,95,176,5645350000,1685410000,410520000,7732960000,46619320000,62093560000,23,42,83,148,0.5,-24,8,-12
"size_16_039",14046620000,13957480000,2294030000,3257740000,2421450000,35977320000,51,48,116,215,14046620000,13957480000,2294030000,3257740000,2421450000,35977320000,33,34,97,164,0.5,-18,-14,-19
"size_16_040",11666050000,22702900000,3524370000,5436360000,1047370000,44377050000,51,41,106,198,11666050000,22702900000,3524370000,5436360000,1047370000,44377050000,29,37,88,154,0.5,-22,-4,-18
"size_16_041",25894520000,6154860000,612270000,2520000,13270420000,45934590000,48,45,112,205,25894520000,6154860000,612270000,2520000,13270420000,45934590000,31,50,94,175,0.5,-17,5,-18
"size_16_042",23133980000,22065220000,3444180000,9427270000,3201140000,61271790000,50,49,104,203,23133980000,22065220000,3444180000,9427270000,3201140000,61271790000,30,32,92,154,0.5,-20,-17,-12
"size_16_043",2960460000,18903550000,2215370000,3003240000,20905010000,47987630000,46,38,97,181,2960460000,18903550000,2215370000,3003240000,20905010000,47987630000,33,30,93,156,0.5,-13,-8,-4
"size_16_044",3076100000,20955950000,6609850000,8590990000,20781810000,60014700000,49,40,106,195,3076100000,20955950000,6609850000,8590990000,20781810000,60014700000,34,35,99,168,0.5,-15,-5,-7
"size_16_045",5680670000,9297100000,1068630000,1576690000,460230000,18083320000,51,43,109,203,5680670000,9297100000,1068630000,1576690000,460230000,18083320000,30,36,87,153,0.5,-21,-7,-22
"size_16_046",33854300000,5158510000,917190000,530000,14955890000,54886420000,47,45,113,205,33854300000,5158510000,917190000,530000,14955890000,54886420000,33,48,91,172,0.5,-14,3,-22
"size_16_047",31742270000,2277030000,339270000,870000,11106960000,45466400000,44,42,98,184,31742270000,2277030000,339270000,870000,11106960000,45466400000,26,46,85,157,0.5,-18,4,-13
"size_16_048",4122920000,116690000,19510000,0,18753710000,23012830000,36,31,75,142,4122920000,116690000,19510000,0,18753710000,23012830000,22,37,69,128,0.5,-14,6,-6
"size_16_049",7670330000,21461580000,2518470000,3137030000,1221340000,36008750000,50,40,99,189,7670330000,21461580000,2518470000,3137030000,1221340000,36008750000,28,36,85,149,0.5,-22,-4,-14
"size_16_050",19167530000,22801840000,2298580000,9062150000,1247850000,54577950000,48,44,96,188,19167530000,22801840000,2298580000,9062150000,1247850000,54577950000,30,32,94,156,0.5,-18,-12,-2
"size_16_051",12950050000,618020000,65040000,429780000,33318940000,47381830000,46,39,97,182,12950050000,618020000,65040000,429780000,33318940000,47381830000,23,36,78,137,0.5,-23,-3,-19
"size_16_052",9816960000,28416310000,1869090000,5800760000,7256700000,53159820000,45,45,103,193,9816960000,28416310000,1869090000,5800760000,7256700000,53159820000,34,27,93,154,0.5,-11,-18,-10
"size_16_053",12745470000,13283760000,1029650000,2103560000,21687700000,50850140000,49,50,112,211,12745470000,13283760000,1029650000,2103560000,21687700000,50850140000,32,44,94,170,0.5,-17,-6,-18
"size_16_054",8731130000,4140260000,378360000,3501980000,14380900000,31132630000,42,48,104,194,8731130000,4140260000,378360000,3501980000,14380900000,31132630000,30,28,90,148,0.5,-12,-20,-14
"size_16_055",10178370000,13144330000,1793690000,1992800000,919940000,28029130000,47,41,104,192,10178370000,13144330000,1793690000,1992800000,919940000,28029130000,26,33,83,142,0.5,-21,-8,-21
"size_16_056",13760390000,24352750000,1823360000,8051720000,2127750000,50115970000,49,47,98,194,13760390000,24352750000,1823360000,8051720000,2127750000,50115970000,36,24,98,158,0.5,-13,-23,0
"size_16_057",16004500000,29457670000,2110450000,3883830000,12485310000,63941760000,59,59,134,252,16004500000,29457670000,2110450000,3883830000,12485310000,63941760000,41,36,113,190,0.5,-18,-23,-21
"size_16_058",13001220000,21177660000,3479920000,3800270000,1401880000,42860950000,49,45,104,198,13001220000,21177660000,3479920000,3800270000,1401880000,42860950000,33,34,89,156,0.5,-16,-11,-15
"size_16_059",15950170000,23548110000,2061830000,1076230000,12504350000,55140690000,43,43,111,197,15950170000,23548110000,2061830000,1076230000,12504350000,55140690000,40,30,97,167,0.5,-3,-13,-14
"size_16_060",14060770000,16799600000,3508950000,2442780000,10908190000,47720290000,47,49,109,205,14060770000,16799600000,3508950000,2442780000,10908190000,47720290000,36,36,100,172,0.5,-11,-13,-9
"size_16_061",4245570000,19080160000,4616380000,13547250000,12172710000,53662070000,49,45,106,200,4245570000,19080160000,4616380000,13547250000,12172710000,53662070000,40,44,108,192,0.5,-9,-1,2
"size_16_062",17116970000,14628290000,2687500000,7267520000,11029020000,52729300000,53,52,123,228,17116970000,14628290000,2687500000,7267520000,11029020000,52729300000,45,34,115,194,0.5,-8,-18,-8
"size_16_063",13439790000,2575150000,354560000,35920000,48370450000,64775870000,51,44,110,205,13439790000,2575150000,354560000,35920000,48370450000,64775870000,26,41,79,146,0.5,-25,-3,-31
"size_16_064",7038460000,13532120000,876840000,1641030000,4130600000,27219050000,49,45,115,209,7038460000,13532120000,876840000,1641030000,4130600000,27219050000,33,36,88,157,0.5,-16,-9,-27
"size_16_065",14168330000,12709250000,1785270000,2197910000,989130000,31849890000,47,47,106,200,14168330000,12709250000,1785270000,2197910000,989130000,31849890000,30,36,89,155,0.5,-17,-11,-17
"size_16_066",7424280000,18044670000,2108060000,5245030000,1547790000,34369830000,47,46,112,205,7424280000,18044670000,2108060000,5245030000,1547790000,34369830000,32,37,98,167,0.5,-15,-9,-14
"size_16_067",2922080000,9627380000,3891320000,19299370000,19039480000,54779630000,50,33,88,171,2922080000,9627380000,3891320000,19299370000,19039480000,54779630000,28,37,87,152,0.5,-22,4,-1
"size_16_068",21244610000,9300830000,1316320000,7650000,10971280000,42840690000,50,46,115,211,21244610000,9300830000,1316320000,7650000,10971280000,42840690000,32,49,93,174,0.5,-18,3,-22
"size_16_069",39158200000,1226810000,207360000,85100000,20623440000,61300910000,44,41,101,186,39158200000,1226810000,207360000,85100000,20623440000,61300910000,27,45,80,152,0.5,-17,4,-21
"size_16_070",16876790000,32087340000,1856850000,9021940000,22190480000,82033400000,49,44,109,202,16876790000,32087340000,1856850000,9021940000,22190480000,82033400000,39,28,104,171,0.5,-10,-16,-5
"size_16_071",26826940000,75370000,114320000,129700000,24299590000,51445920000,39,37,89,165,26826940000,75370000,114320000,129700000,24299590000,51445920000,23,39,80,142,0.5,-16,2,-9
"size_16_072",13454300000,26710850000,3594470000,1989500000,10162160000,55911280000,48,50,114,212,13454300000,26710850000,3594470000,1989500000,10162160000,55911280000,41,34,101,176,0.5,-7,-16,-13
"size_16_073",16360100000,17385600000,1554400000,6181300000,11269360000,52750760000,49,47,105,201,16360100000,17385600000,1554400000,6181300000,11269360000,52750760000,32,29,101,162,0.5,-17,-18,-4
"size_16_074",26554900000,22904310000,2165790000,5709100000,13792100000,71126200000,57,58,132,247,26554900000,22904310000,2165790000,5709100000,13792100000,71126200000,41,40,109,190,0.5,-16,-18,-23
"size_16_075",6059790000,28705620000,3074580000,16406560000,5843460000,60090010000,50,38,106,194,6059790000,28705620000,3074580000,16406560000,5843460000,60090010000,32,31,100,163,0.5,-18,-7,-6
"size_16_076",1569260000,8258440000,1623730000,9039220000,23444580000,43935230000,46,36,95,177,1569260000,8258440000,1623730000,9039220000,23444580000,43935230000,30,35,85,150,0.5,-16,-1,-10
"size_16_077",14270180000,14150910000,4019260000,3602250000,2397080000,38439680000,48,51,109,208,14270180000,14150910000,4019260000,3602250000,2397080000,38439680000,34,34,90,158,0.5,-14,-17,-19
"size_16_078",10179730000,18942160000,2373190000,3064070000,1445530000,36004680000,47,43,102,192,10179730000,18942160000,2373190000,3064070000,1445530000,36004680000,28,35,83,146,0.5,-19,-8,-19
"size_16_079",7383450000,22535420000,10519100000,7577410000,7413450000,55428830000,50,42,104,196,7383450000,22535420000,10519100000,7577410000,7413450000,55428830000,42,44,108,194,0.5,-8,2,4
"size_16_080",12553060000,28615090000,1814350000,1552360000,32667980000,77202840000,45,43,94,182,12553060000,28615090000,1814350000,1552360000,32667980000,77202840000,30,19,84,133,0.5,-15,-24,-10
"size_16_081",5374660000,19306090000,812410000,1702620000,20335150000,47530930000,47,41,106,194,5374660000,19306090000,812410000,1702620000,20335150000,47530930000,37,30,100,167,0.5,-10,-11,-6
"size_16_082",12857560000,16470720000,1799900000,2211790000,2176150000,35516120000,47,46,108,201,12857560000,16470720000,1799900000,2211790000,2176150000,35516120000,31,35,94,160,0.5,-16,-11,-14
"size_16_083",9647760000,35818180000,6274050000,6561520000,3367480000,61668990000,51,41,104,196,9647760000,35818180000,6274050000,6561520000,3367480000,61668990000,36,32,98,166,0.5,-15,-9,-6
"size_16_084",10934800000,21832420000,2491620000,1927680000,846330000,38032850000,54,50,110,214,10934800000,21832420000,2491620000,1927680000,846330000,38032850000,34,36,98,168,0.5,-20,-14,-12
"size_16_085",3273460000,5166210000,889020000,27700710000,26298620000,63328020000,44,28,71,143,3273460000,5166210000,889020000,27700710000,26298620000,63328020000,15,30,64,109,0.5,-29,2,-7
"size_16_086",25640170000,10951930000,2153060000,1198070000,29548570000,69491800000,49,43,110,202,25640170000,10951930000,2153060000,1198070000,29548570000,69491800000,33,44,88,165,0.5,-16,1,-22
"size_16_087",11293760000,14395880000,1130150000,5309660000,1815780000,33945230000,50,48,108,206,11293760000,14395880000,1130150000,5309660000,1815780000,33945230000,34,40,89,163,0.5,-16,-8,-19
"size_16_088",15815850000,1495690000,81900000,191220000,31638510000,49223170000,45,37,97,179,15815850000,1495690000,81900000,191220000,31638510000,49223170000,27,40,86,153,0.5,-18,3,-11
"size_16_089",11715280000,17683730000,1498710000,2373690000,1632680000,34904090000,45,39,95,179,11715280000,17683730000,1498710000,2373690000,1632680000,34904090000,27,35,83,145,0.5,-18,-4,-12
"size_16_090",6210380000,676710000,79030000,128430000,24223410000,31317960000,39,35,83,157,6210380000,676710000,79030000,128430000,24223410000,31317960000,21,36,68,125,0.5,-18,1,-15
"size_16_091",10144270000,15626260000,1072340000,1904200000,2282210000,31029280000,50,44,105,199,10144270000,15626260000,1072340000,1904200000,2282210000,31029280000,34,41,93,168,0.5,-16,-3,-12
"size_16_092",14384730000,48873610000,4736240000,6387090000,11851320000,86232990000,63,57,136,256,14384730000,48873610000,4736240000,6387090000,11851320000,86232990000,38,40,111,189,0.5,-25,-17,-25
"size_16_093",1.6589e+10,19121550000,2451460000,7552400000,1184890000,46899300000,52,44,104,200,1.6589e+10,19121550000,2451460000,7552400000,1184890000,46899300000,35,32,94,161,0.5,-17,-12,-10
"size_16_094",12033930000,355110000,57190000,812490000,36239630000,49498350000,45,37,93,175,12033930000,355110000,57190000,812490000,36239630000,49498350000,21,35,72,128,0.5,-24,-2,-21
"size_16_095",8961870000,21027700000,1523010000,2333660000,16658510000,50504750000,41,41,100,182,8961870000,21027700000,1523010000,2333660000,16658510000,50504750000,36,25,93,154,0.5,-5,-16,-7
"size_16_096",8299510000,16128200000,884730000,2146860000,6962260000,34421560000,52,46,107,205,8299510000,16128200000,884730000,2146860000,6962260000,34421560000,34,41,95,170,0.5,-18,-5,-12
"size_16_097",4042820000,16176140000,2778870000,8741250000,15752710000,47491790000,51,41,106,198,4042820000,16176140000,2778870000,8741250000,15752710000,47491790000,29,39,92,160,0.5,-22,-2,-14
"size_16_098",13363500000,15933550000,2828700000,6266610000,1160850000,39553210000,46,37,96,179,13363500000,15933550000,2828700000,6266610000,1160850000,39553210000,30,33,87,150,0.5,-16,-4,-9
"size_16_099",18458390000,15805730000,4069450000,1.2004e+10,8090600000,58428170000,54,49,111,214,18458390000,15805730000,4069450000,1.2004e+10,8090600000,58428170000,41,31,108,180,0.5,-13,-18,-3
"size_16_100",18893420000,16571410000,1802970000,8251160000,1.906e+09,47424960000,45,49,104,198,18893420000,16571410000,1802970000,8251160000,1.906e+09,47424960000,30,34,93,157,0.5,-15,-15,-11
"size_16_101",38549470000,286800000,133110000,29160000,18686720000,57685260000,40,36,98,174,38549470000,286800000,133110000,29160000,18686720000,57685260000,24,47,83,154,0.5,-16,11,-15
"size_16_102",7984660000,23918550000,3385840000,2578120000,2879520000,40746690000,51,43,107,201,7984660000,23918550000,3385840000,2578120000,2879520000,40746690000,31,36,100,167,0.5,-20,-7,-7
"size_16_103",13328170000,14015930000,3555420000,4602830000,1736390000,37238740000,50,39,100,189,13328170000,14015930000,3555420000,4602830000,1736390000,37238740000,30,36,90,156,0.5,-20,-3,-10
"size_16_104",13394480000,3047960000,238210000,2690000,35112390000,51795730000,49,40,102,191,13394480000,3047960000,238210000,2690000,35112390000,51795730000,25,40,85,150,0.5,-24,0,-17
"size_16_105",5509280000,6769620000,2962360000,18818290000,29588720000,63648270000,52,38,89,179,5509280000,6769620000,2962360000,18818290000,29588720000,63648270000,30,36,89,155,0.5,-22,-2,0
"size_16_106",13638630000,16383380000,799690000,4511780000,6095200000,41428680000,49,46,110,205,13638630000,16383380000,799690000,4511780000,6095200000,41428680000,34,43,97,174,0.5,-15,-3,-13
"size_16_107",11638710000,17710580000,1068030000,1603580000,2597540000,34618440000,47,47,103,197,11638710000,17710580000,1068030000,1603580000,2597540000,34618440000,30,31,86,147,0.5,-17,-16,-17
"size_16_108",6954240000,31051270000,556850000,10135460000,17007250000,65705070000,44,46,105,195,6954240000,31051270000,556850000,10135460000,17007250000,65705070000,38,27,97,162,0.5,-6,-19,-8
"size_16_109",21167790000,8413560000,1793440000,5078900000,8426560000,44880250000,51,52,121,224,21167790000,8413560000,1793440000,5078900000,8426560000,44880250000,44,34,107,185,0.5,-7,-18,-14
"size_16_110",19879190000,15738490000,4185530000,8830850000,1125490000,49759550000,47,39,93,179,19879190000,15738490000,4185530000,8830850000,1125490000,49759550000,32,29,89,150,0.5,-15,-10,-4
"size_16_111",17057170000,20722880000,1907050000,2215260000,34227500000,76129860000,44,40,105,189,17057170000,20722880000,1907050000,2215260000,34227500000,76129860000,34,23,91,148,0.5,-10,-17,-14
"size_16_112",3866400000,33138490000,2389120000,2848960000,2820960000,45063930000,51,41,104,196,3866400000,33138490000,2389120000,2848960000,2820960000,45063930000,26,33,94,153,0.5,-25,-8,-10
"size_64_001",63602080000,113150760000,9471620000,1.8924e+10,14458630000,219607090000,55,53,128,236,63602080000,113150760000,9471620000,1.8924e+10,14458630000,219607090000,36,37,108,181,0.5,-19,-16,-20
"size_64_002",42662700000,60483140000,4527250000,11818220000,31257330000,150748640000,62,61,137,260,42662700000,60483140000,4527250000,11818220000,31257330000,150748640000,43,40,115,198,0.5,-19,-21,-22
"size_64_003",66169280000,64715940000,14559710000,35843530000,9236170000,190524630000,56,53,116,225,66169280000,64715940000,14559710000,35843530000,9236170000,190524630000,41,38,107,186,0.5,-15,-15,-9
"size_64_004",64625960000,87487960000,13239400000,16127930000,8.167e+09,189648250000,56,54,123,233,64625960000,87487960000,13239400000,16127930000,8.167e+09,189648250000,38,39,105,182,0.5,-18,-15,-18
"size_64_005",39737840000,81039960000,22163390000,40086830000,36620350000,219648370000,54,54,123,231,39737840000,81039960000,22163390000,40086830000,36620350000,219648370000,48,48,118,214,0.5,-6,-6,-5
"size_64_006",66190610000,95237270000,12961620000,21151370000,16449640000,211990510000,55,50,119,224,66190610000,95237270000,12961620000,21151370000,16449640000,211990510000,39,41,101,181,0.5,-16,-9,-18
"size_64_007",8910200000,58716250000,16899190000,45592130000,65814280000,195932050000,58,45,117,220,8910200000,58716250000,16899190000,45592130000,65814280000,195932050000,38,42,109,189,0.5,-20,-3,-8
"size_64_008",62046990000,174711990000,8605370000,27537870000,125316020000,398218240000,56,53,134,243,62046990000,174711990000,8605370000,27537870000,125316020000,398218240000,45,40,123,208,0.5,-11,-13,-11
"size_64_009",144390440000,26995600000,4128400000,37760000,74759970000,250312170000,53,51,127,231,144390440000,26995600000,4128400000,37760000,74759970000,250312170000,34,55,103,192,0.5,-19,4,-24
"size_64_010",16075010000,26943490000,1832230000,6110880000,63234880000,114196490000,44,53,122,219,16075010000,26943490000,1832230000,6110880000,63234880000,114196490000,34,27,91,152,0.5,-10,-26,-31
"size_64_011",14600590000,51707500000,4232060000,5234480000,18358040000,94132670000,63,56,139,258,14600590000,51707500000,4232060000,5234480000,18358040000,94132670000,35,40,117,192,0.5,-28,-16,-22
"size_64_012",66400200000,100392370000,21605570000,33098880000,6494760000,227991780000,55,54,122,231,66400200000,100392370000,21605570000,33098880000,6494760000,227991780000,44,42,111,197,0.5,-11,-12,-11
"size_64_013",49092450000,6184460000,694790000,279680000,99872680000,156124060000,54,45,116,215,49092450000,6184460000,694790000,279680000,99872680000,156124060000,28,47,95,170,0.5,-26,2,-21
"size_64_014",74074600000,74587420000,10527300000,44328590000,34959430000,238477340000,60,56,138,254,74074600000,74587420000,10527300000,44328590000,34959430000,238477340000,49,40,128,217,0.5,-11,-16,-10
"size_64_015",44499780000,79179920000,6780300000,15195480000,16959540000,162615020000,53,49,129,231,44499780000,79179920000,6780300000,15195480000,16959540000,162615020000,39,44,105,188,0.5,-14,-5,-24
"size_64_016",107609850000,3888400000,703070000,1382320000,127784290000,241367930000,50,48,116,214,107609850000,3888400000,703070000,1382320000,127784290000,241367930000,29,49,91,169,0.5,-21,1,-25
"size_64_017",53167490000,10489670000,2132800000,263210000,84732330000,150785500000,56,47,126,229,53167490000,10489670000,2132800000,263210000,84732330000,150785500000,30,46,90,166,0.5,-26,-1,-36
"size_64_018",16584110000,20939240000,6018070000,78541480000,166389790000,288472690000,54,41,105,200,16584110000,20939240000,6018070000,78541480000,166389790000,288472690000,36,47,103,186,0.5,-18,6,-2
"size_64_019",71225380000,113646460000,7175340000,26474480000,79353270000,297874930000,62,55,139,256,71225380000,113646460000,7175340000,26474480000,79353270000,297874930000,45,38,135,218,0.5,-17,-17,-4
"size_64_020",34022300000,65998860000,5182160000,8966500000,99391010000,213560830000,49,52,115,216,34022300000,65998860000,5182160000,8966500000,99391010000,213560830000,39,33,111,183,0.5,-10,-19,-4
"size_64_021",42619280000,43808250000,6517210000,20538790000,5325620000,118809150000,53,52,118,223,42619280000,43808250000,6517210000,20538790000,5325620000,118809150000,33,36,99,168,0.5,-20,-16,-19
"size_64_022",61423990000,67744460000,11738990000,18151420000,66831150000,225890010000,58,59,138,255,61423990000,67744460000,11738990000,18151420000,66831150000,225890010000,52,38,125,215,0.5,-6,-21,-13
"size_64_023",88184790000,16572950000,3157660000,587300000,51579270000,160081970000,53,46,114,213,88184790000,16572950000,3157660000,587300000,51579270000,160081970000,32,45,95,172,0.5,-21,-1,-19
"size_64_024",82335910000,75229780000,10216090000,18550010000,22242100000,208573890000,65,61,144,270,82335910000,75229780000,10216090000,18550010000,22242100000,208573890000,50,40,122,212,0.5,-15,-21,-22
"size_64_025",5.7906e+10,52676510000,3324650000,12529350000,61773710000,188210220000,56,52,129,237,5.7906e+10,52676510000,3324650000,12529350000,61773710000,188210220000,40,49,104,193,0.5,-16,-3,-25
"size_64_026",27470250000,100056830000,10849880000,32069860000,49432830000,219879650000,54,45,121,220,27470250000,100056830000,10849880000,32069860000,49432830000,219879650000,38,37,111,186,0.5,-16,-8,-10
"size_64_027",119682680000,1963500000,565870000,1138860000,159181090000,2.82532e+11,51,50,121,222,119682680000,1963500000,565870000,1138860000,159181090000,2.82532e+11,31,57,100,188,0.5,-20,7,-21
"size_64_028",50463790000,53390040000,6609830000,4347700000,94149710000,208961070000,53,47,125,225,50463790000,53390040000,6609830000,4347700000,94149710000,208961070000,38,44,100,182,0.5,-15,-3,-25
"size_256_001",317081900000,348757570000,69726100000,150627520000,141076460000,1027269550000,69,68,163,300,317081900000,348757570000,69726100000,150627520000,141076460000,1027269550000,64,56,162,282,0.5,-5,-12,-1
"size_256_002",228918450000,332404750000,40021790000,68533360000,120115360000,789993710000,63,61,148,272,228918450000,332404750000,40021790000,68533360000,120115360000,789993710000,47,50,128,225,0.5,-16,-11,-20
"size_256_003",273287950000,428764640000,39497560000,87643610000,319115610000,1148309370000,71,67,160,298,273287950000,428764640000,39497560000,87643610000,319115610000,1148309370000,52,46,141,239,0.5,-19,-21,-19
"size_256_004",45442160000,179718240000,42957840000,158135640000,303715060000,729968940000,66,55,147,268,45442160000,179718240000,42957840000,158135640000,303715060000,729968940000,53,63,140,256,0.5,-13,8,-7
"size_256_005",227629860000,85623790000,12630700000,8029660000,316414860000,650328870000,62,54,145,261,227629860000,85623790000,12630700000,8029660000,316414860000,650328870000,41,53,117,211,0.5,-21,-1,-28
"size_256_006",160615010000,332926950000,20258170000,68306130000,235890920000,817997180000,65,61,156,282,160615010000,332926950000,20258170000,68306130000,235890920000,817997180000,49,44,147,240,0.5,-16,-17,-9
"size_256_007",389106510000,41598560000,6286290000,4833950000,405909310000,847734620000,60,59,149,268,389106510000,41598560000,6286290000,4833950000,405909310000,847734620000,40,63,118,221,0.5,-20,4,-31
"size_1024_001",1596762660000,1695128470000,218143230000,526381830000,1963679440000,6000095630000,93,90,236,419,1596762660000,1695128470000,218143230000,526381830000,1963679440000,6000095630000,81,88,223,392,0.5,-12,-2,-13
