Natural,Human_dominated,Area_Total,natural_sp,human_dominated_sp,Sp_Total
1846330000,643810000,2490140000,7,106,113
1836300000,361740000,2198040000,11,98,109
1326200000,1173800000,2500000000,8,115,123
1764060000,735940000,2500000000,7,100,107
2007800000,492200000,2500000000,11,115,126
665710000,1834290000,2500000000,7,104,111
2073890000,426110000,2500000000,9,104,113
673510000,1826490000,2500000000,9,111,120
588340000,1911660000,2500000000,9,109,118
1321750000,1178250000,2500000000,11,105,116
1055120000,1444880000,2500000000,11,111,122
1990770000,509230000,2500000000,9,94,103
1492240000,1007760000,2500000000,9,112,121
1686460000,813540000,2500000000,9,104,113
2251430000,248570000,2500000000,8,96,104
2050080000,449920000,2500000000,11,118,129
1920130000,579870000,2500000000,17,109,126
1712810000,787190000,2500000000,13,117,130
659240000,1840760000,2500000000,10,107,117
1169760000,1330240000,2500000000,11,120,131
480830000,2019170000,2500000000,6,107,113
687010000,1812990000,2500000000,14,129,143
1687980000,812020000,2500000000,10,110,120
1552900000,947100000,2500000000,17,130,147
1645260000,854740000,2500000000,22,133,155
1634500000,104830000,1739330000,13,115,128
1718880000,781120000,2500000000,19,114,133
1674690000,825310000,2500000000,4,82,86
889460000,1610540000,2500000000,11,106,117
1582200000,917800000,2500000000,16,121,137
521720000,1978280000,2500000000,14,124,138
1168470000,1331530000,2500000000,14,126,140
2140990000,128920000,2269910000,6,67,73
1903500000,481220000,2384720000,5,89,94
1535960000,964040000,2500000000,9,78,87
2000870000,499130000,2500000000,9,87,96
1864400000,635600000,2500000000,12,97,109
1812670000,687330000,2500000000,9,101,110
1916030000,583970000,2500000000,10,107,117
2123670000,376330000,2500000000,11,118,129
1731290000,768710000,2500000000,7,95,102
1862220000,637780000,2500000000,9,98,107
1743070000,756930000,2500000000,6,86,92
1857680000,642320000,2500000000,9,98,107
1949690000,550310000,2500000000,16,129,145
1590750000,909250000,2500000000,9,93,102
1731550000,768450000,2500000000,7,100,107
1537500000,962500000,2500000000,14,117,131
1660140000,839860000,2500000000,19,129,148
2054380000,445620000,2500000000,11,115,126
1703840000,796160000,2500000000,12,122,134
1559980000,940020000,2500000000,13,121,134
1735610000,764390000,2500000000,9,98,107
2200310000,299690000,2500000000,13,113,126
2185580000,314420000,2500000000,6,86,92
1853810000,646190000,2500000000,21,125,146
1390050000,1109950000,2500000000,17,116,133
1132470000,1367530000,2500000000,21,137,158
1877780000,622220000,2500000000,14,117,131
2110910000,389090000,2500000000,16,90,106
2024540000,475460000,2500000000,11,110,121
1754620000,85420000,1840040000,22,85,107
2074380000,262770000,2337150000,21,83,104
2035640000,464360000,2500000000,23,92,115
2348590000,151410000,2500000000,14,71,85
1514510000,985490000,2500000000,13,63,76
1965200000,534800000,2500000000,19,87,106
2435620000,57590000,2493210000,22,75,97
1955030000,544970000,2500000000,16,86,102
2302580000,133230000,2435810000,28,88,116
2004110000,495890000,2500000000,18,86,104
1614020000,885980000,2500000000,13,89,102
1469400000,1030600000,2500000000,15,92,107
2232160000,105910000,2338070000,26,92,118
442170000,2057830000,2500000000,17,80,97
1149350000,1350650000,2500000000,11,70,81
1383210000,1096390000,2479600000,15,80,95
357920000,2142080000,2500000000,10,80,90
610510000,1889490000,2500000000,7,79,86
489270000,2010730000,2500000000,6,84,90
616760000,1883240000,2500000000,12,88,100
529580000,1970420000,2500000000,8,80,88
366870000,2133130000,2500000000,19,85,104
1878200000,571530000,2449730000,19,93,112
1864400000,635600000,2500000000,20,90,110
1040730000,1459270000,2500000000,19,122,141
1190680000,1309320000,2500000000,20,92,112
936800000,1563200000,2500000000,17,87,104
530870000,1969130000,2500000000,6,90,96
571770000,1928230000,2500000000,21,88,109
2440490000,59510000,2500000000,28,86,114
964640000,1535360000,2500000000,20,134,154
751160000,1748840000,2500000000,13,102,115
1543620000,956380000,2500000000,18,117,135
840490000,1659510000,2500000000,17,127,144
1256080000,1243920000,2500000000,19,133,152
1365120000,1134880000,2500000000,13,114,127
1952430000,121860000,2074290000,12,87,99
1544910000,955090000,2500000000,15,125,140
95550000,2404450000,2500000000,16,108,124
541700000,1958300000,2500000000,17,117,134
1306910000,1193090000,2500000000,13,91,104
1776590000,723410000,2500000000,16,107,123
1582660000,917340000,2500000000,15,121,136
580230000,1919770000,2500000000,16,121,137
1936370000,563630000,2500000000,14,117,131
1900120000,599880000,2500000000,16,109,125
561120000,1938880000,2500000000,10,95,105
453900000,2046100000,2500000000,13,111,124
1018480000,1481520000,2500000000,16,112,128
1595750000,904250000,2500000000,15,107,122
749900000,1750100000,2500000000,14,110,124
520720000,1979280000,2500000000,12,111,123
2031680000,468320000,2500000000,23,113,136
1422430000,1077570000,2500000000,16,108,124
1830940000,669060000,2500000000,12,94,106
1158210000,1341790000,2500000000,13,90,103
1216110000,1283890000,2500000000,13,103,116
2211050000,288950000,2500000000,19,101,120
1203690000,1296310000,2500000000,23,108,131
1296010000,1203990000,2500000000,14,92,106
851850000,1648150000,2500000000,23,127,150
1219300000,1280700000,2500000000,12,101,113
1588220000,911780000,2500000000,15,104,119
1845610000,654390000,2500000000,14,98,112
2160380000,339620000,2500000000,14,96,110
2066980000,433020000,2500000000,16,113,129
1630310000,869690000,2500000000,14,106,120
1302420000,1197580000,2500000000,22,125,147
1202800000,1297200000,2500000000,20,116,136
1606280000,893720000,2500000000,19,127,146
1845380000,654620000,2500000000,20,129,149
623360000,1876640000,2500000000,17,140,157
1326620000,1173380000,2500000000,15,134,149
2006540000,493460000,2500000000,17,131,148
2113840000,386160000,2500000000,20,129,149
321210000,2178790000,2500000000,10,125,135
561010000,1938990000,2500000000,16,123,139
1107080000,1392920000,2500000000,10,112,122
1042950000,1457050000,2500000000,17,129,146
110460000,2389540000,2500000000,12,111,123
219710000,2280290000,2500000000,12,120,132
271140000,2228860000,2500000000,16,124,140
638110000,1861890000,2500000000,13,124,137
2356410000,143590000,2500000000,18,111,129
1488070000,1011930000,2500000000,16,129,145
2286380000,213620000,2500000000,19,116,135
1105360000,1394640000,2500000000,23,126,149
1934490000,305310000,2239800000,7,93,100
1566760000,113370000,1680130000,9,102,111
1009410000,1490590000,2500000000,22,128,150
1253060000,1246940000,2500000000,14,114,128
2094930000,405070000,2500000000,20,133,153
1747490000,752510000,2500000000,16,115,131
1415710000,1084290000,2500000000,21,124,145
551220000,1948780000,2500000000,15,121,136
543120000,1956880000,2500000000,17,117,134
1945660000,554340000,2500000000,18,128,146
1446130000,1053870000,2500000000,20,128,148
1907420000,592580000,2500000000,17,115,132
1704060000,795940000,2500000000,17,124,141
1884600000,615400000,2500000000,14,118,132
1646720000,853280000,2500000000,19,129,148
1874630000,123370000,1998000000,11,102,113
1827280000,667650000,2494930000,18,119,137
1209180000,1290820000,2500000000,15,114,129
2027250000,472750000,2500000000,16,114,130
1378240000,1121760000,2500000000,15,108,123
1613400000,886600000,2500000000,16,113,129
2041180000,458820000,2500000000,12,101,113
1988400000,511600000,2500000000,19,131,150
1906060000,593940000,2500000000,16,127,143
1220540000,1279460000,2500000000,22,144,166
1427010000,1072990000,2500000000,17,118,135
1907840000,592160000,2500000000,13,118,131
1088870000,1411130000,2500000000,21,136,157
1899120000,600880000,2500000000,16,126,142
1333010000,1166990000,2500000000,21,143,164
1461890000,1038110000,2500000000,15,125,140
1003030000,1496970000,2500000000,19,131,150
1979250000,136800000,2116050000,12,110,122
420560000,2079440000,2500000000,16,125,141
856990000,1643010000,2500000000,14,128,142
1624180000,875820000,2500000000,12,97,109
976540000,1523460000,2500000000,18,113,131
849330000,1650670000,2500000000,21,134,155
1051970000,1448030000,2500000000,20,125,145
1277270000,1222730000,2500000000,19,131,150
1969350000,530650000,2500000000,24,131,155
1526590000,973410000,2500000000,24,136,160
1713270000,786730000,2500000000,21,125,146
2203440000,296560000,2500000000,20,123,143
2123450000,67450000,2190900000,5,98,103
1675820000,790920000,2466740000,13,118,131
2022910000,477090000,2500000000,5,98,103
749690000,1750310000,2500000000,13,115,128
1704880000,39820000,1744700000,7,101,108
1822810000,64650000,1887460000,9,97,106
1525190000,974810000,2500000000,11,127,138
1955030000,220650000,2175680000,12,125,137
1555340000,32110000,1587450000,6,99,105
439680000,2060320000,2500000000,13,131,144
1096200000,1403800000,2500000000,10,117,127
201110000,2298890000,2500000000,13,127,140
1525610000,974390000,2500000000,18,139,157
232950000,2267050000,2500000000,8,122,130
209470000,2290530000,2500000000,11,124,135
221930000,2278070000,2500000000,14,123,137
192980000,2307020000,2500000000,16,132,148
232980000,2267020000,2500000000,13,127,140
193870000,2306130000,2500000000,11,118,129
2034940000,465060000,2500000000,16,109,125
837150000,1662850000,2500000000,19,105,124
1334830000,1165170000,2500000000,27,151,178
758210000,1741790000,2500000000,21,121,142
1488270000,1011730000,2500000000,21,126,147
2290000000,210000000,2500000000,26,126,152
600300000,1899700000,2500000000,9,100,109
1626640000,873360000,2500000000,7,99,106
304030000,2195970000,2500000000,10,123,133
793480000,1706520000,2500000000,8,111,119
329390000,2170610000,2500000000,8,115,123
705090000,1794910000,2500000000,13,130,143
634560000,1865440000,2500000000,13,133,146
1894920000,605080000,2500000000,15,91,106
1357180000,1142820000,2500000000,18,106,124
1485910000,754620000,2240530000,16,95,111
1522680000,262760000,1785440000,14,86,100
1882810000,461840000,2344650000,21,107,128
1734610000,765390000,2500000000,16,81,97
1424820000,1074850000,2499670000,17,78,95
2385610000,114390000,2500000000,19,82,101
1971080000,528920000,2500000000,16,99,115
2090170000,409830000,2500000000,29,108,137
1699740000,800260000,2500000000,19,105,124
2146000000,351650000,2497650000,14,112,126
1596270000,902710000,2498980000,20,112,132
1740790000,759210000,2500000000,8,85,93
590780000,1909220000,2500000000,17,98,115
1409590000,1090410000,2500000000,11,106,117
695760000,1804240000,2500000000,11,113,124
903120000,1596880000,2500000000,16,114,130
1431030000,1068970000,2500000000,15,110,125
1248240000,1251760000,2500000000,12,104,116
1536980000,963020000,2500000000,10,112,122
1702510000,797490000,2500000000,23,117,140
2210870000,288100000,2498970000,17,108,125
1345040000,1154960000,2500000000,12,104,116
1443570000,1056430000,2500000000,12,107,119
1770840000,486660000,2257500000,11,103,114
1651650000,848350000,2500000000,26,116,142
1187930000,1312070000,2500000000,15,109,124
1886440000,613560000,2500000000,30,129,159
668680000,1831320000,2500000000,10,98,108
1798700000,701300000,2500000000,9,90,99
1246710000,1253290000,2500000000,25,110,135
1592660000,907340000,2500000000,17,107,124
822700000,1677300000,2500000000,15,112,127
453300000,2046700000,2500000000,10,103,113
496490000,2003510000,2500000000,11,108,119
586760000,1913240000,2500000000,6,94,100
1709520000,296770000,2006290000,21,86,107
727960000,1772040000,2500000000,23,116,139
326260000,2173740000,2500000000,13,105,118
826710000,1673290000,2500000000,14,99,113
1269870000,1230130000,2500000000,19,119,138
202870000,2297130000,2500000000,10,102,112
608120000,1891880000,2500000000,13,111,124
118450000,2381550000,2500000000,10,100,110
165070000,2334930000,2500000000,11,102,113
131550000,2368450000,2500000000,12,104,116
356880000,2143120000,2500000000,11,110,121
225620000,2274380000,2500000000,14,117,131
184100000,2315900000,2500000000,11,109,120
1514600000,985400000,2500000000,14,116,130
747130000,1752870000,2500000000,11,108,119
827490000,1672510000,2500000000,14,108,122
984270000,1515730000,2500000000,10,111,121
1382000000,1118000000,2500000000,13,110,123
914580000,1585420000,2500000000,19,111,130
814470000,1685530000,2500000000,21,107,128
1630090000,869910000,2500000000,12,109,121
1418310000,815560000,2233870000,24,110,134
948090000,1551910000,2500000000,18,111,129
350250000,2149750000,2500000000,8,98,106
851470000,1648530000,2500000000,18,117,135
413500000,2086500000,2500000000,9,103,112
2026850000,473150000,2500000000,23,119,142
1416580000,1083420000,2500000000,17,121,138
1520320000,786810000,2307130000,13,102,115
64780000,2435220000,2500000000,11,99,110
257440000,2242560000,2500000000,10,98,108
329280000,2170720000,2500000000,13,109,122
164850000,2335150000,2500000000,11,112,123
76730000,2423270000,2500000000,13,99,112
60190000,2439810000,2500000000,7,98,105
122200000,2377800000,2500000000,13,105,118
85040000,2414960000,2500000000,12,104,116
197150000,2302850000,2500000000,16,116,132
174040000,2325960000,2500000000,8,89,97
1146580000,1353420000,2500000000,16,113,129
309290000,2190710000,2500000000,17,134,151
205380000,2294620000,2500000000,11,118,129
208420000,2291580000,2500000000,11,117,128
175210000,2324790000,2500000000,11,121,132
1759240000,708800000,2468040000,16,128,144
316340000,2183660000,2500000000,12,123,135
1489020000,792020000,2281040000,18,127,145
234440000,2265560000,2500000000,9,119,128
405570000,2094430000,2500000000,10,122,132
382580000,2117420000,2500000000,8,117,125
2389750000,110250000,2500000000,25,92,117
2373040000,126960000,2500000000,27,99,126
2448220000,51780000,2500000000,22,97,119
2366990000,133010000,2500000000,26,70,96
2455160000,44840000,2500000000,19,94,113
2447930000,52070000,2500000000,19,100,119
2428280000,27770000,2456050000,28,73,101
2471400000,28600000,2500000000,27,75,102
2376860000,123140000,2500000000,19,107,126
1591550000,908450000,2500000000,18,107,125
1326880000,1173120000,2500000000,19,104,123
1816610000,683390000,2500000000,27,114,141
2415430000,84570000,2500000000,21,111,132
1813810000,686190000,2500000000,22,104,126
2393110000,106890000,2500000000,15,99,114
2411650000,88350000,2500000000,35,88,123
2207420000,292580000,2500000000,24,89,113
1922710000,577290000,2500000000,27,87,114
2264260000,31180000,2295440000,27,82,109
2140030000,282590000,2422620000,29,77,106
1560290000,939710000,2500000000,15,117,132
1616690000,879570000,2496260000,21,120,141
1279830000,1220170000,2500000000,19,123,142
1444020000,1055980000,2500000000,19,118,137
1777690000,722310000,2500000000,23,124,147
435440000,2064560000,2500000000,21,131,152
1373700000,1126300000,2500000000,21,111,132
2323760000,176240000,2500000000,22,119,141
818770000,1681230000,2500000000,7,97,104
544520000,1955480000,2500000000,6,88,94
820390000,1679610000,2500000000,9,104,113
618270000,1881730000,2500000000,8,92,100
587490000,1912510000,2500000000,14,126,140
869000000,1631000000,2500000000,7,107,114
1319360000,1180640000,2500000000,18,119,137
1763660000,281540000,2045200000,26,130,156
1394760000,1105240000,2500000000,16,107,123
2121870000,378130000,2500000000,24,128,152
656810000,1843190000,2500000000,19,124,143
2237960000,262040000,2500000000,23,118,141
1141950000,1358050000,2500000000,22,118,140
2380130000,119870000,2500000000,20,121,141
986970000,1513030000,2500000000,20,120,140
2394150000,105850000,2500000000,21,114,135
401050000,2098950000,2500000000,9,110,119
367110000,2132890000,2500000000,8,97,105
597030000,1902970000,2500000000,13,119,132
276130000,2223870000,2500000000,9,107,116
1212940000,1287060000,2500000000,11,108,119
641330000,1858670000,2500000000,9,95,104
1354590000,1145410000,2500000000,13,120,133
1492770000,1007230000,2500000000,12,107,119
812110000,1687890000,2500000000,12,124,136
1196740000,1303260000,2500000000,9,104,113
913880000,1586120000,2500000000,12,117,129
814280000,1685720000,2500000000,15,110,125
652080000,1847920000,2500000000,12,126,138
394670000,2105330000,2500000000,10,118,128
743980000,1756020000,2500000000,18,141,159
545830000,1954170000,2500000000,16,118,134
626370000,1873630000,2500000000,13,129,142
575140000,1924860000,2500000000,12,121,133
764480000,1735520000,2500000000,15,130,145
678850000,1821150000,2500000000,13,130,143
1855040000,617820000,2472860000,17,124,141
2119490000,380510000,2500000000,23,129,152
1992750000,507250000,2500000000,22,135,157
1705050000,794950000,2500000000,12,121,133
1880090000,619910000,2500000000,23,134,157
1991880000,508120000,2500000000,17,123,140
1027130000,1472870000,2500000000,18,117,135
2244310000,255690000,2500000000,18,123,141
1369950000,1130050000,2500000000,20,131,151
1505350000,994650000,2500000000,28,149,177
759470000,1740530000,2500000000,15,114,129
717150000,1782850000,2500000000,17,113,130
973850000,1526150000,2500000000,13,117,130
1860360000,639640000,2500000000,14,120,134
1156890000,1343110000,2500000000,11,105,116
1022150000,1477850000,2500000000,12,112,124
1101320000,1398680000,2500000000,14,114,128
937750000,1562250000,2500000000,9,116,125
1546250000,953750000,2500000000,14,120,134
1596390000,903610000,2500000000,15,111,126
1011370000,1488630000,2500000000,14,114,128
1367680000,1132320000,2500000000,16,108,124
424950000,2075050000,2500000000,14,125,139
639570000,1860430000,2500000000,17,130,147
539820000,1960180000,2500000000,14,126,140
462240000,2037760000,2500000000,16,131,147
1670830000,829170000,2500000000,16,137,153
921040000,1578960000,2500000000,11,123,134
853740000,1646260000,2500000000,14,136,150
517790000,1982210000,2500000000,11,119,130
1954170000,408210000,2362380000,20,136,156
1653860000,567600000,2221460000,24,122,146
1358510000,1141490000,2500000000,19,141,160
1791430000,708570000,2500000000,17,134,151
1591350000,908650000,2500000000,24,138,162
1300930000,1199070000,2500000000,18,121,139
1815320000,684680000,2500000000,17,132,149
1122610000,1377390000,2500000000,17,125,142
2208490000,291510000,2500000000,18,126,144
717100000,1782900000,2500000000,18,129,147
1257790000,1242210000,2500000000,15,129,144
1051060000,1448940000,2500000000,21,135,156
1270810000,1229190000,2500000000,16,123,139
611160000,1888840000,2500000000,15,130,145
446490000,2053510000,2500000000,15,130,145
611050000,1888950000,2500000000,17,127,144
457690000,2042310000,2500000000,11,115,126
866220000,1633780000,2500000000,14,132,146
896160000,1603840000,2500000000,15,125,140
903540000,1596460000,2500000000,11,118,129
1227160000,1272840000,2500000000,13,120,133
1062640000,1437360000,2500000000,19,125,144
1324560000,1175440000,2500000000,24,141,165
1224050000,1275950000,2500000000,26,138,164
1342610000,1157390000,2500000000,23,125,148
1570900000,929100000,2500000000,20,128,148
1483600000,1016400000,2500000000,19,130,149
1460380000,1039620000,2500000000,24,136,160
1721130000,778870000,2500000000,20,127,147
521090000,1978910000,2500000000,15,135,150
996980000,1503020000,2500000000,17,118,135
892540000,1607460000,2500000000,21,150,171
861570000,1638430000,2500000000,18,127,145
699660000,1800340000,2500000000,14,135,149
742350000,1757650000,2500000000,17,119,136
711480000,1788520000,2500000000,20,134,154
872010000,1627990000,2500000000,22,135,157
1113630000,1386370000,2500000000,14,118,132
885960000,1614040000,2500000000,13,123,136
936400000,1563600000,2500000000,13,120,133
830650000,1669350000,2500000000,13,125,138
1979450000,192790000,2172240000,18,106,124
1730230000,769770000,2500000000,23,142,165
1712770000,787230000,2500000000,21,133,154
2000180000,499820000,2500000000,23,129,152
1952470000,547530000,2500000000,20,132,152
1401720000,1098280000,2500000000,23,137,160
1469670000,1030330000,2500000000,22,134,156
1601850000,898150000,2500000000,22,132,154
1423580000,1076420000,2500000000,25,125,150
1094510000,1405490000,2500000000,12,127,139
1228590000,1271410000,2500000000,17,123,140
458180000,2041820000,2500000000,11,121,132
457770000,2042230000,2500000000,10,121,131
394120000,2105880000,2500000000,14,116,130
290680000,2209320000,2500000000,11,114,125
526450000,1973550000,2500000000,23,136,159
459960000,2040040000,2500000000,10,114,124
650490000,1849510000,2500000000,15,122,137
602760000,1897240000,2500000000,10,112,122
1409820000,889060000,2298880000,11,97,108
801870000,1698130000,2500000000,15,124,139
559520000,1940480000,2500000000,18,122,140
1617010000,623900000,2240910000,20,123,143
1296700000,1203300000,2500000000,23,119,142
76290000,2423710000,2500000000,20,117,137
320220000,2179780000,2500000000,18,114,132
1422200000,1040510000,2462710000,23,130,153
2051080000,409230000,2460310000,7,97,104
234890000,2265110000,2500000000,24,128,152
1491920000,757840000,2249760000,21,121,142
143690000,2356310000,2500000000,24,131,155
622340000,1877660000,2500000000,9,118,127
502070000,1997930000,2500000000,11,124,135
879550000,1620450000,2500000000,14,126,140
549560000,1950440000,2500000000,12,126,138
414870000,2085130000,2500000000,9,113,122
724700000,1775300000,2500000000,12,130,142
1347830000,1148260000,2496090000,20,149,169
382560000,2117440000,2500000000,13,126,139
139880000,2360120000,2500000000,12,114,126
237750000,2262250000,2500000000,12,120,132
1456120000,1029830000,2485950000,18,135,153
93510000,2406490000,2500000000,12,126,138
1384690000,601110000,1985800000,17,106,123
480910000,2019090000,2500000000,11,121,132
784190000,1715810000,2500000000,15,136,151
331660000,2168340000,2500000000,11,124,135
879040000,1620960000,2500000000,13,122,135
820040000,1679960000,2500000000,15,135,150
591390000,1908610000,2500000000,9,106,115
434030000,2065970000,2500000000,13,136,149
586540000,1913460000,2500000000,11,131,142
321290000,2178710000,2500000000,14,128,142
177170000,2322830000,2500000000,12,118,130
485590000,2014410000,2500000000,13,117,130
525380000,1974620000,2500000000,14,123,137
640020000,1859980000,2500000000,17,132,149
118360000,2381640000,2500000000,10,114,124
669300000,1830700000,2500000000,19,134,153
1654530000,539720000,2194250000,18,127,145
1022240000,1477760000,2500000000,20,134,154
909550000,1590450000,2500000000,17,132,149
1158640000,1341360000,2500000000,12,118,130
1127690000,1372310000,2500000000,14,123,137
937680000,1562320000,2500000000,8,109,117
643530000,1856470000,2500000000,18,136,154
640940000,1859060000,2500000000,16,133,149
818170000,1681830000,2500000000,15,134,149
948370000,1551630000,2500000000,16,131,147
780930000,1719070000,2500000000,11,107,118
1477010000,1022990000,2500000000,16,130,146
1336790000,1163210000,2500000000,12,111,123
1345670000,1154330000,2500000000,13,119,132
641030000,1858970000,2500000000,12,124,136
819520000,1680480000,2500000000,16,137,153
445140000,2054860000,2500000000,14,132,146
282400000,2217600000,2500000000,19,135,154
399540000,2100460000,2500000000,21,141,162
1012010000,1487990000,2500000000,19,140,159
434690000,2065310000,2500000000,16,139,155
2001220000,498780000,2500000000,19,124,143
997810000,1502190000,2500000000,18,136,154
860000000,1640000000,2500000000,20,128,148
1152500000,1347500000,2500000000,25,150,175
2004050000,494270000,2498320000,18,121,139
878480000,1621520000,2500000000,16,126,142
1063140000,1436860000,2500000000,11,119,130
2294920000,87560000,2382480000,34,123,157
2314890000,113060000,2427950000,34,122,156
1465990000,13580000,1479570000,23,76,99
2367810000,132190000,2500000000,32,120,152
1897860000,602140000,2500000000,40,134,174
2392740000,107260000,2500000000,31,107,138
2431800000,68200000,2500000000,30,117,147
2475960000,24040000,2500000000,30,105,135
1676650000,823350000,2500000000,22,124,146
2378330000,121670000,2500000000,30,104,134
2472510000,27490000,2500000000,41,115,156
2469410000,30590000,2500000000,34,108,142
1754250000,8560000,1762810000,39,118,157
2125810000,374190000,2500000000,16,109,125
2050540000,449460000,2500000000,22,139,161
1871060000,628940000,2500000000,16,128,144
2366140000,133860000,2500000000,19,118,137
1991230000,508770000,2500000000,21,123,144
2109480000,390520000,2500000000,20,106,126
2398330000,101670000,2500000000,23,118,141
1978660000,521340000,2500000000,19,126,145
2366590000,133410000,2500000000,22,118,140
1734440000,165380000,1899820000,14,90,104
2401020000,98980000,2500000000,20,118,138
2371500000,128500000,2500000000,19,115,134
1109100000,1390900000,2500000000,24,133,157
1503670000,996330000,2500000000,20,114,134
2288800000,211200000,2500000000,23,117,140
2397790000,102210000,2500000000,20,106,126
2335370000,164630000,2500000000,23,110,133
2191740000,308260000,2500000000,22,129,151
940670000,1559330000,2500000000,32,142,174
1965880000,534120000,2500000000,31,136,167
1133240000,1366760000,2500000000,25,129,154
2019390000,480610000,2500000000,26,131,157
1339390000,1160610000,2500000000,23,131,154
1220670000,1279330000,2500000000,25,131,156
913050000,1586950000,2500000000,25,132,157
1066520000,1433480000,2500000000,26,132,158
2247670000,252330000,2500000000,17,116,133
932710000,1567290000,2500000000,11,109,120
1617970000,882030000,2500000000,16,111,127
502870000,1997130000,2500000000,14,122,136
2196200000,303800000,2500000000,10,108,118
2428520000,71480000,2500000000,19,117,136
913900000,1586100000,2500000000,21,137,158
1740950000,759050000,2500000000,18,129,147
334560000,2165440000,2500000000,11,116,127
1968790000,531210000,2500000000,24,109,133
2331910000,168090000,2500000000,21,119,140
2293810000,206190000,2500000000,22,104,126
2365620000,134380000,2500000000,22,119,141
1395810000,1104190000,2500000000,23,124,147
896120000,1603880000,2500000000,27,123,150
896300000,1603700000,2500000000,19,123,142
1195920000,1304080000,2500000000,31,135,166
2161970000,295030000,2457000000,11,100,111
1212640000,1287360000,2500000000,14,133,147
2388920000,111080000,2500000000,13,113,126
676090000,1823910000,2500000000,11,107,118
2341810000,158190000,2500000000,9,108,117
1694790000,805210000,2500000000,26,135,161
87340000,2412660000,2500000000,11,113,124
1952500000,547500000,2500000000,24,127,151
69250000,2430750000,2500000000,13,114,127
2102560000,397440000,2500000000,21,109,130
2323180000,176820000,2500000000,24,121,145
2334710000,165290000,2500000000,20,97,117
2304360000,195640000,2500000000,22,105,127
1007700000,1492300000,2500000000,20,132,152
1445500000,1054500000,2500000000,23,121,144
1132230000,1367770000,2500000000,27,131,158
2247930000,252070000,2500000000,22,111,133
1896860000,603140000,2500000000,13,96,109
1486480000,1013520000,2500000000,9,95,104
1417010000,1082990000,2500000000,11,108,119
1928930000,571070000,2500000000,17,115,132
1137820000,1362180000,2500000000,14,107,121
1679990000,820010000,2500000000,14,106,120
1017250000,1482750000,2500000000,13,100,113
157960000,2342040000,2500000000,12,116,128
1538360000,961640000,2500000000,13,110,123
82860000,2417140000,2500000000,10,97,107
1065790000,1434210000,2500000000,17,126,143
2246000000,254000000,2500000000,23,116,139
384770000,2115230000,2500000000,16,125,141
1900940000,599060000,2500000000,22,119,141
566910000,1933090000,2500000000,10,106,116
2301790000,198210000,2500000000,22,110,132
2108530000,391470000,2500000000,23,106,129
1995460000,504540000,2500000000,22,112,134
1552940000,947060000,2500000000,25,120,145
2282400000,217600000,2500000000,16,89,105
1960670000,539330000,2500000000,22,129,151
2199580000,300420000,2500000000,22,99,121
1545250000,869910000,2415160000,9,95,104
827460000,1672540000,2500000000,12,105,117
1143580000,1356420000,2500000000,10,98,108
1994960000,505040000,2500000000,13,99,112
1567320000,932680000,2500000000,12,103,115
63850000,2436150000,2500000000,7,83,90
309590000,2190410000,2500000000,18,122,140
1126820000,1373180000,2500000000,25,125,150
218220000,2281780000,2500000000,7,83,90
2234450000,265550000,2500000000,23,111,134
2220740000,279260000,2500000000,26,122,148
1850710000,649290000,2500000000,22,107,129
2290270000,209730000,2500000000,22,97,119
1188410000,1311590000,2500000000,12,114,126
1074990000,1425010000,2500000000,11,118,129
1204570000,1295430000,2500000000,11,119,130
1288020000,1211980000,2500000000,11,110,121
341050000,2158950000,2500000000,11,126,137
750560000,1749440000,2500000000,11,127,138
874530000,1625470000,2500000000,10,108,118
883090000,1616910000,2500000000,10,118,128
634170000,1865830000,2500000000,20,137,157
409580000,2090420000,2500000000,14,128,142
430470000,2069530000,2500000000,9,124,133
477390000,2022610000,2500000000,8,115,123
442780000,2057220000,2500000000,20,135,155
395990000,2104010000,2500000000,17,139,156
218420000,2281580000,2500000000,16,136,152
577790000,1922210000,2500000000,12,133,145
1453370000,1046630000,2500000000,18,126,144
988460000,1511540000,2500000000,18,128,146
1081630000,1418370000,2500000000,17,130,147
1618750000,881250000,2500000000,15,121,136
1409190000,1090810000,2500000000,18,132,150
1170700000,1329300000,2500000000,20,141,161
913220000,1586780000,2500000000,15,132,147
533010000,1966990000,2500000000,16,133,149
1012130000,1487870000,2500000000,11,117,128
1059280000,1440720000,2500000000,13,130,143
1167320000,1332680000,2500000000,13,122,135
744420000,1755580000,2500000000,13,127,140
875080000,1624920000,2500000000,16,129,145
890720000,1609280000,2500000000,15,128,143
1518010000,981990000,2500000000,11,110,121
1320210000,1179790000,2500000000,10,109,119
1331030000,1168970000,2500000000,11,107,118
1167150000,1332850000,2500000000,12,114,126
413920000,2086080000,2500000000,11,126,137
308640000,2191360000,2500000000,12,118,130
454440000,2045560000,2500000000,15,128,143
752310000,1747690000,2500000000,13,126,139
378620000,2121380000,2500000000,13,132,145
400640000,2099360000,2500000000,11,125,136
334060000,2165940000,2500000000,15,133,148
388020000,2111980000,2500000000,13,132,145
498680000,2001320000,2500000000,15,133,148
1897910000,602090000,2500000000,19,127,146
609330000,1890670000,2500000000,18,141,159
1460060000,1039940000,2500000000,23,137,160
1483700000,23590000,1507290000,13,95,108
724450000,1775550000,2500000000,21,128,149
1450260000,1049740000,2500000000,25,136,161
1173460000,1326540000,2500000000,20,138,158
1404150000,1095850000,2500000000,16,119,135
1327380000,1172620000,2500000000,15,102,117
1119380000,1380620000,2500000000,17,112,129
1331970000,1168030000,2500000000,12,113,125
1211450000,1288550000,2500000000,16,131,147
968010000,1531990000,2500000000,18,133,151
1033130000,1466870000,2500000000,14,116,130
1273010000,1226990000,2500000000,14,118,132
1465860000,1034140000,2500000000,16,126,142
1195090000,1304910000,2500000000,13,120,133
634630000,1865370000,2500000000,17,132,149
999090000,1500910000,2500000000,12,108,120
1111410000,1388590000,2500000000,10,101,111
1068120000,1431880000,2500000000,16,123,139
1101940000,1398060000,2500000000,18,126,144
785170000,1714830000,2500000000,13,118,131
1013710000,1486290000,2500000000,13,120,133
569790000,1930210000,2500000000,18,136,154
962670000,1537330000,2500000000,18,125,143
569200000,1930800000,2500000000,15,129,144
652500000,1847500000,2500000000,18,137,155
1465220000,1034780000,2500000000,16,127,143
964260000,1535740000,2500000000,20,130,150
365960000,2134040000,2500000000,22,134,156
425160000,2074830000,2499990000,19,140,159
410180000,2089820000,2500000000,22,132,154
570240000,1929760000,2500000000,25,145,170
438320000,2061680000,2500000000,21,132,153
308590000,2191410000,2500000000,16,123,139
1913300000,586700000,2500000000,26,124,150
956910000,1543090000,2500000000,22,136,158
753670000,1746330000,2500000000,16,121,137
776040000,1723960000,2500000000,17,121,138
1689890000,810110000,2500000000,21,118,139
1027590000,1472410000,2500000000,12,108,120
988940000,1511060000,2500000000,17,116,133
848660000,1651340000,2500000000,18,122,140
737860000,1762140000,2500000000,15,119,134
1033090000,1466910000,2500000000,10,105,115
809990000,1690010000,2500000000,8,108,116
599720000,1900280000,2500000000,10,119,129
952010000,1547990000,2500000000,13,113,126
1008320000,1491680000,2500000000,17,126,143
1073800000,1426200000,2500000000,16,135,151
1197700000,1302300000,2500000000,17,120,137
1278670000,1221330000,2500000000,17,128,145
473140000,2026860000,2500000000,15,126,141
1286530000,1213470000,2500000000,18,129,147
407610000,2092390000,2500000000,12,129,141
1146600000,1353400000,2500000000,16,123,139
415480000,2084520000,2500000000,18,132,150
1427060000,1072940000,2500000000,20,128,148
332570000,2167430000,2500000000,19,133,152
341780000,2158220000,2500000000,20,144,164
823750000,1676250000,2500000000,19,136,155
728160000,1771840000,2500000000,22,143,165
756160000,1743840000,2500000000,21,142,163
852220000,1647780000,2500000000,19,142,161
798090000,1701910000,2500000000,19,136,155
721980000,1778020000,2500000000,23,144,167
783850000,1716150000,2500000000,26,147,173
771800000,1728200000,2500000000,14,119,133
1643110000,856890000,2500000000,24,130,154
2392050000,107950000,2500000000,16,105,121
730760000,1769240000,2500000000,17,129,146
707700000,1792300000,2500000000,20,118,138
571410000,1928590000,2500000000,13,122,135
991130000,1508870000,2500000000,21,129,150
794090000,1705910000,2500000000,15,121,136
794750000,1705250000,2500000000,20,133,153
1230140000,1269860000,2500000000,17,124,141
951550000,1548450000,2500000000,19,137,156
487110000,2012890000,2500000000,17,124,141
857980000,1642020000,2500000000,22,119,141
2470920000,29080000,2500000000,31,117,148
2071470000,43130000,2114600000,30,130,160
2491060000,8940000,2500000000,25,95,120
2488670000,11330000,2500000000,22,97,119
2494210000,5790000,2500000000,23,95,118
2476490000,23510000,2500000000,25,97,122
2460940000,39060000,2500000000,23,103,126
2444390000,55610000,2500000000,24,99,123
2280870000,25040000,2305910000,26,99,125
2418840000,81160000,2500000000,37,109,146
1423340000,89360000,1512700000,14,92,106
1058970000,1441030000,2500000000,17,125,142
789140000,1710860000,2500000000,18,118,136
2466660000,33340000,2500000000,27,113,140
2203950000,60830000,2264780000,26,124,150
2440890000,59110000,2500000000,28,119,147
1098110000,840000,1098950000,18,82,100
2489600000,10400000,2500000000,28,106,134
2486840000,13160000,2500000000,24,105,129
2483810000,16190000,2500000000,24,101,125
2492390000,7610000,2500000000,22,103,125
2488960000,11040000,2500000000,28,103,131
2482270000,17730000,2500000000,30,106,136
2470530000,29470000,2500000000,22,91,113
2480520000,19480000,2500000000,33,106,139
2444390000,55610000,2500000000,32,107,139
2435400000,64600000,2500000000,33,111,144
2376160000,123840000,2500000000,37,113,150
2473240000,26760000,2500000000,27,106,133
2458690000,41310000,2500000000,36,110,146
2484370000,15630000,2500000000,35,99,134
2477900000,22100000,2500000000,32,107,139
798060000,1701940000,2500000000,14,114,128
1000840000,1499160000,2500000000,13,113,126
1209110000,1290890000,2500000000,15,117,132
1061940000,1438060000,2500000000,18,119,137
1317930000,1182070000,2500000000,22,122,144
1153350000,1346650000,2500000000,15,119,134
1060070000,220000,1060290000,10,54,64
2350910000,149090000,2500000000,31,126,157
2447110000,40700000,2487810000,24,126,150
1951200000,548800000,2500000000,31,139,170
1796820000,64820000,1861640000,20,106,126
2450020000,49980000,2500000000,26,108,134
2378550000,121450000,2500000000,27,126,153
2246430000,253570000,2500000000,24,123,147
1968680000,531320000,2500000000,26,124,150
2475620000,24380000,2500000000,31,109,140
2477440000,22560000,2500000000,31,103,134
2316170000,183830000,2500000000,31,121,152
2219120000,280880000,2500000000,31,122,153
2436390000,63610000,2500000000,36,112,148
2437580000,62420000,2500000000,35,120,155
2445590000,54410000,2500000000,39,118,157
2434000000,66000000,2500000000,34,106,140
2483160000,16840000,2500000000,30,94,124
2451070000,48930000,2500000000,25,94,119
2446500000,53500000,2500000000,32,95,127
2406450000,93550000,2500000000,25,91,116
2410080000,89920000,2500000000,35,109,144
2437810000,62190000,2500000000,35,97,132
2125260000,374740000,2500000000,33,109,142
2008840000,215390000,2224230000,14,106,120
2265690000,198020000,2463710000,14,117,131
2093090000,406910000,2500000000,30,135,165
2137560000,349270000,2486830000,29,130,159
1895660000,604340000,2500000000,32,134,166
2306630000,193370000,2500000000,25,119,144
2399620000,100380000,2500000000,23,108,131
2206370000,293630000,2500000000,19,111,130
1808300000,691700000,2500000000,22,120,142
1953830000,546170000,2500000000,25,131,156
2425990000,74010000,2500000000,26,119,145
2169110000,330890000,2500000000,29,128,157
2498640000,1360000,2500000000,33,96,129
2480100000,19900000,2500000000,30,98,128
2485900000,14100000,2500000000,34,92,126
2463550000,36450000,2500000000,32,93,125
2136680000,363320000,2500000000,37,115,152
2429730000,70270000,2500000000,33,99,132
2443480000,2230000,2445710000,17,59,76
2484890000,15110000,2500000000,32,83,115
2435760000,64240000,2500000000,35,99,134
2329870000,170130000,2500000000,26,98,124
2497950000,2050000,2500000000,28,85,113
2107430000,391300000,2498730000,9,78,87
2013390000,320410000,2333800000,8,65,73
2077140000,158620000,2235760000,12,95,107
2189860000,310140000,2500000000,14,91,105
1807750000,692250000,2500000000,10,84,94
1331560000,1168440000,2500000000,11,100,111
1714770000,785230000,2500000000,13,98,111
1453760000,1046240000,2500000000,11,84,95
897120000,1602880000,2500000000,11,105,116
1413290000,1045800000,2459090000,10,101,111
1145020000,1354980000,2500000000,13,97,110
1028790000,1471210000,2500000000,12,101,113
1234760000,1265240000,2500000000,12,106,118
1671690000,828310000,2500000000,11,99,110
1933610000,367170000,2300780000,12,111,123
1198720000,1301280000,2500000000,15,116,131
547110000,1952890000,2500000000,28,130,158
1127940000,1372060000,2500000000,14,94,108
1573990000,840600000,2414590000,9,95,104
1824280000,675720000,2500000000,9,89,98
1715770000,784230000,2500000000,17,120,137
998140000,1501860000,2500000000,13,113,126
1831870000,668130000,2500000000,17,107,124
1673520000,826480000,2500000000,18,119,137
1450770000,1049230000,2500000000,12,104,116
1799050000,700950000,2500000000,18,116,134
736290000,1763710000,2500000000,14,91,105
1932800000,567200000,2500000000,16,108,124
1529460000,752280000,2281740000,8,94,102
1051070000,1448930000,2500000000,16,112,128
238480000,2261520000,2500000000,14,125,139
1269050000,1230950000,2500000000,23,140,163
1959090000,205400000,2164490000,12,110,122
2287350000,212650000,2500000000,20,92,112
1959680000,540320000,2500000000,21,117,138
2127380000,372620000,2500000000,21,103,124
1989140000,510860000,2500000000,22,120,142
1984440000,515560000,2500000000,20,114,134
2251360000,248640000,2500000000,22,101,123
2027530000,472470000,2500000000,24,111,135
2236450000,263550000,2500000000,20,85,105
1935090000,238760000,2173850000,7,70,77
1259010000,1240990000,2500000000,15,109,124
1186510000,1313490000,2500000000,11,99,110
1165570000,1334430000,2500000000,21,123,144
2074110000,425890000,2500000000,22,124,146
1547620000,735700000,2283320000,9,83,92
1057680000,1442320000,2500000000,9,103,112
1358180000,192280000,1550460000,5,63,68
1399500000,907890000,2307390000,11,96,107
2324520000,175480000,2500000000,20,104,124
2047660000,452340000,2500000000,23,135,158
2195660000,304340000,2500000000,18,131,149
1833020000,666980000,2500000000,23,144,167
2364210000,135790000,2500000000,20,127,147
1832640000,667360000,2500000000,23,117,140
2259500000,240500000,2500000000,24,119,143
1622110000,877890000,2500000000,20,120,140
1966460000,533540000,2500000000,22,119,141
2211220000,288780000,2500000000,21,108,129
2194050000,305950000,2500000000,19,95,114
2254380000,245620000,2500000000,21,105,126
1972970000,527030000,2500000000,19,104,123
1503640000,996360000,2500000000,17,113,130
1689610000,810390000,2500000000,17,108,125
390320000,2109680000,2500000000,9,94,103
1219650000,1280350000,2500000000,14,117,131
410360000,2089640000,2500000000,9,80,89
555910000,1944090000,2500000000,10,100,110
730950000,1769050000,2500000000,13,110,123
1900530000,599470000,2500000000,18,129,147
1894420000,605580000,2500000000,14,108,122
2024450000,475550000,2500000000,13,108,121
2126010000,373990000,2500000000,13,95,108
1683000000,817000000,2500000000,17,114,131
2080640000,419360000,2500000000,15,119,134
1159170000,1340830000,2500000000,16,126,142
1847030000,652970000,2500000000,12,97,109
1607910000,892090000,2500000000,21,113,134
1576020000,923980000,2500000000,18,121,139
1028000000,1472000000,2500000000,18,133,151
1246210000,1253790000,2500000000,23,137,160
2231910000,268090000,2500000000,20,107,127
1620770000,879230000,2500000000,17,107,124
1654870000,845130000,2500000000,18,107,125
1104410000,1395590000,2500000000,19,123,142
844750000,1655250000,2500000000,9,91,100
1542850000,941790000,2484640000,9,79,88
262440000,2237560000,2500000000,6,75,81
483830000,2016170000,2500000000,4,66,70
2336270000,163730000,2500000000,11,79,90
2123690000,376310000,2500000000,15,107,122
1653790000,846210000,2500000000,13,96,109
2016900000,483100000,2500000000,9,75,84
1314530000,1185470000,2500000000,16,112,128
1130600000,1369400000,2500000000,11,103,114
1516980000,983020000,2500000000,18,112,130
1193410000,1306590000,2500000000,22,128,150
1620260000,879740000,2500000000,18,120,138
1203440000,1296560000,2500000000,17,127,144
1026300000,1473700000,2500000000,13,113,126
1152580000,1347420000,2500000000,22,132,154
1100930000,1399070000,2500000000,16,118,134
961150000,1538850000,2500000000,21,145,166
842960000,1657040000,2500000000,14,114,128
510560000,1989440000,2500000000,11,120,131
816840000,1683160000,2500000000,10,107,117
764270000,1735730000,2500000000,19,139,158
2045570000,454430000,2500000000,19,104,123
2277900000,222100000,2500000000,18,101,119
1260430000,1239570000,2500000000,12,101,113
1840690000,659310000,2500000000,10,78,88
891610000,1608390000,2500000000,13,106,119
1502440000,997560000,2500000000,18,113,131
770570000,1729430000,2500000000,20,120,140
955000000,1545000000,2500000000,14,118,132
549820000,1950180000,2500000000,20,135,155
1236170000,1263830000,2500000000,19,131,150
1814830000,685170000,2500000000,24,129,153
1176330000,1323670000,2500000000,27,144,171
1051870000,1448130000,2500000000,23,130,153
1698250000,405030000,2103280000,19,124,143
561560000,1938440000,2500000000,13,118,131
822920000,1677080000,2500000000,18,127,145
660610000,1839390000,2500000000,16,123,139
892570000,1607430000,2500000000,18,118,136
1217210000,1282790000,2500000000,21,138,159
742090000,1757910000,2500000000,18,134,152
1082400000,1417600000,2500000000,24,141,165
1719960000,780040000,2500000000,22,137,159
1512010000,987990000,2500000000,23,132,155
1309960000,1190040000,2500000000,22,137,159
1293860000,1206140000,2500000000,22,138,160
1120730000,1379270000,2500000000,21,139,160
573400000,1926600000,2500000000,17,129,146
418780000,2081220000,2500000000,16,127,143
926910000,1573090000,2500000000,17,125,142
1164450000,1335550000,2500000000,17,130,147
1129460000,1370540000,2500000000,16,130,146
923590000,1576410000,2500000000,15,126,141
1317910000,1182090000,2500000000,19,135,154
740370000,1759630000,2500000000,19,141,160
478950000,2021050000,2500000000,18,132,150
950770000,1549230000,2500000000,22,141,163
407850000,2092150000,2500000000,19,138,157
993510000,1506490000,2500000000,21,128,149
2125560000,183640000,2309200000,21,128,149
1545380000,954620000,2500000000,27,138,165
1389640000,452040000,1841680000,13,116,129
1140820000,1359180000,2500000000,16,109,125
719460000,1780540000,2500000000,20,117,137
1434260000,1065740000,2500000000,19,118,137
1022530000,1477470000,2500000000,19,117,136
1093360000,1406640000,2500000000,24,138,162
1560010000,939990000,2500000000,27,144,171
1012040000,1487960000,2500000000,21,139,160
1259860000,1240140000,2500000000,28,154,182
624940000,1875060000,2500000000,19,139,158
1368770000,1131230000,2500000000,20,132,152
715540000,1784460000,2500000000,16,134,150
951370000,1548630000,2500000000,20,136,156
913410000,1586590000,2500000000,19,135,154
1312340000,1187660000,2500000000,21,139,160
1026360000,1473640000,2500000000,22,142,164
1368990000,1131010000,2500000000,21,138,159
1428340000,1071660000,2500000000,19,139,158
1231440000,1268560000,2500000000,17,127,144
1593250000,906750000,2500000000,16,132,148
1423280000,1076720000,2500000000,18,139,157
1109660000,1390340000,2500000000,22,140,162
992870000,1507130000,2500000000,19,137,156
901610000,1598390000,2500000000,24,149,173
850750000,1649250000,2500000000,21,154,175
1254790000,1245210000,2500000000,20,131,151
579030000,1920970000,2500000000,22,141,163
1849510000,650490000,2500000000,24,152,176
1225300000,1274700000,2500000000,21,154,175
1290440000,90080000,1380520000,14,125,139
1599650000,688370000,2288020000,21,140,161
1285050000,1214950000,2500000000,17,123,140
1307500000,1192500000,2500000000,19,116,135
598710000,1901290000,2500000000,14,123,137
1451830000,1048170000,2500000000,20,121,141
1079510000,1420490000,2500000000,17,132,149
1079890000,1420110000,2500000000,22,138,160
1089770000,1410230000,2500000000,16,130,146
778780000,1721220000,2500000000,22,136,158
724170000,1775830000,2500000000,19,141,160
860000000,1640000000,2500000000,21,141,162
984910000,1515090000,2500000000,25,148,173
924810000,1575190000,2500000000,21,144,165
1329000000,1171000000,2500000000,19,133,152
1524040000,975960000,2500000000,21,139,160
724670000,1775330000,2500000000,19,140,159
1138590000,1361410000,2500000000,19,139,158
1505980000,994020000,2500000000,17,134,151
1376770000,1123230000,2500000000,21,134,155
1029580000,1470420000,2500000000,18,143,161
989480000,1510520000,2500000000,19,142,161
1072040000,1427960000,2500000000,19,144,163
1361570000,1138430000,2500000000,18,141,159
1665030000,834970000,2500000000,21,143,164
1328200000,1171800000,2500000000,18,139,157
912160000,1587840000,2500000000,17,129,146
907650000,1592350000,2500000000,21,139,160
1203980000,1296020000,2500000000,15,126,141
1540680000,959320000,2500000000,18,128,146
1158600000,1341400000,2500000000,20,135,155
1782230000,633310000,2415540000,22,136,158
1350300000,1149700000,2500000000,19,132,151
559720000,1940280000,2500000000,19,129,148
594640000,1905360000,2500000000,22,141,163
1074200000,1425800000,2500000000,21,153,174
451180000,2048820000,2500000000,23,147,170
1274270000,1225730000,2500000000,18,130,148
485890000,2014110000,2500000000,26,153,179
821390000,1678610000,2500000000,23,146,169
1024430000,1475570000,2500000000,28,150,178
1290350000,1209650000,2500000000,20,134,154
1175280000,1324720000,2500000000,21,134,155
840890000,1659110000,2500000000,21,136,157
1165780000,1334220000,2500000000,25,147,172
623190000,1876810000,2500000000,20,144,164
504430000,1995570000,2500000000,19,122,141
819420000,1680580000,2500000000,19,144,163
831160000,1668840000,2500000000,18,141,159
555970000,1944030000,2500000000,20,151,171
640470000,1859530000,2500000000,20,140,160
486920000,2013080000,2500000000,18,146,164
805470000,1694530000,2500000000,20,146,166
881270000,1618730000,2500000000,17,148,165
791770000,1708230000,2500000000,17,140,157
613080000,1886920000,2500000000,17,138,155
575090000,1924910000,2500000000,17,126,143
1596530000,903470000,2500000000,20,124,144
1292270000,1207730000,2500000000,17,136,153
1699740000,800260000,2500000000,21,139,160
804330000,1695670000,2500000000,22,141,163
622790000,1877210000,2500000000,18,128,146
170630000,2329370000,2500000000,15,133,148
1870440000,618850000,2489290000,16,118,134
1771160000,728840000,2500000000,26,130,156
1248810000,1251190000,2500000000,27,135,162
2059210000,440790000,2500000000,29,126,155
1913810000,279730000,2193540000,25,131,156
2260790000,239210000,2500000000,21,121,142
2183920000,316080000,2500000000,22,123,145
1210140000,1289860000,2500000000,22,127,149
1978120000,521880000,2500000000,20,121,141
2174080000,325920000,2500000000,21,117,138
2288640000,211360000,2500000000,19,117,136
2451130000,48870000,2500000000,20,104,124
2317130000,182870000,2500000000,21,113,134
2483980000,16020000,2500000000,25,102,127
2481110000,18890000,2500000000,23,101,124
2489500000,10500000,2500000000,34,115,149
2495240000,4760000,2500000000,34,90,124
2485620000,14380000,2500000000,35,96,131
2351230000,148770000,2500000000,20,126,146
1744230000,755770000,2500000000,24,136,160
2332720000,167280000,2500000000,21,125,146
1984490000,515510000,2500000000,33,139,172
2344740000,155260000,2500000000,22,123,145
2306520000,193480000,2500000000,23,128,151
2241060000,258940000,2500000000,19,116,135
2330770000,169230000,2500000000,19,123,142
1317730000,1182270000,2500000000,21,131,152
1892600000,607400000,2500000000,20,121,141
1959490000,540510000,2500000000,23,132,155
2146820000,353180000,2500000000,20,117,137
2137800000,362200000,2500000000,24,120,144
2263920000,236080000,2500000000,23,118,141
2141810000,358190000,2500000000,24,121,145
2219570000,280430000,2500000000,24,123,147
2438010000,61990000,2500000000,22,103,125
2309900000,190100000,2500000000,21,114,135
2480010000,19990000,2500000000,19,108,127
2442590000,57410000,2500000000,20,107,127
2459150000,40850000,2500000000,24,103,127
2459750000,40250000,2500000000,24,101,125
2403750000,96250000,2500000000,28,115,143
2492820000,7180000,2500000000,30,96,126
2495650000,4350000,2500000000,24,99,123
2478750000,21250000,2500000000,25,101,126
2498920000,1080000,2500000000,24,99,123
2498740000,1260000,2500000000,31,98,129
2484630000,15370000,2500000000,31,100,131
2340680000,159320000,2500000000,28,105,133
2481550000,18450000,2500000000,25,99,124
2432880000,67120000,2500000000,33,106,139
2431050000,68950000,2500000000,20,123,143
2262400000,237530000,2499930000,31,134,165
1979340000,519230000,2498570000,32,141,173
2331070000,168930000,2500000000,18,116,134
2441350000,58650000,2500000000,19,120,139
2373490000,126510000,2500000000,28,129,157
2330830000,169170000,2500000000,28,129,157
1317530000,1182470000,2500000000,22,125,147
2299420000,200580000,2500000000,20,116,136
2040470000,459530000,2500000000,32,130,162
1520910000,979090000,2500000000,25,126,151
2149290000,350710000,2500000000,20,120,140
1670560000,829440000,2500000000,21,121,142
1987580000,512420000,2500000000,20,122,142
2266740000,233260000,2500000000,23,118,141
2304470000,195530000,2500000000,22,120,142
2076750000,423250000,2500000000,20,122,142
1668330000,831670000,2500000000,22,132,154
2453700000,46300000,2500000000,25,108,133
2330560000,169440000,2500000000,25,114,139
2323360000,176640000,2500000000,23,109,132
2459650000,40350000,2500000000,27,109,136
2457320000,42680000,2500000000,26,119,145
2392780000,107220000,2500000000,26,115,141
2274320000,225680000,2500000000,26,118,144
2474420000,25580000,2500000000,26,100,126
2476310000,23690000,2500000000,25,108,133
2464860000,35140000,2500000000,25,105,130
2428110000,71890000,2500000000,25,107,132
2450760000,49240000,2500000000,27,100,127
2468020000,31980000,2500000000,27,102,129
2467280000,32720000,2500000000,27,107,134
2447520000,52480000,2500000000,29,109,138
2377600000,107040000,2484640000,24,129,153
1966250000,533750000,2500000000,20,122,142
1909150000,590850000,2500000000,28,127,155
1577000000,923000000,2500000000,27,127,154
2307010000,122470000,2429480000,29,125,154
1958710000,541290000,2500000000,23,130,153
1300790000,1199210000,2500000000,21,128,149
2181360000,47000000,2228360000,29,126,155
2319980000,180020000,2500000000,32,132,164
2405540000,94460000,2500000000,30,116,146
2386070000,74460000,2460530000,27,122,149
2391050000,108950000,2500000000,27,117,144
2261780000,238220000,2500000000,34,135,169
2488600000,11400000,2500000000,28,106,134
2398620000,101380000,2500000000,26,109,135
2478900000,21100000,2500000000,22,84,106
2486140000,13860000,2500000000,29,89,118
2464570000,35430000,2500000000,25,86,111
2468600000,31400000,2500000000,27,75,102
2464820000,35180000,2500000000,30,85,115
2490690000,9310000,2500000000,31,89,120
2496630000,3370000,2500000000,32,90,122
2495220000,4780000,2500000000,32,90,122
2496260000,3740000,2500000000,33,94,127
2495750000,4250000,2500000000,15,64,79
2494380000,5620000,2500000000,29,80,109
2497750000,2250000,2500000000,32,84,116
2498850000,1150000,2500000000,27,77,104
2449040000,50960000,2500000000,36,98,134
2473310000,26690000,2500000000,39,106,145
2313360000,8180000,2321540000,27,92,119
2470700000,29300000,2500000000,33,90,123
2494610000,5390000,2500000000,34,82,116
2494020000,5980000,2500000000,35,97,132
2477480000,22520000,2500000000,30,92,122
2475520000,24480000,2500000000,32,100,132
2481920000,18080000,2500000000,31,103,134
2492790000,7210000,2500000000,34,97,131
2496470000,3530000,2500000000,33,97,130
2496650000,3350000,2500000000,34,100,134
2496050000,3950000,2500000000,34,99,133
2500000000,0,2500000000,29,76,105
2499530000,470000,2500000000,30,86,116
2500000000,0,2500000000,32,92,124
2495200000,4800000,2500000000,34,99,133
2496770000,3230000,2500000000,25,68,93
2488870000,11130000,2500000000,31,79,110
2482060000,17940000,2500000000,30,81,111
2493370000,6630000,2500000000,31,77,108
2477390000,22610000,2500000000,30,82,112
2495590000,4410000,2500000000,28,101,129
2490840000,9160000,2500000000,28,106,134
2481690000,18310000,2500000000,29,100,129
2499380000,620000,2500000000,30,74,104
2499700000,300000,2500000000,32,93,125
2488140000,11860000,2500000000,16,64,80
2338690000,161310000,2500000000,10,68,78
2131540000,368460000,2500000000,17,113,130
2057780000,442220000,2500000000,16,125,141
1893460000,606540000,2500000000,22,128,150
2343810000,156190000,2500000000,21,121,142
2152750000,347250000,2500000000,7,80,87
1756860000,743140000,2500000000,6,64,70
2034600000,465400000,2500000000,15,86,101
1753580000,746420000,2500000000,12,74,86
1842080000,657920000,2500000000,15,117,132
1937510000,562490000,2500000000,15,95,110
2360430000,139570000,2500000000,19,101,120
1933620000,566380000,2500000000,15,94,109
2299340000,200660000,2500000000,17,118,135
1037830000,1462170000,2500000000,15,120,135
1749740000,750260000,2500000000,17,107,124
2190730000,309270000,2500000000,15,99,114
2015250000,41470000,2056720000,6,51,57
2247880000,252120000,2500000000,9,71,80
1877300000,622700000,2500000000,17,96,113
2130870000,369130000,2500000000,15,95,110
1740860000,759140000,2500000000,6,76,82
2358650000,141350000,2500000000,14,69,83
2002190000,497810000,2500000000,24,117,141
2222240000,277760000,2500000000,12,84,96
1536920000,963080000,2500000000,14,97,111
2048400000,451600000,2500000000,8,73,81
445590000,2054410000,2500000000,10,89,99
1298380000,1201620000,2500000000,15,116,131
2108670000,342090000,2450760000,8,98,106
2051200000,448800000,2500000000,11,75,86
2079080000,420920000,2500000000,13,79,92
2351890000,148110000,2500000000,17,116,133
1172370000,1327630000,2500000000,16,106,122
653760000,1846240000,2500000000,18,136,154
975000000,1525000000,2500000000,14,105,119
2437410000,62590000,2500000000,19,108,127
594500000,1905500000,2500000000,13,115,128
796180000,1703820000,2500000000,23,121,144
670550000,1829450000,2500000000,11,91,102
78450000,2421550000,2500000000,17,114,131
465560000,2034440000,2500000000,15,121,136
479490000,2020510000,2500000000,18,121,139
708160000,1791840000,2500000000,15,120,135
797550000,1702450000,2500000000,15,126,141
695610000,1804390000,2500000000,11,122,133
1040840000,1459160000,2500000000,22,136,158
371970000,2128030000,2500000000,22,131,153
661820000,1838180000,2500000000,16,117,133
798450000,1701550000,2500000000,15,120,135
1273300000,1226700000,2500000000,12,98,110
1994920000,505080000,2500000000,11,101,112
425590000,2074410000,2500000000,18,122,140
361290000,2138710000,2500000000,17,122,139
340420000,2159580000,2500000000,20,133,153
456230000,2043770000,2500000000,24,144,168
87110000,2412890000,2500000000,13,113,126
233880000,2266120000,2500000000,23,143,166
402300000,2097700000,2500000000,20,126,146
415040000,2084960000,2500000000,20,135,155
124070000,2375930000,2500000000,13,111,124
175110000,2324890000,2500000000,13,115,128
288450000,2211550000,2500000000,14,116,130
558800000,1941200000,2500000000,21,136,157
1835670000,664330000,2500000000,24,140,164
1636380000,863620000,2500000000,29,152,181
1780390000,719610000,2500000000,16,110,126
1760100000,739900000,2500000000,27,148,175
1342790000,1157210000,2500000000,12,93,105
940160000,1559840000,2500000000,24,137,161
1932920000,567080000,2500000000,10,102,112
2235320000,264680000,2500000000,12,100,112
431740000,2068260000,2500000000,15,103,118
300340000,2199660000,2500000000,9,96,105
1124640000,1375360000,2500000000,13,99,112
1577420000,922580000,2500000000,14,93,107
359810000,2140190000,2500000000,17,121,138
219980000,2280020000,2500000000,13,104,117
859590000,1640410000,2500000000,16,115,131
1420030000,1079970000,2500000000,12,97,109
719650000,1780350000,2500000000,18,128,146
319830000,2180170000,2500000000,13,118,131
1014270000,1485730000,2500000000,14,114,128
474770000,2025230000,2500000000,16,108,124
1300720000,1199280000,2500000000,24,153,177
1581650000,918350000,2500000000,15,116,131
1731490000,768510000,2500000000,23,123,146
710880000,1789120000,2500000000,19,117,136
1649450000,850550000,2500000000,24,159,183
1288400000,1211600000,2500000000,16,123,139
2058820000,441180000,2500000000,15,112,127
1799650000,700350000,2500000000,27,143,170
2186390000,313610000,2500000000,26,146,172
2004600000,495400000,2500000000,20,132,152
1066790000,1433210000,2500000000,25,145,170
504530000,1995470000,2500000000,15,109,124
1825100000,674900000,2500000000,10,83,93
803140000,1696860000,2500000000,8,85,93
2139080000,360920000,2500000000,16,80,96
1659450000,840550000,2500000000,14,96,110
1723940000,776060000,2500000000,9,79,88
1403680000,1096320000,2500000000,18,89,107
451450000,2048550000,2500000000,15,100,115
2026600000,473400000,2500000000,18,125,143
1200450000,1299550000,2500000000,18,125,143
2238330000,261670000,2500000000,21,130,151
1727790000,772210000,2500000000,17,134,151
1761640000,738360000,2500000000,24,121,145
532150000,1967850000,2500000000,14,104,118
775290000,1724710000,2500000000,20,121,141
1683940000,816060000,2500000000,19,106,125
906270000,1593730000,2500000000,19,136,155
793750000,1706250000,2500000000,28,145,173
1018200000,1481800000,2500000000,20,145,165
1044900000,1455100000,2500000000,24,148,172
660970000,1839030000,2500000000,16,136,152
1346040000,1153960000,2500000000,18,139,157
880490000,1619510000,2500000000,16,139,155
891480000,1608520000,2500000000,18,141,159
803420000,1696580000,2500000000,17,139,156
607350000,1892650000,2500000000,20,143,163
309240000,2190760000,2500000000,19,144,163
714370000,1785630000,2500000000,19,142,161
945270000,1554730000,2500000000,19,133,152
430460000,2069540000,2500000000,19,134,153
776290000,1723710000,2500000000,18,141,159
800670000,1699330000,2500000000,20,148,168
1271680000,1228320000,2500000000,19,139,158
992350000,1507650000,2500000000,19,140,159
496270000,2003730000,2500000000,18,139,157
601330000,1898670000,2500000000,21,141,162
1963650000,507680000,2471330000,22,137,159
1309140000,1190860000,2500000000,20,136,156
1509950000,990050000,2500000000,24,149,173
1642180000,857820000,2500000000,16,112,128
657620000,1842380000,2500000000,23,147,170
1747400000,752600000,2500000000,21,132,153
1142000000,1358000000,2500000000,19,140,159
1996200000,503800000,2500000000,25,137,162
1122220000,1377780000,2500000000,16,145,161
1700760000,799240000,2500000000,25,142,167
1711760000,788240000,2500000000,25,117,142
1963020000,536980000,2500000000,27,138,165
428670000,2071330000,2500000000,18,136,154
974020000,1525980000,2500000000,21,129,150
310250000,2189750000,2500000000,19,141,160
1135210000,1364790000,2500000000,21,135,156
988810000,1511190000,2500000000,18,137,155
934280000,1565720000,2500000000,17,139,156
1330590000,1169410000,2500000000,18,141,159
904380000,1595620000,2500000000,18,147,165
463420000,2036580000,2500000000,18,140,158
762460000,1737540000,2500000000,18,143,161
721700000,1778300000,2500000000,18,138,156
632700000,1867300000,2500000000,18,142,160
759120000,1740880000,2500000000,16,133,149
658750000,1841250000,2500000000,19,146,165
593950000,1906050000,2500000000,15,126,141
658050000,1841950000,2500000000,18,144,162
986300000,1513700000,2500000000,19,137,156
849430000,1650570000,2500000000,18,134,152
907310000,1592690000,2500000000,24,143,167
1522990000,977010000,2500000000,21,141,162
224000000,0,224000000,25,142,167
1030450000,924000000,1954450000,20,139,159
0,0,0,23,157,180
405650000,923420000,1329070000,21,145,166
930340000,960000,931300000,12,111,123
1506410000,993590000,2500000000,26,139,165
1601240000,898760000,2500000000,15,128,143
1462700000,1037300000,2500000000,24,140,164
1027570000,1472430000,2500000000,16,118,134
1425640000,1074360000,2500000000,21,117,138
1908170000,591830000,2500000000,21,116,137
1522940000,977060000,2500000000,25,134,159
1625540000,874460000,2500000000,25,128,153
845010000,1654990000,2500000000,17,140,157
920530000,1579470000,2500000000,19,131,150
779550000,1720450000,2500000000,19,139,158
666850000,1833150000,2500000000,18,140,158
599120000,1900880000,2500000000,16,150,166
1036260000,1463740000,2500000000,22,152,174
854940000,1645060000,2500000000,18,145,163
1042800000,1457200000,2500000000,19,145,164
685250000,1814750000,2500000000,18,136,154
704280000,1795720000,2500000000,19,144,163
979440000,1520560000,2500000000,18,140,158
1041950000,1458050000,2500000000,18,145,163
677520000,1822480000,2500000000,18,150,168
901130000,1598870000,2500000000,16,146,162
968680000,1531320000,2500000000,24,146,170
1432180000,1067820000,2500000000,19,139,158
1127500000,1372500000,2500000000,20,141,161
883520000,1616480000,2500000000,20,158,178
0,0,0,21,141,162
243020000,836290000,1079310000,18,138,156
39980000,65910000,105890000,17,124,141
490350000,654170000,1144520000,21,145,166
1172970000,1327030000,2500000000,21,146,167
938800000,842530000,1781330000,28,156,184
1231160000,1268840000,2500000000,24,146,170
1084990000,1396110000,2481100000,19,137,156
1067470000,1432530000,2500000000,20,135,155
415270000,2084730000,2500000000,24,135,159
341340000,1763470000,2104810000,23,146,169
506520000,1993450000,2499970000,16,123,139
1583650000,916350000,2500000000,18,114,132
1426060000,1073940000,2500000000,19,121,140
1531880000,968120000,2500000000,22,131,153
1650480000,849520000,2500000000,25,142,167
1125630000,1374370000,2500000000,20,140,160
642770000,1516210000,2158980000,23,145,168
615670000,930550000,1546220000,21,160,181
7840000,6330000,14170000,24,163,187
578740000,1921260000,2500000000,18,140,158
871060000,1628940000,2500000000,17,143,160
810630000,1262250000,2072880000,22,161,183
466110000,2033890000,2500000000,21,158,179
686150000,1801300000,2487450000,17,144,161
740920000,1759080000,2500000000,24,154,178
374560000,651960000,1026520000,18,145,163
644870000,725580000,1370450000,25,164,189
759380000,1740620000,2500000000,20,148,168
878370000,1621630000,2500000000,16,141,157
1303350000,1017550000,2320900000,27,158,185
633160000,519510000,1152670000,24,153,177
1164210000,1335790000,2500000000,25,144,169
1139690000,1360310000,2500000000,23,158,181
1344190000,510760000,1854950000,23,149,172
670670000,941730000,1612400000,20,143,163
541580000,1583540000,2125120000,16,148,164
960340000,1429930000,2390270000,21,145,166
1178560000,1321440000,2500000000,17,138,155
904450000,1595550000,2500000000,25,151,176
1121220000,1378780000,2500000000,18,137,155
717290000,1782710000,2500000000,13,122,135
764580000,1735420000,2500000000,16,115,131
0,4350000,4350000,14,131,145
295190000,1329700000,1624890000,16,130,146
630880000,610560000,1241440000,17,122,139
965980000,332380000,1298360000,24,134,158
752260000,82750000,835010000,21,110,131
591520000,275450000,866970000,21,114,135
2392930000,107070000,2500000000,29,122,151
2302760000,197240000,2500000000,30,130,160
2065640000,434360000,2500000000,33,130,163
2481330000,18670000,2500000000,27,107,134
2350180000,149820000,2500000000,36,124,160
2249510000,35810000,2285320000,35,117,152
2335550000,164450000,2500000000,36,130,166
1350450000,1149550000,2500000000,22,141,163
1198540000,1301460000,2500000000,23,154,177
1402640000,1097360000,2500000000,19,136,155
1057360000,1442640000,2500000000,21,146,167
2024490000,475510000,2500000000,19,128,147
1676650000,823350000,2500000000,18,133,151
2476640000,23360000,2500000000,20,112,132
2197230000,302770000,2500000000,37,139,176
2242280000,257720000,2500000000,38,134,172
2274490000,225510000,2500000000,37,134,171
1799500000,700500000,2500000000,28,136,164
1642700000,857300000,2500000000,29,137,166
2416500000,83500000,2500000000,42,146,188
2268710000,231290000,2500000000,40,147,187
2256880000,243120000,2500000000,27,120,147
2265800000,234200000,2500000000,30,133,163
2121240000,378760000,2500000000,42,141,183
2094330000,405670000,2500000000,40,139,179
1644790000,855210000,2500000000,26,124,150
1954610000,545390000,2500000000,27,118,145
2431550000,68450000,2500000000,38,126,164
2257580000,110020000,2367600000,35,132,167
2090900000,409100000,2500000000,36,124,160
1097730000,1402270000,2500000000,17,124,141
947190000,1552810000,2500000000,17,133,150
948600000,1551400000,2500000000,19,133,152
1532810000,967190000,2500000000,23,148,171
2050470000,411840000,2462310000,24,147,171
2189250000,251080000,2440330000,29,140,169
2220540000,279460000,2500000000,33,150,183
2185080000,41440000,2226520000,23,125,148
2145290000,6310000,2151600000,22,113,135
2328700000,171300000,2500000000,34,145,179
2198140000,301860000,2500000000,25,137,162
1878100000,621900000,2500000000,29,148,177
2028970000,471030000,2500000000,32,144,176
2213840000,18580000,2232420000,35,136,171
1801250000,698750000,2500000000,28,134,162
1520630000,979370000,2500000000,27,130,157
2432960000,67040000,2500000000,28,123,151
2108210000,391790000,2500000000,29,132,161
2131560000,368440000,2500000000,30,126,156
2299380000,200620000,2500000000,28,122,150
2196990000,303010000,2500000000,35,133,168
2253990000,246010000,2500000000,30,127,157
2481990000,18010000,2500000000,28,106,134
2490110000,9890000,2500000000,26,106,132
2496620000,3380000,2500000000,28,99,127
2500000000,0,2500000000,34,88,122
2471330000,28670000,2500000000,38,87,125
2498980000,1020000,2500000000,27,74,101
2497590000,2410000,2500000000,34,78,112
2500000000,0,2500000000,27,62,89
2470940000,29060000,2500000000,34,79,113
2498840000,1160000,2500000000,25,54,79
2486730000,13270000,2500000000,21,74,95
2490690000,9310000,2500000000,28,109,137
2457930000,42070000,2500000000,27,106,133
2297830000,202170000,2500000000,26,116,142
2356780000,143220000,2500000000,31,118,149
2484370000,15630000,2500000000,28,101,129
2475740000,24260000,2500000000,29,105,134
2469250000,30750000,2500000000,28,106,134
2496850000,3150000,2500000000,28,96,124
2487060000,12940000,2500000000,27,100,127
2497860000,2140000,2500000000,31,91,122
2477140000,22860000,2500000000,33,94,127
2492540000,7460000,2500000000,35,90,125
2490450000,9550000,2500000000,27,87,114
2494870000,5130000,2500000000,29,88,117
2500000000,0,2500000000,32,80,112
2497500000,2500000,2500000000,25,69,94
2499470000,530000,2500000000,26,74,100
2499240000,760000,2500000000,21,48,69
2208110000,63400000,2271510000,30,112,142
2043590000,51310000,2094900000,31,114,145
2435490000,64510000,2500000000,34,116,150
2412390000,87610000,2500000000,33,114,147
2488040000,11960000,2500000000,26,91,117
2483670000,16330000,2500000000,29,90,119
2495620000,4380000,2500000000,32,97,129
2487530000,12470000,2500000000,35,91,126
2500000000,0,2500000000,25,75,100
2181660000,121420000,2303080000,39,127,166
2439960000,60040000,2500000000,31,113,144
2482780000,17220000,2500000000,34,100,134
2471270000,28730000,2500000000,33,108,141
2178280000,321720000,2500000000,22,129,151
1927710000,572290000,2500000000,25,149,174
2391690000,108310000,2500000000,20,108,128
1498400000,1001600000,2500000000,12,100,112
2073460000,426540000,2500000000,16,125,141
1391200000,1108800000,2500000000,15,106,121
2242320000,257680000,2500000000,18,128,146
1719310000,679670000,2398980000,28,163,191
1884190000,615810000,2500000000,17,129,146
1798300000,680250000,2478550000,18,140,158
2299710000,200290000,2500000000,22,135,157
1551400000,948600000,2500000000,22,139,161
1875100000,624900000,2500000000,24,147,171
1868450000,631550000,2500000000,22,134,156
1925280000,574720000,2500000000,17,93,110
1136080000,1363920000,2500000000,22,129,151
1705510000,794490000,2500000000,21,121,142
1420750000,1079250000,2500000000,23,121,144
1933990000,505370000,2439360000,14,88,102
2037000000,368800000,2405800000,12,72,84
1928470000,571530000,2500000000,13,84,97
1855430000,644570000,2500000000,18,126,144
1456880000,1043120000,2500000000,31,166,197
511670000,1988330000,2500000000,8,82,90
1229860000,1270140000,2500000000,20,136,156
945950000,1554050000,2500000000,14,118,132
699790000,1800210000,2500000000,12,99,111
1388210000,1111790000,2500000000,11,105,116
1532500000,967500000,2500000000,22,138,160
1247630000,1252370000,2500000000,18,132,150
1001310000,1498690000,2500000000,18,134,152
433000000,2067000000,2500000000,17,119,136
757990000,1742010000,2500000000,26,157,183
543580000,1956420000,2500000000,18,133,151
794220000,1705780000,2500000000,10,120,130
368270000,2131730000,2500000000,12,99,111
1291590000,1208410000,2500000000,16,112,128
1892650000,607350000,2500000000,11,76,87
2051860000,448140000,2500000000,16,110,126
1891150000,608850000,2500000000,13,85,98
1897190000,602810000,2500000000,15,101,116
697740000,1802260000,2500000000,13,89,102
1790140000,709860000,2500000000,27,157,184
2183680000,98720000,2282400000,25,140,165
1146880000,1353120000,2500000000,20,139,159
1029390000,1470610000,2500000000,35,168,203
1793920000,706080000,2500000000,28,157,185
2026930000,223690000,2250620000,23,136,159
775370000,1724630000,2500000000,23,143,166
634210000,1865790000,2500000000,8,124,132
408940000,2091060000,2500000000,11,117,128
145310000,2354690000,2500000000,11,90,101
326430000,1611420000,1937850000,22,141,163
839170000,1660830000,2500000000,8,84,92
534520000,1570540000,2105060000,11,98,109
265190000,1251840000,1517030000,21,134,155
680800000,1781610000,2462410000,15,114,129
247130000,450190000,697320000,19,129,148
1351320000,1137550000,2488870000,17,138,155
924690000,1575310000,2500000000,24,135,159
2203640000,296360000,2500000000,24,123,147
436010000,493150000,929160000,19,131,150
1182920000,389270000,1572190000,24,123,147
1176070000,1323930000,2500000000,21,150,171
1481700000,1018300000,2500000000,19,139,158
1214360000,1285640000,2500000000,18,135,153
1298700000,986750000,2285450000,21,141,162
879000000,1621000000,2500000000,16,122,138
972370000,1527630000,2500000000,16,133,149
1030040000,1469960000,2500000000,18,140,158
1063810000,1436190000,2500000000,18,138,156
446270000,3070000,449340000,16,98,114
304970000,42630000,347600000,15,104,119
0,0,0,17,139,156
29860000,62490000,92350000,18,144,162
1081510000,178220000,1259730000,19,134,153
947690000,441350000,1389040000,19,137,156
0,0,0,22,147,169
1415300000,1084700000,2500000000,19,136,155
1693710000,806290000,2500000000,21,142,163
1272990000,668270000,1941260000,19,145,164
593880000,750140000,1344020000,19,142,161
406510000,1716940000,2123450000,19,122,141
405550000,260100000,665650000,26,140,166
66060000,300500000,366560000,17,126,143
1310120000,1189880000,2500000000,19,116,135
495310000,2004690000,2500000000,14,115,129
1708020000,791980000,2500000000,20,128,148
1049220000,1450780000,2500000000,18,128,146
1815120000,684880000,2500000000,22,141,163
1583930000,916070000,2500000000,20,130,150
1737600000,762400000,2500000000,20,133,153
2069840000,430160000,2500000000,32,147,179
1846240000,653760000,2500000000,32,144,176
1587450000,912550000,2500000000,31,149,180
1805070000,694930000,2500000000,19,124,143
1816410000,683590000,2500000000,37,145,182
2096150000,403850000,2500000000,31,139,170
1873150000,626850000,2500000000,31,133,164
2416280000,83720000,2500000000,28,122,150
2315370000,184630000,2500000000,29,130,159
2441460000,58540000,2500000000,28,124,152
2475310000,24690000,2500000000,28,114,142
2170020000,329980000,2500000000,26,118,144
2412570000,87430000,2500000000,32,124,156
1594000000,906000000,2500000000,21,134,155
1401730000,1098270000,2500000000,29,150,179
1621470000,878530000,2500000000,20,130,150
1819080000,680920000,2500000000,20,119,139
1852360000,647640000,2500000000,21,134,155
1654810000,845190000,2500000000,24,130,154
1771380000,728620000,2500000000,23,139,162
1684980000,815020000,2500000000,22,131,153
1487460000,1012540000,2500000000,26,149,175
1700680000,799320000,2500000000,20,130,150
1860720000,639280000,2500000000,35,140,175
1522210000,977790000,2500000000,20,125,145
1645310000,854690000,2500000000,26,136,162
1745250000,754750000,2500000000,23,134,157
2274070000,189720000,2463790000,36,134,170
2115680000,23590000,2139270000,26,131,157
2153280000,15760000,2169040000,31,113,144
2079890000,420110000,2500000000,30,146,176
1760230000,739770000,2500000000,27,131,158
2303050000,196950000,2500000000,28,133,161
1770960000,729040000,2500000000,32,142,174
2391970000,108030000,2500000000,29,129,158
2430230000,69770000,2500000000,26,122,148
2474310000,25690000,2500000000,26,124,150
2479600000,20400000,2500000000,27,117,144
2456840000,43160000,2500000000,28,126,154
2313710000,186290000,2500000000,31,126,157
2456140000,43860000,2500000000,28,130,158
2440890000,59110000,2500000000,31,129,160
2236340000,263660000,2500000000,27,118,145
2438200000,61800000,2500000000,28,121,149
2340760000,159240000,2500000000,27,115,142
2447300000,52700000,2500000000,26,119,145
1161400000,1338600000,2500000000,17,121,138
1633750000,861860000,2495610000,12,119,131
523790000,366270000,890060000,26,138,164
1328090000,340260000,1668350000,21,128,149
1464190000,863190000,2327380000,16,121,137
1278780000,233460000,1512240000,20,132,152
1388660000,575050000,1963710000,21,141,162
2102830000,397170000,2500000000,23,136,159
1539770000,66140000,1605910000,19,132,151
2421420000,78580000,2500000000,28,123,151
2260360000,229270000,2489630000,37,143,180
1983140000,254540000,2237680000,31,139,170
2448140000,51860000,2500000000,28,122,150
2445810000,54190000,2500000000,26,118,144
2461720000,38280000,2500000000,29,123,152
2488150000,11850000,2500000000,26,121,147
2343970000,156030000,2500000000,27,119,146
2414720000,85280000,2500000000,29,121,150
2441630000,58370000,2500000000,28,114,142
2483130000,16870000,2500000000,28,121,149
2409150000,90850000,2500000000,24,117,141
2279690000,220310000,2500000000,30,134,164
2470150000,29850000,2500000000,26,108,134
2453470000,46530000,2500000000,26,117,143
2441080000,58920000,2500000000,28,124,152
1663310000,87380000,1750690000,29,136,165
2376850000,123150000,2500000000,27,128,155
2322540000,177460000,2500000000,30,133,163
2484550000,14380000,2498930000,26,112,138
2447540000,52460000,2500000000,28,120,148
2403040000,87440000,2490480000,40,148,188
2179080000,320920000,2500000000,27,122,149
2432100000,49520000,2481620000,36,123,159
2493560000,6440000,2500000000,32,106,138
2340600000,159400000,2500000000,31,120,151
2023110000,476890000,2500000000,37,143,180
2337190000,162810000,2500000000,31,122,153
2424450000,75550000,2500000000,31,121,152
2424930000,75070000,2500000000,31,122,153
2481970000,18030000,2500000000,35,126,161
2304110000,195890000,2500000000,39,138,177
2491980000,8020000,2500000000,33,111,144
2492190000,7810000,2500000000,30,114,144
2450650000,49350000,2500000000,30,113,143
2477500000,22500000,2500000000,31,104,135
2495290000,4710000,2500000000,29,105,134
2494490000,5510000,2500000000,33,105,138
2496350000,3650000,2500000000,27,88,115
2499210000,790000,2500000000,29,97,126
2487260000,12740000,2500000000,30,99,129
2498990000,1010000,2500000000,28,96,124
2499600000,400000,2500000000,27,79,106
2488970000,11030000,2500000000,29,95,124
2500000000,0,2500000000,31,87,118
2498820000,1180000,2500000000,33,95,128
2500000000,0,2500000000,18,53,71
2500000000,0,2500000000,30,83,113
2500000000,0,2500000000,30,91,121
2498520000,1480000,2500000000,34,97,131
2495720000,4280000,2500000000,37,86,123
2499580000,420000,2500000000,28,71,99
2500000000,0,2500000000,23,61,84
2499390000,610000,2500000000,35,91,126
2499400000,600000,2500000000,38,56,94
2498490000,1510000,2500000000,26,68,94
2494000000,6000000,2500000000,27,108,135
2490420000,9580000,2500000000,26,107,133
2474490000,25510000,2500000000,27,114,141
2497370000,2630000,2500000000,32,109,141
2500000000,0,2500000000,33,116,149
2494280000,5720000,2500000000,25,104,129
2485830000,14170000,2500000000,28,102,130
2497060000,2940000,2500000000,31,106,137
2497950000,1960000,2499910000,28,94,122
2499210000,790000,2500000000,28,97,125
2488330000,11670000,2500000000,29,101,130
2498020000,1980000,2500000000,27,95,122
2497570000,2430000,2500000000,32,96,128
2500000000,0,2500000000,32,96,128
2494750000,0,2494750000,29,83,112
2500000000,0,2500000000,34,93,127
2489030000,10970000,2500000000,36,108,144
2493820000,6180000,2500000000,29,81,110
2500000000,0,2500000000,35,81,116
2489750000,10250000,2500000000,34,68,102
2498840000,1160000,2500000000,36,84,120
2500000000,0,2500000000,25,60,85
2497350000,2650000,2500000000,29,60,89
2309540000,0,2309540000,27,103,130
2484960000,9250000,2494210000,26,109,135
1916780000,280000,1917060000,32,110,142
1661880000,370000,1662250000,24,99,123
2151530000,19800000,2171330000,36,123,159
969860000,1530140000,2500000000,17,132,149
2482170000,17830000,2500000000,29,124,153
2365770000,39600000,2405370000,29,123,152
2031100000,22170000,2053270000,26,123,149
1510580000,833960000,2344540000,28,121,149
1995320000,504680000,2500000000,19,135,154
2244270000,1140000,2245410000,25,47,72
6622490000,7739740000,14362230000,27,151,178
7722200000,3008670000,10730870000,23,139,162
2204920000,6911640000,9116560000,15,125,140
9265490000,810000,9266300000,23,146,169
5128700000,5812250000,10940950000,23,125,148
1855180000,3831170000,5686350000,28,132,160
1466680000,3766400000,5233080000,34,136,170
13766460000,434230000,14200690000,22,153,175
9571010000,9619500000,19190510000,32,160,192
9707220000,3737660000,13444880000,20,147,167
4172750000,6284380000,10457130000,26,161,187
5683670000,3407820000,9091490000,36,138,174
7523750000,1607820000,9131570000,25,146,171
5112270000,9157970000,14270240000,33,131,164
4887740000,5563580000,10451320000,28,158,186
9699990000,1082210000,10782200000,35,167,202
5552950000,2782090000,8335040000,22,128,150
6214460000,4470610000,10685070000,14,118,132
14902230000,5187080000,20089310000,27,160,187
4758510000,6320550000,11079060000,26,134,160
13648990000,183820000,13832810000,36,167,203
7788170000,5109060000,12897230000,27,160,187
7957520000,1084100000,9041620000,24,131,155
6735950000,3711610000,10447560000,31,71,102
4248110000,5845820000,10093930000,30,148,178
9159380000,922570000,10081950000,38,107,145
5467440000,4326950000,9794390000,30,157,187
5822590000,4509260000,10331850000,36,138,174
7583040000,3195190000,10778230000,26,153,179
3545520000,2060670000,5606190000,28,144,172
1725030000,8721260000,10446290000,38,111,149
5896730000,4801490000,10698220000,37,115,152
10165550000,4452610000,14618160000,41,154,195
3629980000,6697360000,10327340000,37,122,159
7617890000,3450190000,11068080000,35,128,163
1595890000,10986100000,12581990000,12,108,120
843330000,3886110000,4729440000,23,148,171
2889710000,2556160000,5445870000,33,132,165
7354600000,352610000,7707210000,30,166,196
12505170000,41190000,12546360000,23,136,159
10164170000,921500000,11085670000,20,140,160
3128980000,7856970000,10985950000,27,161,188
8055840000,5769550000,13825390000,31,159,190
11398880000,6464090000,17862970000,24,147,171
11298940000,2533000000,13831940000,23,129,152
4175620000,5905920000,10081540000,46,146,192
4777620000,7612030000,12389650000,30,155,185
3701270000,6985600000,10686870000,22,143,165
3580040000,4749130000,8329170000,36,165,201
8971950000,1786300000,10758250000,39,183,222
10123370000,156330000,10279700000,27,150,177
3493390000,4659950000,8153340000,28,123,151
3839410000,8967840000,12807250000,15,120,135
4983200000,7833680000,12816880000,29,163,192
3598860000,2202510000,5801370000,17,126,143
5525490000,20570000,5546060000,22,149,171
11036710000,87250000,11123960000,24,160,184
8927610000,3369080000,12296690000,23,122,145
4862150000,6360990000,11223140000,32,146,178
7100310000,3867880000,10968190000,43,150,193
3754980000,7288420000,11043400000,25,153,178
1607140000,3558160000,5165300000,28,147,175
3946040000,4849630000,8795670000,25,138,163
1611570000,12928740000,14540310000,16,131,147
4446750000,4474320000,8921070000,31,158,189
6167770000,1366340000,7534110000,14,96,110
1156200000,3989070000,5145270000,21,134,155
12054010000,2237990000,14292000000,16,129,145
4434240000,6018380000,10452620000,23,140,163
5765970000,5035260000,10801230000,15,137,152
3518930000,6907340000,10426270000,23,150,173
9240630000,111510000,9352140000,21,146,167
5886870000,3038600000,8925470000,27,165,192
2190050000,8503060000,10693110000,28,149,177
7195270000,2004830000,9200100000,28,155,183
9039470000,171980000,9211450000,25,100,125
4628180000,4095350000,8723530000,26,145,171
5094370000,25770000,5120140000,23,142,165
4796900000,5540470000,10337370000,19,141,160
5308880000,4027200000,9336080000,32,140,172
4692130000,4278350000,8970480000,26,153,179
5093040000,9004850000,14097890000,19,127,146
6731390000,5825600000,12556990000,25,150,175
5599740000,4208670000,9808410000,23,167,190
7861300000,2887040000,10748340000,33,151,184
2026320000,5553780000,7580100000,42,105,147
12454110000,7232750000,19686860000,27,164,191
5013790000,5274910000,10288700000,37,124,161
9036220000,55190000,9091410000,25,152,177
4078990000,1427000000,5505990000,36,121,157
6253260000,2827790000,9081050000,26,134,160
6285740000,4634710000,10920450000,39,91,130
3026430000,7043650000,10070080000,33,112,145
8563940000,30240000,8594180000,28,102,130
16214620000,467540000,16682160000,19,134,153
11117350000,3570000,11120920000,31,132,163
7485510000,6948830000,14434340000,22,97,119
7586190000,278120000,7864310000,19,120,139
12906420000,8180000,12914600000,16,143,159
9033690000,173080000,9206770000,23,155,178
5625930000,4716040000,10341970000,44,159,203
2214230000,2961100000,5175330000,32,140,172
10417180000,4220000,10421400000,23,153,176
7442420000,820030000,8262450000,44,158,202
9175790000,872020000,10047810000,19,126,145
7615980000,3467460000,11083440000,29,155,184
4636440000,6347270000,10983710000,17,139,156
11452400000,4206980000,15659380000,21,146,167
5301980000,4784900000,10086880000,23,145,168
10473040000,1052860000,11525900000,26,152,178
6856420000,1297390000,8153810000,34,141,175
4821250000,9507710000,14328960000,11,119,130
3116040000,7596630000,10712670000,23,150,173
3664270000,4568220000,8232490000,35,151,186
3975490000,4950620000,8926110000,19,108,127
10871200000,247740000,11118940000,24,148,172
11718230000,4913970000,16632200000,24,135,159
973750000,9859580000,10833330000,42,113,155
8606050000,888490000,9494540000,37,183,220
6788840000,5895670000,12684510000,31,93,124
3479020000,5437080000,8916100000,23,154,177
13482750000,635690000,14118440000,41,137,178
7446900000,2638770000,10085670000,26,161,187
3228090000,1578760000,4806850000,14,115,129
2797250000,7910390000,10707640000,27,158,185
8176570000,5650520000,13827090000,26,131,157
8069750000,9821390000,17891140000,29,167,196
8939690000,1392210000,10331900000,33,116,149
4730120000,6909950000,11640070000,20,147,167
9741310000,1342390000,11083700000,26,149,175
3110700000,18343750000,21454450000,25,168,193
8792070000,299560000,9091630000,34,171,205
12544910000,1573610000,14118520000,28,152,180
5291470000,5370290000,10661760000,37,138,175
12043540000,892930000,12936470000,17,132,149
4389810000,8447430000,12837240000,23,130,153
10726980000,371960000,11098940000,16,117,133
4102850000,12542510000,16645360000,16,112,128
6837390000,3499950000,10337340000,16,131,147
9236420000,20010000,9256430000,18,141,159
6654070000,7076650000,13730720000,22,150,172
11180390000,604350000,11784740000,14,125,139
4201130000,8520870000,12722000000,16,139,155
8698040000,5784100000,14482140000,12,128,140
2070040000,8359550000,10429590000,22,137,159
13238770000,6696630000,19935400000,36,137,173
4230540000,4565450000,8795990000,22,143,165
11173060000,3392440000,14565500000,29,152,181
6105010000,4237490000,10342500000,27,142,169
8490070000,1732980000,10223050000,38,121,159
3582070000,5919380000,9501450000,18,122,140
11105460000,28530000,11133990000,32,124,156
4569140000,5883610000,10452750000,25,136,161
8885310000,36100000,8921410000,11,104,115
2577590000,11674990000,14252580000,28,147,175
5685050000,6414550000,12099600000,16,130,146
3622030000,6736930000,10358960000,34,157,191
8459950000,49690000,8509640000,21,143,164
5724900000,10341900000,16066800000,39,148,187
9740060000,49660000,9789720000,28,156,184
7544990000,5271910000,12816900000,33,154,187
8235100000,7412830000,15647930000,22,133,155
3330300000,2150640000,5480940000,24,151,175
7886740000,5350150000,13236890000,38,113,151
10927060000,212290000,11139350000,30,152,182
11055650000,55050000,11110700000,16,128,144
21984370000,1923970000,23908340000,21,129,150
3956860000,5209880000,9166740000,36,95,131
8918240000,2412350000,11330590000,27,147,174
3545250000,7142840000,10688090000,24,134,158
4073040000,1613310000,5686350000,37,121,158
8556440000,6910000,8563350000,45,131,176
3403050000,7059080000,10462130000,22,138,160
2308590000,6662780000,8971370000,30,165,195
13178380000,3515520000,16693900000,31,144,175
6261590000,6439780000,12701370000,26,138,164
6089800000,4854440000,10944240000,28,158,186
6502060000,3939310000,10441370000,30,168,198
7102290000,2084180000,9186470000,22,154,176
4382050000,778190000,5160240000,33,111,144
5242800000,7427710000,12670510000,18,141,159
8369760000,557290000,8927050000,27,154,181
7455430000,8645620000,16101050000,28,121,149
2834540000,1627270000,4461810000,15,138,153
14792320000,85710000,14878030000,12,132,144
6583450000,6978900000,13562350000,22,158,180
10295870000,6338070000,16633940000,21,160,181
7577550000,3120110000,10697660000,18,126,144
6420620000,6071830000,12492450000,18,123,141
10815510000,283380000,11098890000,26,142,168
9775980000,305580000,10081560000,13,130,143
7830090000,1246870000,9076960000,23,159,182
15076980000,512070000,15589050000,23,130,153
5204080000,10872750000,16076830000,32,134,166
5644170000,11539620000,17183790000,38,92,130
1093670000,15546920000,16640590000,35,182,217
6502970000,2216300000,8719270000,25,138,163
7584080000,12706030000,20290110000,11,120,131
13620010000,455070000,14075080000,14,129,143
3223990000,7771610000,10995600000,26,152,178
5348110000,9185100000,14533210000,40,113,153
3851080000,2247270000,6098350000,22,141,163
12334960000,86930000,12421890000,21,130,151
5470720000,9066770000,14537490000,43,111,154
8895840000,50130000,8945970000,25,131,156
8016930000,3692550000,11709480000,35,141,176
8949580000,12630000,8962210000,42,136,178
3318220000,14158600000,17476820000,44,138,182
10588820000,942850000,11531670000,27,149,176
2760640000,6220520000,8981160000,29,169,198
4610800000,5758970000,10369770000,26,128,154
2435180000,8021940000,10457120000,16,137,153
9072450000,1527130000,10599580000,30,109,139
2440380000,8016000000,10456380000,16,128,144
4323740000,6023800000,10347540000,24,135,159
4239280000,7917980000,12157260000,42,146,188
4010010000,6070930000,10080940000,29,161,190
4459600000,5887970000,10347570000,44,91,135
1794010000,8287310000,10081320000,27,145,172
10837390000,1192100000,12029490000,37,142,179
14830720000,14880000,14845600000,28,142,170
4441860000,861290000,5303150000,30,134,164
6102780000,2973120000,9075900000,19,137,156
14121030000,1576540000,15697570000,21,153,174
8502540000,2196850000,10699390000,24,142,166
4460540000,9774760000,14235300000,40,93,133
10318050000,48240000,10366290000,23,142,165
4632900000,5442720000,10075620000,21,152,173
10921150000,452880000,11374030000,34,148,182
8281630000,4563680000,12845310000,17,146,163
9914120000,1050820000,10964940000,51,134,185
7877170000,5521000000,13398170000,34,134,168
4987030000,9196260000,14183290000,27,96,123
7138280000,3704680000,10842960000,29,158,187
13128040000,1566460000,14694500000,28,134,162
4025480000,6316410000,10341890000,24,150,174
9042060000,958680000,10000740000,34,156,190
5881140000,15788560000,21669700000,43,114,157
3354300000,7330220000,10684520000,25,136,161
6537240000,8603710000,15140950000,26,144,170
6258830000,2044100000,8302930000,42,99,141
3539580000,4602040000,8141620000,29,158,187
5981950000,6489370000,12471320000,24,145,169
6843190000,2584650000,9427840000,21,147,168
3687370000,1176320000,4863690000,24,120,144
12385200000,662610000,13047810000,33,161,194
14188590000,458310000,14646900000,19,142,161
4963200000,7021330000,11984530000,25,137,162
7662850000,1018980000,8681830000,27,150,177
7129230000,2117890000,9247120000,26,153,179
1930420000,8877440000,10807860000,19,130,149
8563500000,6095830000,14659330000,15,113,128
5980110000,2976380000,8956490000,13,108,121
7705700000,2258680000,9964380000,32,180,212
7646860000,5506870000,13153730000,26,140,166
4268000000,11963170000,16231170000,23,142,165
5539600000,3536640000,9076240000,26,145,171
9576940000,119530000,9696470000,25,149,174
9372660000,4571530000,13944190000,15,139,154
8197630000,2455390000,10653020000,30,152,182
6216770000,8906490000,15123260000,30,154,184
6512210000,5064150000,11576360000,42,150,192
8696170000,94420000,8790590000,33,163,196
5098470000,8739120000,13837590000,29,106,135
4863790000,7808140000,12671930000,20,139,159
9181160000,1676720000,10857880000,26,149,175
9603050000,109390000,9712440000,32,126,158
10759820000,2011290000,12771110000,23,149,172
8641970000,5857060000,14499030000,32,164,196
8924260000,2170000,8926430000,32,163,195
3692660000,11407240000,15099900000,20,142,162
8587610000,2992130000,11579740000,34,95,129
6935900000,7539860000,14475760000,10,107,117
1958400000,8123150000,10081550000,18,144,162
12487110000,1621300000,14108410000,28,162,190
5476240000,8626690000,14102930000,11,120,131
5361140000,5225540000,10586680000,23,136,159
7307100000,252490000,7559590000,21,136,157
4185500000,6150590000,10336090000,21,140,161
2054330000,8408410000,10462740000,14,137,151
4536780000,5800580000,10337360000,25,145,170
2433270000,6772640000,9205910000,18,135,153
10201410000,3911420000,14112830000,23,146,169
2249230000,8208500000,10457730000,20,150,170
6366640000,20450000,6387090000,28,163,191
10472340000,6812080000,17284420000,32,154,186
10775690000,2402890000,13178580000,28,126,154
4362000000,798200000,5160200000,26,128,154
9373840000,4466560000,13840400000,23,154,177
5160560000,10222000000,15382560000,15,128,143
6138870000,2562430000,8701300000,25,156,181
4558140000,3105660000,7663800000,18,141,159
14059510000,383400000,14442910000,25,152,177
13473090000,3304630000,16777720000,17,136,153
10223440000,143960000,10367400000,15,113,128
5822650000,8270810000,14093460000,17,125,142
10948020000,3470820000,14418840000,32,141,173
7555500000,5211620000,12767120000,48,115,163
18166360000,430310000,18596670000,21,140,161
1347100000,13058040000,14405140000,28,134,162
2451740000,2448260000,4900000000,15,136,151
8729000000,38340000,8767340000,43,152,195
12324440000,390600000,12715040000,31,159,190
8591570000,1734540000,10326110000,25,149,174
11876290000,94650000,11970940000,25,127,152
7896700000,2485690000,10382390000,37,160,197
4889210000,5354010000,10243220000,28,123,151
1516370000,8565370000,10081740000,34,139,173
2563590000,2586450000,5150040000,26,123,149
4352730000,10849000000,15201730000,22,100,122
6895580000,3347810000,10243390000,24,121,145
890250000,9901790000,10792040000,18,131,149
4015000000,6442660000,10457660000,28,168,196
11866020000,6232400000,18098420000,24,146,170
3730800000,953420000,4684220000,23,138,161
7302990000,6997000000,14299990000,30,142,172
7948220000,2384090000,10332310000,28,153,181
5557390000,10548370000,16105760000,27,141,168
6241400000,8963540000,15204940000,32,149,181
7438410000,3905510000,11343920000,43,137,180
4029450000,1386340000,5415790000,26,165,191
5229490000,5856190000,11085680000,17,140,157
5369360000,16370000,5385730000,30,96,126
7434240000,3317770000,10752010000,24,148,172
9817400000,545170000,10362570000,24,133,157
2862850000,6263460000,9126310000,27,137,164
3092340000,6720240000,9812580000,46,129,175
6252910000,11342130000,17595040000,26,123,149
13605850000,227340000,13833190000,30,156,186
6281220000,4889250000,11170470000,27,166,193
9468150000,1776520000,11244670000,22,157,179
13511980000,320600000,13832580000,33,137,170
8699870000,11395440000,20095310000,39,148,187
3644160000,1526070000,5170230000,29,148,177
9626660000,256980000,9883640000,24,153,177
5613090000,5377750000,10990840000,42,149,191
14048960000,249920000,14298880000,40,150,190
10485480000,618250000,11103730000,33,147,180
8666380000,1995530000,10661910000,29,160,189
2491980000,8220700000,10712680000,21,125,146
11745570000,940750000,12686320000,24,152,176
6052550000,4725720000,10778270000,32,160,192
6518400000,2778690000,9297090000,30,105,135
7343360000,3419890000,10763250000,21,155,176
715930000,9751850000,10467780000,23,117,140
3518180000,7046630000,10564810000,32,93,125
6115170000,3970440000,10085610000,22,137,159
14776470000,8290000,14784760000,33,143,176
4941840000,5841450000,10783290000,18,141,159
3844960000,6496880000,10341840000,35,166,201
3255180000,7531860000,10787040000,26,147,173
4301250000,758830000,5060080000,43,147,190
4785350000,6183130000,10968480000,27,160,187
1774840000,8567520000,10342360000,25,122,147
6979080000,3463430000,10442510000,36,97,133
8347530000,231520000,8579050000,26,142,168
4892600000,3062670000,7955270000,34,157,191
9180770000,25620000,9206390000,20,120,140
4550830000,6172360000,10723190000,13,137,150
4353810000,6102560000,10456370000,35,145,180
6699600000,8418350000,15117950000,21,126,147
2053490000,3076380000,5129870000,27,115,142
5805260000,12862410000,18667670000,20,147,167
3403840000,6677260000,10081100000,23,98,121
9278200000,264170000,9542370000,12,117,129
9235750000,3431290000,12667040000,32,122,154
12317450000,1535630000,13853080000,17,137,154
10754090000,349980000,11104070000,21,157,178
5251610000,3920260000,9171870000,20,146,166
2923420000,1992900000,4916320000,21,147,168
3403280000,7539010000,10942290000,23,128,151
13119750000,3776590000,16896340000,40,106,146
10335370000,37190000,10372560000,31,126,157
2378610000,6592620000,8971230000,31,143,174
9195210000,1137340000,10332550000,24,144,168
5444440000,5288800000,10733240000,18,106,124
4328730000,4626840000,8955570000,11,109,120
7786090000,6311440000,14097530000,14,135,149
7600460000,2669420000,10269880000,28,168,196
6154570000,6402290000,12556860000,35,171,206
9393340000,1359880000,10753220000,20,149,169
2033640000,8649610000,10683250000,30,151,181
1671220000,8544390000,10215610000,24,155,179
5316820000,63190000,5380010000,26,135,161
6285210000,7551830000,13837040000,19,128,147
12741990000,3885690000,16627680000,30,147,177
2157610000,8519980000,10677590000,28,150,178
12403230000,46450000,12449680000,30,149,179
8749070000,4173310000,12922380000,22,129,151
4894010000,627010000,5521020000,35,114,149
9771390000,43220000,9814610000,33,142,175
4538860000,5913740000,10452600000,20,125,145
13103830000,7878650000,20982480000,24,155,179
5364760000,8462490000,13827250000,19,131,150
10203840000,4003380000,14207220000,41,145,186
5245140000,796840000,6041980000,16,140,156
3630840000,1684770000,5315610000,32,162,194
4205360000,8590630000,12795990000,28,129,157
7002970000,1545940000,8548910000,23,156,179
4540910000,5540550000,10081460000,30,147,177
8598270000,1615390000,10213660000,27,153,180
7821780000,1304570000,9126350000,23,163,186
10193260000,174180000,10367440000,28,125,153
10361440000,2561500000,12922940000,29,120,149
10820770000,3165540000,13986310000,19,124,143
4144670000,9677320000,13821990000,20,122,142
5073730000,5383370000,10457100000,34,130,164
6990990000,1829670000,8820660000,29,152,181
3684930000,9394230000,13079160000,17,138,155
4479020000,816550000,5295570000,14,133,147
4265760000,13144400000,17410160000,23,138,161
12744370000,2790680000,15535050000,24,91,115
7495650000,2328540000,9824190000,19,142,161
6143760000,7693630000,13837390000,37,133,170
2078680000,6623560000,8702240000,31,158,189
4951020000,7357970000,12308990000,13,128,141
5577110000,4488000000,10065110000,25,130,155
13823600000,34780000,13858380000,26,134,160
7010000000,2026040000,9036040000,28,113,141
5627960000,4709430000,10337390000,24,142,166
1965840000,2898220000,4864060000,25,143,168
9818070000,4110710000,13928780000,24,142,166
4965730000,9226070000,14191800000,15,133,148
1626440000,9051150000,10677590000,21,140,161
1906850000,1958340000,3865190000,26,139,165
11132280000,456540000,11588820000,30,157,187
7918030000,677480000,8595510000,35,100,135
4443890000,3633560000,8077450000,25,153,178
10309210000,63270000,10372480000,34,122,156
10780030000,8420000,10788450000,37,155,192
2220000000,6846140000,9066140000,31,141,172
8858180000,5410410000,14268590000,24,127,151
7535220000,3041610000,10576830000,17,145,162
3031100000,11162960000,14194060000,19,129,148
10733860000,3580120000,14313980000,21,152,173
4880000000,4641900000,9521900000,32,129,161
4246430000,1309650000,5556080000,46,92,138
2053360000,7182510000,9235870000,32,136,168
3173120000,6908270000,10081390000,26,156,182
2400430000,8376550000,10776980000,37,99,136
2272320000,4041020000,6313340000,18,115,133
3956310000,6751420000,10707730000,27,148,175
4020390000,9415460000,13435850000,31,111,142
5945610000,2247190000,8192800000,29,155,184
4175620000,1114940000,5290560000,18,142,160
2107430000,391300000,2498730000,34,122,156
4231350000,4669600000,8900950000,19,127,146
5696650000,8141220000,13837870000,26,131,157
3586950000,2171600000,5758550000,33,159,192
1288540000,4177360000,5465900000,38,140,178
10358290000,19310000,10377600000,43,129,172
22125340000,29539290000,51664630000,30,149,179
23947450000,19641960000,43589410000,52,118,170
23331150000,28455600000,51786750000,32,174,206
54569360000,58140000,54627500000,46,201,247
17949140000,42205470000,60154610000,42,137,179
24239280000,16129220000,40368500000,30,167,197
22438680000,24870130000,47308810000,44,143,187
33882310000,9625300000,43507610000,35,175,210
28587280000,20106230000,48693510000,30,158,188
35178270000,26226840000,61405110000,35,137,172
19471230000,38329090000,57800320000,30,149,179
15454810000,34162300000,49617110000,36,177,213
37189040000,780110000,37969150000,33,165,198
17137780000,25116680000,42254460000,43,164,207
23270720000,15117530000,38388250000,40,149,189
33343000000,8035240000,41378240000,31,169,200
37285960000,3262470000,40548430000,41,167,208
25195330000,13612230000,38807560000,47,139,186
48492120000,28710720000,77202840000,40,177,217
67917470000,13523340000,81440810000,38,151,189
20606880000,32474830000,53081710000,33,163,196
20887480000,31091150000,51978630000,43,197,240
24950020000,32412520000,57362540000,29,165,194
42186080000,808100000,42994180000,19,146,165
22173430000,27214210000,49387640000,27,157,184
37717000000,9450840000,47167840000,36,115,151
41821770000,679280000,42501050000,33,177,210
47766540000,11003050000,58769590000,53,113,166
32275440000,32964470000,65239910000,49,162,211
27589930000,25907580000,53497510000,47,110,157
71471140000,1363510000,72834650000,53,155,208
34165000000,22829120000,56994120000,37,174,211
13204060000,33011440000,46215500000,34,169,203
21123380000,26868770000,47992150000,37,179,216
41163260000,760650000,41923910000,32,162,194
14734430000,25367430000,40101860000,38,150,188
53492650000,868190000,54360840000,32,139,171
53749590000,702140000,54451730000,45,154,199
14751360000,38773790000,53525150000,30,172,202
53253990000,5607510000,58861500000,31,167,198
19345660000,20261220000,39606880000,53,138,191
6732620000,13227040000,19959660000,31,142,173
53766300000,12340190000,66106490000,43,179,222
52007820000,126930000,52134750000,34,172,206
24471750000,38813690000,63285440000,50,167,217
32031750000,22399990000,54431740000,36,180,216
25240920000,23616590000,48857510000,19,156,175
22270810000,31334560000,53605370000,38,159,197
47296790000,8759620000,56056410000,36,156,192
45375270000,3688600000,49063870000,31,146,177
51011130000,1392630000,52403760000,49,138,187
26930390000,5794800000,32725190000,38,185,223
63011500000,1759780000,64771280000,23,153,176
36134800000,19235360000,55370160000,22,157,179
41820680000,14536820000,56357500000,33,156,189
14594200000,24010960000,38605160000,27,166,193
17345030000,24029340000,41374370000,41,146,187
17858580000,21889590000,39748170000,32,172,204
50960910000,1361960000,52322870000,41,200,241
26529400000,20686980000,47216380000,23,157,180
38552090000,15718980000,54271070000,34,166,200
22586750000,12707640000,35294390000,45,128,173
37197950000,5039270000,42237220000,24,155,179
44962680000,1588010000,46550690000,33,165,198
14657600000,29221110000,43878710000,21,130,151
15429760000,24931670000,40361430000,33,165,198
44294970000,15141160000,59436130000,35,167,202
18781580000,20281870000,39063450000,41,131,172
36710110000,2276110000,38986220000,53,136,189
27460370000,28991030000,56451400000,40,183,223
29810890000,24960500000,54771390000,25,168,193
22161490000,35462890000,57624380000,50,157,207
21573680000,25691380000,47265060000,43,187,230
29368260000,21596970000,50965230000,33,111,144
14043750000,27978470000,42022220000,39,174,213
20011140000,30740180000,50751320000,23,158,181
53782140000,213950000,53996090000,41,179,220
14836170000,33816130000,48652300000,32,173,205
22708180000,33092380000,55800560000,26,163,189
31767330000,21814940000,53582270000,37,149,186
24752070000,19967130000,44719200000,28,168,196
38515570000,31978490000,70494060000,51,175,226
10571610000,48299070000,58870680000,37,173,210
8581300000,36906510000,45487810000,34,168,202
11723440000,33142910000,44866350000,42,128,170
15127610000,27495200000,42622810000,26,167,193
22928320000,17187230000,40115550000,44,154,198
30442680000,22415350000,52858030000,37,156,193
10181350000,43625390000,53806740000,45,193,238
28384210000,9100030000,37484240000,38,182,220
20830110000,12262900000,33093010000,47,169,216
29962070000,12725810000,42687880000,49,127,176
20213220000,28100990000,48314210000,36,168,204
36381630000,28659080000,65040710000,30,173,203
32685780000,25165520000,57851300000,35,176,211
23908470000,21177890000,45086360000,27,152,179
47396280000,10150330000,57546610000,39,147,186
22313730000,43015760000,65329490000,20,147,167
53798850000,152490000,53951340000,36,179,215
23638080000,23147710000,46785790000,31,176,207
21088690000,16243080000,37331770000,45,196,241
12214320000,30442140000,42656460000,42,140,182
51287550000,86310000,51373860000,39,136,175
42821370000,12024270000,54845640000,31,141,172
38161770000,752690000,38914460000,27,156,183
28303690000,11810950000,40114640000,28,160,188
27147630000,15504140000,42651770000,35,162,197
43829110000,26169550000,69998660000,45,110,155
14084230000,27298410000,41382640000,26,150,176
21403070000,12554910000,33957980000,29,163,192
32873940000,19493830000,52367770000,36,130,166
54943920000,9174820000,64118740000,42,184,226
138569200000,56785220000,195354420000,48,176,224
150803410000,20711130000,171514540000,42,201,243
184319600000,123245080000,307564680000,43,208,251
164408520000,63309700000,227718220000,38,184,222
207744560000,8443990000,216188550000,43,186,229
96011680000,93324420000,189336100000,54,149,203
98065860000,61345900000,159411760000,56,159,215
165198720000,22505540000,187704260000,35,174,209
113966480000,75077790000,189044270000,57,140,197
113004070000,32732110000,145736180000,62,174,236
253249000000,759940000,254008940000,36,180,216
56246210000,84632070000,140878280000,35,178,213
232724610000,185585100000,418309710000,41,188,229
187390120000,7848840000,195238960000,55,165,220
79354760000,133523260000,212878020000,51,208,259
71533210000,134659690000,206192900000,53,224,277
75045300000,94919480000,169964780000,53,214,267
76247000000,104848330000,181095330000,45,182,227
58428850000,65474840000,123903690000,42,181,223
105044040000,94318090000,199362130000,48,210,258
105457320000,69720290000,175177610000,51,170,221
256196560000,4269950000,260466510000,45,197,242
69279610000,136840450000,206120060000,52,169,221
70530800000,107529840000,178060640000,50,172,222
102425480000,137335910000,239761390000,52,179,231
146798820000,62441930000,209240750000,40,185,225
134599240000,107045920000,241645160000,35,180,215
96902040000,124956100000,221858140000,48,205,253
560684790000,89644080000,650328870000,56,223,279
813443120000,34291630000,847734750000,71,199,270
513893840000,514401350000,1028295190000,64,235,299
372981140000,352555380000,725536520000,71,198,269
463468810000,354528370000,817997180000,58,214,272
375267150000,416164690000,791431840000,58,239,297
692975750000,457907120000,1150882870000,70,194,264
3867582470000,2134399500000,6001981970000,115,302,417
